date,net_change,total_expand,expand_establish,open_establish,total_contract,contract_establish,end_establish,industry
9/30/92,42,746,566,180,704,548,156,Construction
12/31/92,18,727,559,168,709,551,158,Construction
3/31/93,-43,665,507,158,708,553,155,Construction
6/30/93,103,742,576,166,639,489,150,Construction
9/30/93,109,770,594,176,661,520,141,Construction
12/31/93,88,769,599,170,681,534,147,Construction
3/31/94,17,730,572,158,713,556,157,Construction
6/30/94,119,787,607,180,668,517,151,Construction
9/30/94,134,822,634,188,688,543,145,Construction
12/31/94,51,770,602,168,719,563,156,Construction
3/31/95,12,745,580,165,733,580,153,Construction
6/30/95,42,756,586,170,714,564,150,Construction
9/30/95,79,807,630,177,728,569,159,Construction
12/31/95,55,797,621,176,742,581,161,Construction
3/31/96,51,781,605,176,730,576,154,Construction
6/30/96,100,809,628,181,709,551,158,Construction
9/30/96,75,814,634,180,739,588,151,Construction
12/31/96,69,811,627,184,742,585,157,Construction
3/31/97,70,806,633,173,736,584,152,Construction
6/30/97,55,788,619,169,733,578,155,Construction
9/30/97,88,842,663,179,754,587,167,Construction
12/31/97,52,828,647,181,776,594,182,Construction
3/31/98,45,816,628,188,771,597,174,Construction
6/30/98,131,857,660,197,726,566,160,Construction
9/30/98,87,842,663,179,755,590,165,Construction
12/31/98,177,884,713,171,707,556,151,Construction
3/31/99,50,855,668,187,805,639,166,Construction
6/30/99,74,850,673,177,776,608,168,Construction
9/30/99,43,850,671,179,807,634,173,Construction
12/31/99,134,881,703,178,747,588,159,Construction
3/31/00,146,915,725,190,769,606,163,Construction
6/30/00,7,827,657,170,820,642,178,Construction
9/30/00,-7,845,665,180,852,665,187,Construction
12/31/00,35,841,667,174,806,641,165,Construction
3/31/01,115,906,709,197,791,614,177,Construction
6/30/01,-14,825,658,167,839,671,168,Construction
9/30/01,-84,786,623,163,870,691,179,Construction
12/31/01,-26,795,629,166,821,664,157,Construction
3/31/02,-17,823,647,176,840,670,170,Construction
6/30/02,-47,792,623,169,839,673,166,Construction
9/30/02,-18,792,627,165,810,644,166,Construction
12/31/02,-7,787,618,169,794,634,160,Construction
3/31/03,-52,784,613,171,836,666,170,Construction
6/30/03,25,814,652,162,789,624,165,Construction
9/30/03,40,802,643,159,762,606,156,Construction
12/31/03,56,810,649,161,754,597,157,Construction
3/31/04,77,840,662,178,763,603,160,Construction
6/30/04,49,822,653,169,773,607,166,Construction
9/30/04,32,818,646,172,786,619,167,Construction
12/31/04,124,864,683,181,740,587,153,Construction
3/31/05,55,858,670,188,803,639,164,Construction
6/30/05,91,862,686,176,771,605,166,Construction
9/30/05,114,893,706,187,779,613,166,Construction
12/31/05,118,892,707,185,774,621,153,Construction
3/31/06,178,942,749,193,764,609,155,Construction
6/30/06,4,843,678,165,839,672,167,Construction
9/30/06,-77,803,638,165,880,710,170,Construction
12/31/06,2,841,670,171,839,680,159,Construction
3/31/07,49,883,706,177,834,668,166,Construction
6/30/07,-38,824,656,168,862,691,171,Construction
9/30/07,-117,778,615,163,895,724,171,Construction
12/31/07,-71,804,643,161,875,703,172,Construction
3/31/08,-108,774,616,158,882,707,175,Construction
6/30/08,-186,747,592,155,933,742,191,Construction
9/30/08,-187,713,562,151,900,717,183,Construction
12/31/08,-325,652,509,143,977,777,200,Construction
3/31/09,-429,574,442,132,1003,807,196,Construction
6/30/09,-326,621,478,143,947,760,187,Construction
9/30/09,-204,618,481,137,822,639,183,Construction
12/31/09,-146,623,473,150,769,604,165,Construction
3/31/10,-129,610,474,136,739,577,162,Construction
6/30/10,5,685,534,151,680,533,147,Construction
9/30/10,0,662,519,143,662,512,150,Construction
12/31/10,-50,646,502,144,696,540,156,Construction
3/31/11,-23,627,496,131,650,506,144,Construction
6/30/11,41,674,530,144,633,493,140,Construction
9/30/11,78,700,553,147,622,490,132,Construction
12/31/11,-24,637,498,139,661,515,146,Construction
3/31/12,50,674,540,134,624,491,133,Construction
6/30/12,7,645,512,133,638,509,129,Construction
9/30/12,38,655,519,136,617,485,132,Construction
12/31/12,68,673,536,137,605,475,130,Construction
3/31/13,74,682,551,131,608,481,127,Construction
6/30/13,50,669,535,134,619,496,123,Construction
9/30/13,81,672,535,137,591,475,116,Construction
12/31/13,16,656,526,130,640,513,127,Construction
3/31/14,88,679,554,125,591,471,120,Construction
6/30/14,93,697,564,133,604,484,120,Construction
9/30/14,79,666,544,122,587,475,112,Construction
12/31/14,61,668,545,123,607,486,121,Construction
3/31/15,38,662,536,126,624,508,116,Construction
6/30/15,99,699,573,126,600,485,115,Construction
9/30/15,50,654,536,118,604,490,114,Construction
12/31/15,114,704,574,130,590,475,115,Construction
3/31/16,55,675,552,123,620,508,112,Construction
6/30/16,10,660,543,117,650,524,126,Construction
9/30/16,48,668,534,134,620,506,114,Construction
12/31/16,16,653,532,121,637,517,120,Construction
3/31/17,128,717,587,130,589,479,110,Construction
6/30/17,45,686,563,123,641,525,116,Construction
9/30/17,-41,622,504,118,663,541,122,Construction
12/31/17,111,719,582,137,608,491,117,Construction
3/31/18,132,716,590,126,584,476,108,Construction
9/30/92,56,1976,1591,385,1920,1566,354,Goods-producing
12/31/92,-45,1878,1530,348,1923,1560,363,Goods-producing
3/31/93,-16,1873,1486,387,1889,1521,368,Goods-producing
6/30/93,91,1891,1537,354,1800,1462,338,Goods-producing
9/30/93,183,2015,1647,368,1832,1498,334,Goods-producing
12/31/93,140,1972,1615,357,1832,1500,332,Goods-producing
3/31/94,36,1889,1542,347,1853,1503,350,Goods-producing
6/30/94,257,2039,1652,387,1782,1427,355,Goods-producing
9/30/94,317,2106,1727,379,1789,1473,316,Goods-producing
12/31/94,129,1982,1639,343,1853,1506,347,Goods-producing
3/31/95,111,1975,1613,362,1864,1534,330,Goods-producing
6/30/95,-21,1911,1538,373,1932,1586,346,Goods-producing
9/30/95,144,2063,1691,372,1919,1558,361,Goods-producing
12/31/95,58,1999,1634,365,1941,1582,359,Goods-producing
3/31/96,12,1966,1589,377,1954,1612,342,Goods-producing
6/30/96,111,1989,1616,373,1878,1537,341,Goods-producing
9/30/96,116,2024,1652,372,1908,1566,342,Goods-producing
12/31/96,134,2016,1653,363,1882,1529,353,Goods-producing
3/31/97,152,2032,1659,373,1880,1534,346,Goods-producing
6/30/97,90,1980,1605,375,1890,1539,351,Goods-producing
9/30/97,171,2118,1720,398,1947,1554,393,Goods-producing
12/31/97,169,2111,1700,411,1942,1519,423,Goods-producing
3/31/98,141,2087,1646,441,1946,1551,395,Goods-producing
6/30/98,60,2026,1596,430,1966,1586,380,Goods-producing
9/30/98,54,1998,1632,366,1944,1593,351,Goods-producing
12/31/98,104,1994,1679,315,1890,1551,339,Goods-producing
3/31/99,-101,1994,1613,381,2095,1697,398,Goods-producing
6/30/99,-25,1961,1585,376,1986,1621,365,Goods-producing
9/30/99,48,2029,1658,371,1981,1606,375,Goods-producing
12/31/99,181,2038,1679,359,1857,1514,343,Goods-producing
3/31/00,190,2099,1716,383,1909,1545,364,Goods-producing
6/30/00,-41,1926,1599,327,1967,1607,360,Goods-producing
9/30/00,-131,1936,1595,341,2067,1684,383,Goods-producing
12/31/00,-34,1925,1607,318,1959,1611,348,Goods-producing
3/31/01,-140,1943,1591,352,2083,1711,372,Goods-producing
6/30/01,-499,1741,1437,304,2240,1885,355,Goods-producing
9/30/01,-473,1711,1396,315,2184,1809,375,Goods-producing
12/31/01,-445,1671,1363,308,2116,1763,353,Goods-producing
3/31/02,-250,1773,1457,316,2023,1663,360,Goods-producing
6/30/02,-238,1717,1401,316,1955,1604,351,Goods-producing
9/30/02,-179,1685,1388,297,1864,1531,333,Goods-producing
12/31/02,-210,1645,1352,293,1855,1530,325,Goods-producing
3/31/03,-232,1698,1391,307,1930,1578,352,Goods-producing
6/30/03,-221,1637,1351,286,1858,1535,323,Goods-producing
9/30/03,-104,1640,1358,282,1744,1445,299,Goods-producing
12/31/03,7,1674,1394,280,1667,1374,293,Goods-producing
3/31/04,116,1783,1489,294,1667,1361,306,Goods-producing
6/30/04,54,1698,1423,275,1644,1337,307,Goods-producing
9/30/04,16,1695,1408,287,1679,1366,313,Goods-producing
12/31/04,124,1737,1442,295,1613,1322,291,Goods-producing
3/31/05,78,1753,1450,303,1675,1364,311,Goods-producing
6/30/05,27,1695,1418,277,1668,1381,287,Goods-producing
9/30/05,78,1733,1442,291,1655,1367,288,Goods-producing
12/31/05,163,1763,1474,289,1600,1336,264,Goods-producing
3/31/06,191,1773,1484,289,1582,1324,258,Goods-producing
6/30/06,13,1682,1420,262,1669,1394,275,Goods-producing
9/30/06,-164,1593,1336,257,1757,1476,281,Goods-producing
12/31/06,-44,1662,1395,267,1706,1442,264,Goods-producing
3/31/07,-16,1698,1427,271,1714,1442,272,Goods-producing
6/30/07,-89,1627,1372,255,1716,1436,280,Goods-producing
9/30/07,-227,1516,1264,252,1743,1468,275,Goods-producing
12/31/07,-97,1601,1350,251,1698,1422,276,Goods-producing
3/31/08,-241,1535,1282,253,1776,1493,283,Goods-producing
6/30/08,-297,1505,1262,243,1802,1502,300,Goods-producing
9/30/08,-378,1429,1196,233,1807,1523,284,Goods-producing
12/31/08,-734,1327,1098,229,2061,1752,309,Goods-producing
3/31/09,-1215,1105,901,204,2320,2015,305,Goods-producing
6/30/09,-891,1268,1041,227,2159,1858,301,Goods-producing
9/30/09,-332,1352,1138,214,1684,1390,294,Goods-producing
12/31/09,-248,1327,1089,238,1575,1309,266,Goods-producing
3/31/10,-177,1306,1094,212,1483,1223,260,Goods-producing
6/30/10,153,1468,1233,235,1315,1085,230,Goods-producing
9/30/10,49,1385,1165,220,1336,1094,242,Goods-producing
12/31/10,-20,1380,1146,234,1400,1154,246,Goods-producing
3/31/11,32,1327,1120,207,1295,1070,225,Goods-producing
6/30/11,142,1412,1186,226,1270,1036,234,Goods-producing
9/30/11,203,1477,1242,235,1274,1062,212,Goods-producing
12/31/11,21,1369,1145,224,1348,1120,228,Goods-producing
3/31/12,144,1405,1192,213,1261,1048,213,Goods-producing
6/30/12,97,1395,1180,215,1298,1083,215,Goods-producing
9/30/12,47,1353,1138,215,1306,1093,213,Goods-producing
12/31/12,52,1367,1150,217,1315,1098,217,Goods-producing
3/31/13,121,1364,1155,209,1243,1034,209,Goods-producing
6/30/13,100,1377,1163,214,1277,1069,208,Goods-producing
9/30/13,86,1346,1129,217,1260,1063,197,Goods-producing
12/31/13,45,1359,1153,206,1314,1104,210,Goods-producing
3/31/14,153,1371,1172,199,1218,1023,195,Goods-producing
6/30/14,168,1415,1211,204,1247,1042,205,Goods-producing
9/30/14,130,1363,1163,200,1233,1045,188,Goods-producing
12/31/14,119,1391,1193,198,1272,1073,199,Goods-producing
3/31/15,20,1337,1142,195,1317,1125,192,Goods-producing
6/30/15,63,1395,1199,196,1332,1138,194,Goods-producing
9/30/15,-11,1297,1109,188,1308,1114,194,Goods-producing
12/31/15,50,1367,1163,204,1317,1120,197,Goods-producing
3/31/16,13,1318,1125,193,1305,1116,189,Goods-producing
6/30/16,-45,1334,1147,187,1379,1171,208,Goods-producing
9/30/16,12,1317,1110,207,1305,1111,194,Goods-producing
12/31/16,18,1317,1124,193,1299,1103,196,Goods-producing
3/31/17,205,1414,1214,200,1209,1020,189,Goods-producing
6/30/17,105,1400,1205,195,1295,1094,201,Goods-producing
9/30/17,-60,1271,1083,188,1331,1129,202,Goods-producing
12/31/17,202,1435,1226,209,1233,1039,194,Goods-producing
3/31/18,216,1390,1200,190,1174,997,177,Goods-producing
9/30/92,18,866,732,134,848,716,132,Manufacturing
12/31/92,-67,812,699,113,879,742,137,Manufacturing
3/31/93,20,880,722,158,860,707,153,Manufacturing
6/30/93,-19,810,694,116,829,698,131,Manufacturing
9/30/93,68,870,752,118,802,678,124,Manufacturing
12/31/93,26,842,724,118,816,697,119,Manufacturing
3/31/94,19,831,706,125,812,674,138,Manufacturing
6/30/94,137,903,763,140,766,619,147,Manufacturing
9/30/94,184,918,798,120,734,632,102,Manufacturing
12/31/94,83,873,760,113,790,668,122,Manufacturing
3/31/95,94,886,754,132,792,674,118,Manufacturing
6/30/95,-35,817,686,131,852,730,122,Manufacturing
9/30/95,18,871,747,124,853,716,137,Manufacturing
12/31/95,6,851,728,123,845,720,125,Manufacturing
3/31/96,-39,839,709,130,878,750,128,Manufacturing
6/30/96,3,836,714,122,833,715,118,Manufacturing
9/30/96,35,849,727,122,814,687,127,Manufacturing
12/31/96,53,849,740,109,796,669,127,Manufacturing
3/31/97,53,857,730,127,804,674,130,Manufacturing
6/30/97,47,856,715,141,809,677,132,Manufacturing
9/30/97,66,906,765,141,840,685,155,Manufacturing
12/31/97,121,942,774,168,821,652,169,Manufacturing
3/31/98,92,920,744,176,828,670,158,Manufacturing
6/30/98,-60,831,677,154,891,737,154,Manufacturing
9/30/98,-41,813,691,122,854,724,130,Manufacturing
12/31/98,-61,789,696,93,850,724,126,Manufacturing
3/31/99,-95,830,696,134,925,755,170,Manufacturing
6/30/99,-77,793,658,135,870,737,133,Manufacturing
9/30/99,-1,837,710,127,838,702,136,Manufacturing
12/31/99,49,838,720,118,789,663,126,Manufacturing
3/31/00,18,835,706,129,817,674,143,Manufacturing
6/30/00,-51,780,682,98,831,704,127,Manufacturing
9/30/00,-131,752,655,97,883,751,132,Manufacturing
12/31/00,-60,775,683,92,835,711,124,Manufacturing
3/31/01,-248,722,623,99,970,832,138,Manufacturing
6/30/01,-489,605,524,81,1094,961,133,Manufacturing
9/30/01,-382,619,526,93,1001,862,139,Manufacturing
12/31/01,-405,579,489,90,984,842,142,Manufacturing
3/31/02,-220,648,562,86,868,734,134,Manufacturing
6/30/02,-173,632,540,92,805,675,130,Manufacturing
9/30/02,-162,597,516,81,759,645,114,Manufacturing
12/31/02,-198,568,495,73,766,655,111,Manufacturing
3/31/03,-191,603,524,79,794,668,126,Manufacturing
6/30/03,-246,527,454,73,773,667,106,Manufacturing
9/30/03,-129,555,482,73,684,589,95,Manufacturing
12/31/03,-57,574,508,66,631,541,90,Manufacturing
3/31/04,12,633,563,70,621,523,98,Manufacturing
6/30/04,9,595,530,65,586,493,93,Manufacturing
9/30/04,3,598,527,71,595,497,98,Manufacturing
12/31/04,-26,577,511,66,603,506,97,Manufacturing
3/31/05,-16,578,517,61,594,497,97,Manufacturing
6/30/05,-61,551,491,60,612,530,82,Manufacturing
9/30/05,-34,569,506,63,603,523,80,Manufacturing
12/31/05,25,587,528,59,562,490,72,Manufacturing
3/31/06,4,544,492,52,540,478,62,Manufacturing
6/30/06,-13,549,495,54,562,491,71,Manufacturing
9/30/06,-91,517,465,52,608,538,70,Manufacturing
12/31/06,-72,532,479,53,604,536,68,Manufacturing
3/31/07,-64,525,474,51,589,524,65,Manufacturing
6/30/07,-65,514,467,47,579,510,69,Manufacturing
9/30/07,-96,473,423,50,569,507,62,Manufacturing
12/31/07,-60,504,456,48,564,498,66,Manufacturing
3/31/08,-121,478,426,52,599,533,66,Manufacturing
6/30/08,-123,473,425,48,596,528,68,Manufacturing
9/30/08,-211,433,389,44,644,579,65,Manufacturing
12/31/08,-415,385,340,45,800,726,74,Manufacturing
3/31/09,-669,299,263,36,968,901,67,Manufacturing
6/30/09,-545,364,321,43,909,835,74,Manufacturing
9/30/09,-96,475,434,41,571,498,73,Manufacturing
12/31/09,-102,416,370,46,518,456,62,Manufacturing
3/31/10,-50,420,382,38,470,410,60,Manufacturing
6/30/10,77,477,436,41,400,350,50,Manufacturing
9/30/10,49,452,411,41,403,349,54,Manufacturing
12/31/10,19,447,402,45,428,375,53,Manufacturing
3/31/11,58,436,398,38,378,332,46,Manufacturing
6/30/11,72,454,413,41,382,332,50,Manufacturing
9/30/11,60,468,425,43,408,359,49,Manufacturing
12/31/11,13,432,393,39,419,371,48,Manufacturing
3/31/12,73,441,402,39,368,326,42,Manufacturing
6/30/12,79,449,410,39,370,325,45,Manufacturing
9/30/12,9,418,380,38,409,364,45,Manufacturing
12/31/12,-9,414,375,39,423,374,49,Manufacturing
3/31/13,26,405,368,37,379,335,44,Manufacturing
6/30/13,32,419,379,40,387,339,48,Manufacturing
9/30/13,10,410,370,40,400,354,46,Manufacturing
12/31/13,27,422,383,39,395,349,46,Manufacturing
3/31/14,31,403,366,37,372,331,41,Manufacturing
6/30/14,63,435,399,36,372,324,48,Manufacturing
9/30/14,18,410,370,40,392,349,43,Manufacturing
12/31/14,63,442,404,38,379,336,43,Manufacturing
3/31/15,-2,391,357,34,393,351,42,Manufacturing
6/30/15,30,431,395,36,401,358,43,Manufacturing
9/30/15,-19,396,360,36,415,371,44,Manufacturing
12/31/15,-12,414,374,40,426,380,46,Manufacturing
3/31/16,-22,385,350,35,407,364,43,Manufacturing
6/30/16,-22,412,374,38,434,385,49,Manufacturing
9/30/16,-27,401,360,41,428,380,48,Manufacturing
12/31/16,19,412,372,40,393,348,45,Manufacturing
3/31/17,25,407,373,34,382,338,44,Manufacturing
6/30/17,53,444,405,39,391,344,47,Manufacturing
9/30/17,-29,396,359,37,425,376,49,Manufacturing
12/31/17,93,460,421,39,367,321,46,Manufacturing
3/31/18,66,420,386,34,354,315,39,Manufacturing
9/30/92,-4,364,293,71,368,302,66,Natural resources and mining
12/31/92,4,339,272,67,335,267,68,Natural resources and mining
3/31/93,7,328,257,71,321,261,60,Natural resources and mining
6/30/93,7,339,267,72,332,275,57,Natural resources and mining
9/30/93,6,375,301,74,369,300,69,Natural resources and mining
12/31/93,26,361,292,69,335,269,66,Natural resources and mining
3/31/94,0,328,264,64,328,273,55,Natural resources and mining
6/30/94,1,349,282,67,348,291,57,Natural resources and mining
9/30/94,-1,366,295,71,367,298,69,Natural resources and mining
12/31/94,-5,339,277,62,344,275,69,Natural resources and mining
3/31/95,5,344,279,65,339,280,59,Natural resources and mining
6/30/95,-28,338,266,72,366,292,74,Natural resources and mining
9/30/95,47,385,314,71,338,273,65,Natural resources and mining
12/31/95,-3,351,285,66,354,281,73,Natural resources and mining
3/31/96,0,346,275,71,346,286,60,Natural resources and mining
6/30/96,8,344,274,70,336,271,65,Natural resources and mining
9/30/96,6,361,291,70,355,291,64,Natural resources and mining
12/31/96,12,356,286,70,344,275,69,Natural resources and mining
3/31/97,29,369,296,73,340,276,64,Natural resources and mining
6/30/97,-12,336,271,65,348,284,64,Natural resources and mining
9/30/97,17,370,292,78,353,282,71,Natural resources and mining
12/31/97,-4,341,279,62,345,273,72,Natural resources and mining
3/31/98,4,351,274,77,347,284,63,Natural resources and mining
6/30/98,-11,338,259,79,349,283,66,Natural resources and mining
9/30/98,8,343,278,65,335,279,56,Natural resources and mining
12/31/98,-12,321,270,51,333,271,62,Natural resources and mining
3/31/99,-56,309,249,60,365,303,62,Natural resources and mining
6/30/99,-22,318,254,64,340,276,64,Natural resources and mining
9/30/99,6,342,277,65,336,270,66,Natural resources and mining
12/31/99,-2,319,256,63,321,263,58,Natural resources and mining
3/31/00,26,349,285,64,323,265,58,Natural resources and mining
6/30/00,3,319,260,59,316,261,55,Natural resources and mining
9/30/00,7,339,275,64,332,268,64,Natural resources and mining
12/31/00,-9,309,257,52,318,259,59,Natural resources and mining
3/31/01,-7,315,259,56,322,265,57,Natural resources and mining
6/30/01,4,311,255,56,307,253,54,Natural resources and mining
9/30/01,-7,306,247,59,313,256,57,Natural resources and mining
12/31/01,-14,297,245,52,311,257,54,Natural resources and mining
3/31/02,-13,302,248,54,315,259,56,Natural resources and mining
6/30/02,-18,293,238,55,311,256,55,Natural resources and mining
9/30/02,1,296,245,51,295,242,53,Natural resources and mining
12/31/02,-5,290,239,51,295,241,54,Natural resources and mining
3/31/03,11,311,254,57,300,244,56,Natural resources and mining
6/30/03,0,296,245,51,296,244,52,Natural resources and mining
9/30/03,-15,283,233,50,298,250,48,Natural resources and mining
12/31/03,8,290,237,53,282,236,46,Natural resources and mining
3/31/04,27,310,264,46,283,235,48,Natural resources and mining
6/30/04,-4,281,240,41,285,237,48,Natural resources and mining
9/30/04,-19,279,235,44,298,250,48,Natural resources and mining
12/31/04,26,296,248,48,270,229,41,Natural resources and mining
3/31/05,39,317,263,54,278,228,50,Natural resources and mining
6/30/05,-3,282,241,41,285,246,39,Natural resources and mining
9/30/05,-2,271,230,41,273,231,42,Natural resources and mining
12/31/05,20,284,239,45,264,225,39,Natural resources and mining
3/31/06,9,287,243,44,278,237,41,Natural resources and mining
6/30/06,22,290,247,43,268,231,37,Natural resources and mining
9/30/06,4,273,233,40,269,228,41,Natural resources and mining
12/31/06,26,289,246,43,263,226,37,Natural resources and mining
3/31/07,-1,290,247,43,291,250,41,Natural resources and mining
6/30/07,14,289,249,40,275,235,40,Natural resources and mining
9/30/07,-14,265,226,39,279,237,42,Natural resources and mining
12/31/07,34,293,251,42,259,221,38,Natural resources and mining
3/31/08,-12,283,240,43,295,253,42,Natural resources and mining
6/30/08,12,285,245,40,273,232,41,Natural resources and mining
9/30/08,20,283,245,38,263,227,36,Natural resources and mining
12/31/08,6,290,249,41,284,249,35,Natural resources and mining
3/31/09,-117,232,196,36,349,307,42,Natural resources and mining
6/30/09,-20,283,242,41,303,263,40,Natural resources and mining
9/30/09,-32,259,223,36,291,253,38,Natural resources and mining
12/31/09,0,288,246,42,288,249,39,Natural resources and mining
3/31/10,2,276,238,38,274,236,38,Natural resources and mining
6/30/10,71,306,263,43,235,202,33,Natural resources and mining
9/30/10,0,271,235,36,271,233,38,Natural resources and mining
12/31/10,11,287,242,45,276,239,37,Natural resources and mining
3/31/11,-3,264,226,38,267,232,35,Natural resources and mining
6/30/11,29,284,243,41,255,211,44,Natural resources and mining
9/30/11,65,309,264,45,244,213,31,Natural resources and mining
12/31/11,32,300,254,46,268,234,34,Natural resources and mining
3/31/12,21,290,250,40,269,231,38,Natural resources and mining
6/30/12,11,301,258,43,290,249,41,Natural resources and mining
9/30/12,0,280,239,41,280,244,36,Natural resources and mining
12/31/12,-7,280,239,41,287,249,38,Natural resources and mining
3/31/13,21,277,236,41,256,218,38,Natural resources and mining
6/30/13,18,289,249,40,271,234,37,Natural resources and mining
9/30/13,-5,264,224,40,269,234,35,Natural resources and mining
12/31/13,2,281,244,37,279,242,37,Natural resources and mining
3/31/14,34,289,252,37,255,221,34,Natural resources and mining
6/30/14,12,283,248,35,271,234,37,Natural resources and mining
9/30/14,33,287,249,38,254,221,33,Natural resources and mining
12/31/14,-5,281,244,37,286,251,35,Natural resources and mining
3/31/15,-16,284,249,35,300,266,34,Natural resources and mining
6/30/15,-66,265,231,34,331,295,36,Natural resources and mining
9/30/15,-42,247,213,34,289,253,36,Natural resources and mining
12/31/15,-52,249,215,34,301,265,36,Natural resources and mining
3/31/16,-20,258,223,35,278,244,34,Natural resources and mining
6/30/16,-33,262,230,32,295,262,33,Natural resources and mining
9/30/16,-9,248,216,32,257,225,32,Natural resources and mining
12/31/16,-17,252,220,32,269,238,31,Natural resources and mining
3/31/17,52,290,254,36,238,203,35,Natural resources and mining
6/30/17,7,270,237,33,263,225,38,Natural resources and mining
9/30/17,10,253,220,33,243,212,31,Natural resources and mining
12/31/17,-2,256,223,33,258,227,31,Natural resources and mining
3/31/18,18,254,224,30,236,206,30,Natural resources and mining
9/30/92,84,1070,855,215,986,796,190,Retail trade
12/31/92,-9,1020,800,220,1029,859,170,Retail trade
3/31/93,49,1095,820,275,1046,817,229,Retail trade
6/30/93,69,1064,858,206,995,819,176,Retail trade
9/30/93,165,1116,909,207,951,783,168,Retail trade
12/31/93,66,1074,850,224,1008,843,165,Retail trade
3/31/94,106,1127,918,209,1021,829,192,Retail trade
6/30/94,110,1133,915,218,1023,833,190,Retail trade
9/30/94,256,1202,982,220,946,788,158,Retail trade
12/31/94,72,1111,888,223,1039,864,175,Retail trade
3/31/95,93,1163,933,230,1070,895,175,Retail trade
6/30/95,13,1107,890,217,1094,907,187,Retail trade
9/30/95,188,1182,983,199,994,820,174,Retail trade
12/31/95,4,1110,884,226,1106,924,182,Retail trade
3/31/96,84,1184,936,248,1100,895,205,Retail trade
6/30/96,43,1143,928,215,1100,919,181,Retail trade
9/30/96,108,1164,962,202,1056,864,192,Retail trade
12/31/96,87,1175,934,241,1088,912,176,Retail trade
3/31/97,72,1191,924,267,1119,909,210,Retail trade
6/30/97,-15,1092,880,212,1107,941,166,Retail trade
9/30/97,136,1198,1000,198,1062,859,203,Retail trade
12/31/97,56,1209,959,250,1153,938,215,Retail trade
3/31/98,26,1181,928,253,1155,939,216,Retail trade
6/30/98,46,1192,935,257,1146,949,197,Retail trade
9/30/98,146,1228,999,229,1082,885,197,Retail trade
12/31/98,92,1192,965,227,1100,907,193,Retail trade
3/31/99,93,1236,992,244,1143,924,219,Retail trade
6/30/99,42,1210,965,245,1168,948,220,Retail trade
9/30/99,132,1238,1000,238,1106,894,212,Retail trade
12/31/99,115,1229,983,246,1114,914,200,Retail trade
3/31/00,116,1268,1020,248,1152,947,205,Retail trade
6/30/00,29,1168,955,213,1139,950,189,Retail trade
9/30/00,31,1184,968,216,1153,953,200,Retail trade
12/31/00,57,1195,983,212,1138,951,187,Retail trade
3/31/01,-17,1187,979,208,1204,1001,203,Retail trade
6/30/01,-130,1102,893,209,1232,1022,210,Retail trade
9/30/01,-108,1083,882,201,1191,981,210,Retail trade
12/31/01,-90,1061,852,209,1151,966,185,Retail trade
3/31/02,74,1142,920,222,1068,894,174,Retail trade
6/30/02,7,1093,883,210,1086,910,176,Retail trade
9/30/02,-1,1065,857,208,1066,903,163,Retail trade
12/31/02,-50,1047,868,179,1097,919,178,Retail trade
3/31/03,-86,987,809,178,1073,911,162,Retail trade
6/30/03,31,1032,861,171,1001,838,163,Retail trade
9/30/03,98,1045,872,173,947,805,142,Retail trade
12/31/03,39,1065,878,187,1026,869,157,Retail trade
3/31/04,77,1097,908,189,1020,861,159,Retail trade
6/30/04,85,1055,871,184,970,817,153,Retail trade
9/30/04,-28,1059,855,204,1087,899,188,Retail trade
12/31/04,99,1080,891,189,981,827,154,Retail trade
3/31/05,60,1052,875,177,992,847,145,Retail trade
6/30/05,43,1046,868,178,1003,856,147,Retail trade
9/30/05,79,1107,918,189,1028,860,168,Retail trade
12/31/05,36,1071,879,192,1035,887,148,Retail trade
3/31/06,98,1090,922,168,992,843,149,Retail trade
6/30/06,-61,1059,866,193,1120,961,159,Retail trade
9/30/06,-14,1052,867,185,1066,902,164,Retail trade
12/31/06,76,1087,892,195,1011,866,145,Retail trade
3/31/07,151,1132,965,167,981,834,147,Retail trade
6/30/07,-41,1024,862,162,1065,927,138,Retail trade
9/30/07,-24,1024,835,189,1048,909,139,Retail trade
12/31/07,7,1031,865,166,1024,885,139,Retail trade
3/31/08,-1,989,826,163,990,855,135,Retail trade
6/30/08,-181,938,775,163,1119,971,148,Retail trade
9/30/08,-147,913,749,164,1060,916,144,Retail trade
12/31/08,-359,840,699,141,1199,1043,156,Retail trade
3/31/09,-254,774,636,138,1028,841,187,Retail trade
6/30/09,-83,868,726,142,951,809,142,Retail trade
9/30/09,-81,848,712,136,929,787,142,Retail trade
12/31/09,-126,818,698,120,944,817,127,Retail trade
3/31/10,6,814,694,120,808,691,117,Retail trade
6/30/10,107,896,761,135,789,684,105,Retail trade
9/30/10,-70,811,679,132,881,767,114,Retail trade
12/31/10,77,898,761,137,821,702,119,Retail trade
3/31/11,8,826,707,119,818,705,113,Retail trade
6/30/11,115,904,769,135,789,668,121,Retail trade
9/30/11,34,893,750,143,859,749,110,Retail trade
12/31/11,78,903,775,128,825,701,124,Retail trade
3/31/12,58,905,775,130,847,741,106,Retail trade
6/30/12,71,897,756,141,826,723,103,Retail trade
9/30/12,-12,855,711,144,867,755,112,Retail trade
12/31/12,97,927,789,138,830,712,118,Retail trade
3/31/13,25,907,781,126,882,774,108,Retail trade
6/30/13,169,947,812,135,778,670,108,Retail trade
9/30/13,60,904,767,137,844,744,100,Retail trade
12/31/13,117,952,821,131,835,720,115,Retail trade
3/31/14,-14,877,755,122,891,786,105,Retail trade
6/30/14,136,971,836,135,835,721,114,Retail trade
9/30/14,2,904,774,130,902,791,111,Retail trade
12/31/14,114,955,831,124,841,727,114,Retail trade
3/31/15,32,916,789,127,884,770,114,Retail trade
6/30/15,163,998,867,131,835,722,113,Retail trade
9/30/15,-2,928,796,132,930,817,113,Retail trade
12/31/15,4,926,799,127,922,790,132,Retail trade
3/31/16,102,969,844,125,867,758,109,Retail trade
6/30/16,21,933,803,130,912,801,111,Retail trade
9/30/16,2,958,818,140,956,832,124,Retail trade
12/31/16,-28,895,777,118,923,803,120,Retail trade
3/31/17,55,945,817,128,890,782,108,Retail trade
6/30/17,-6,930,802,128,936,807,129,Retail trade
9/30/17,-95,891,764,127,986,860,126,Retail trade
12/31/17,9,907,793,114,898,783,115,Retail trade
3/31/18,71,919,811,108,848,748,100,Retail trade
9/30/92,603,5393,4140,1253,4790,3715,1075,Service-providing
12/31/92,123,5062,3893,1169,4939,3939,1000,Service-providing
3/31/93,406,5407,4025,1382,5001,3864,1137,Service-providing
6/30/93,573,5324,4178,1146,4751,3711,1040,Service-providing
9/30/93,847,5570,4325,1245,4723,3741,982,Service-providing
12/31/93,421,5355,4173,1182,4934,3923,1011,Service-providing
3/31/94,621,5655,4374,1281,5034,3919,1115,Service-providing
6/30/94,579,5606,4318,1288,5027,3904,1123,Service-providing
9/30/94,1035,5940,4598,1342,4905,3925,980,Service-providing
12/31/94,279,5502,4304,1198,5223,4148,1075,Service-providing
3/31/95,764,5990,4635,1355,5226,4140,1086,Service-providing
6/30/95,299,5691,4400,1291,5392,4277,1115,Service-providing
9/30/95,773,5966,4698,1268,5193,4054,1139,Service-providing
12/31/95,268,5774,4470,1304,5506,4360,1146,Service-providing
3/31/96,571,6159,4716,1443,5588,4379,1209,Service-providing
6/30/96,444,5998,4600,1398,5554,4387,1167,Service-providing
9/30/96,646,6194,4766,1428,5548,4345,1203,Service-providing
12/31/96,630,6138,4708,1430,5508,4364,1144,Service-providing
3/31/97,756,6379,4885,1494,5623,4378,1245,Service-providing
6/30/97,421,6020,4654,1366,5599,4416,1183,Service-providing
9/30/97,806,6451,5050,1401,5645,4341,1304,Service-providing
12/31/97,481,6439,4958,1481,5958,4525,1433,Service-providing
3/31/98,693,6770,5086,1684,6077,4555,1522,Service-providing
6/30/98,495,6561,4890,1671,6066,4660,1406,Service-providing
9/30/98,760,6563,5028,1535,5803,4468,1335,Service-providing
12/31/98,613,6427,5018,1409,5814,4493,1321,Service-providing
3/31/99,581,6805,5145,1660,6224,4726,1498,Service-providing
6/30/99,589,6522,5006,1516,5933,4608,1325,Service-providing
9/30/99,598,6596,5128,1468,5998,4613,1385,Service-providing
12/31/99,800,6678,5233,1445,5878,4580,1298,Service-providing
3/31/00,724,6905,5346,1559,6181,4827,1354,Service-providing
6/30/00,453,6513,5141,1372,6060,4797,1263,Service-providing
9/30/00,507,6630,5182,1448,6123,4761,1362,Service-providing
12/31/00,266,6420,5055,1365,6154,4845,1309,Service-providing
3/31/01,123,6716,5240,1476,6593,5034,1559,Service-providing
6/30/01,-366,6220,4818,1402,6586,5191,1395,Service-providing
9/30/01,-627,5957,4567,1390,6584,5144,1440,Service-providing
12/31/01,-571,5875,4534,1341,6446,5117,1329,Service-providing
3/31/02,329,6452,4931,1521,6123,4795,1328,Service-providing
6/30/02,128,6127,4699,1428,5999,4704,1295,Service-providing
9/30/02,89,5996,4674,1322,5907,4683,1224,Service-providing
12/31/02,-48,5841,4570,1271,5889,4665,1224,Service-providing
3/31/03,-69,5928,4626,1302,5997,4755,1242,Service-providing
6/30/03,57,5744,4534,1210,5687,4530,1157,Service-providing
9/30/03,343,5794,4584,1210,5451,4357,1094,Service-providing
12/31/03,277,5857,4598,1259,5580,4439,1141,Service-providing
3/31/04,441,6087,4808,1279,5646,4462,1184,Service-providing
6/30/04,499,6024,4764,1260,5525,4329,1196,Service-providing
9/30/04,242,5988,4674,1314,5746,4489,1257,Service-providing
12/31/04,611,6111,4785,1326,5500,4348,1152,Service-providing
3/31/05,397,6026,4772,1254,5629,4464,1165,Service-providing
6/30/05,489,6058,4765,1293,5569,4421,1148,Service-providing
9/30/05,658,6290,4970,1320,5632,4446,1186,Service-providing
12/31/05,304,6049,4765,1284,5745,4624,1121,Service-providing
3/31/06,705,6107,4899,1208,5402,4337,1065,Service-providing
6/30/06,329,6084,4808,1276,5755,4632,1123,Service-providing
9/30/06,256,5952,4740,1212,5696,4591,1105,Service-providing
12/31/06,475,6108,4831,1277,5633,4522,1111,Service-providing
3/31/07,600,6117,4904,1213,5517,4452,1065,Service-providing
6/30/07,221,6020,4833,1187,5799,4648,1151,Service-providing
9/30/07,18,5860,4606,1254,5842,4722,1120,Service-providing
12/31/07,365,6086,4831,1255,5721,4618,1103,Service-providing
3/31/08,42,5785,4578,1207,5743,4618,1125,Service-providing
6/30/08,-296,5776,4571,1205,6072,4861,1211,Service-providing
9/30/08,-535,5515,4339,1176,6050,4913,1137,Service-providing
12/31/08,-1104,5411,4247,1164,6515,5304,1211,Service-providing
3/31/09,-1465,4813,3774,1039,6278,5127,1151,Service-providing
6/30/09,-776,5157,4039,1118,5933,4816,1117,Service-providing
9/30/09,-517,5047,4001,1046,5564,4464,1100,Service-providing
12/31/09,-16,5338,4219,1119,5354,4296,1058,Service-providing
3/31/10,-70,5019,4014,1005,5089,4101,988,Service-providing
6/30/10,545,5527,4441,1086,4982,4005,977,Service-providing
9/30/10,188,5356,4273,1083,5168,4137,1031,Service-providing
12/31/10,586,5672,4493,1179,5086,4065,1021,Service-providing
3/31/11,302,5213,4202,1011,4911,3955,956,Service-providing
6/30/11,440,5554,4439,1115,5114,4079,1035,Service-providing
9/30/11,638,5728,4568,1160,5090,4110,980,Service-providing
12/31/11,314,5496,4358,1138,5182,4153,1029,Service-providing
3/31/12,804,5675,4554,1121,4871,3957,914,Service-providing
6/30/12,519,5656,4544,1112,5137,4183,954,Service-providing
9/30/12,205,5528,4433,1095,5323,4337,986,Service-providing
12/31/12,643,5743,4603,1140,5100,4127,973,Service-providing
3/31/13,437,5577,4550,1027,5140,4167,973,Service-providing
6/30/13,574,5775,4667,1108,5201,4202,999,Service-providing
9/30/13,421,5712,4590,1122,5291,4345,946,Service-providing
12/31/13,655,5896,4773,1123,5241,4249,992,Service-providing
3/31/14,280,5584,4515,1069,5304,4349,955,Service-providing
6/30/14,717,6039,4903,1136,5322,4308,1014,Service-providing
9/30/14,423,5878,4749,1129,5455,4459,996,Service-providing
12/31/14,941,6238,5063,1175,5297,4261,1036,Service-providing
3/31/15,201,5702,4587,1115,5501,4489,1012,Service-providing
6/30/15,769,6189,5040,1149,5420,4420,1000,Service-providing
9/30/15,456,6038,4866,1172,5582,4566,1016,Service-providing
12/31/15,937,6467,5209,1258,5530,4462,1068,Service-providing
3/31/16,240,5827,4735,1092,5587,4576,1011,Service-providing
6/30/16,339,6115,4929,1186,5776,4675,1101,Service-providing
9/30/16,702,6387,5133,1254,5685,4633,1052,Service-providing
12/31/16,350,6123,4902,1221,5773,4667,1106,Service-providing
3/31/17,453,6009,4874,1135,5556,4562,994,Service-providing
6/30/17,358,6224,5050,1174,5866,4795,1071,Service-providing
9/30/17,-33,6040,4876,1164,6073,4977,1096,Service-providing
12/31/17,777,6391,5157,1234,5614,4508,1106,Service-providing
3/31/18,524,6016,4871,1145,5492,4529,963,Service-providing
9/30/92,659,7369,5731,1638,6710,5281,1429,Total private
12/31/92,78,6940,5423,1517,6862,5499,1363,Total private
3/31/93,390,7280,5511,1769,6890,5385,1505,Total private
6/30/93,664,7215,5715,1500,6551,5173,1378,Total private
9/30/93,1030,7585,5972,1613,6555,5239,1316,Total private
12/31/93,561,7327,5788,1539,6766,5423,1343,Total private
3/31/94,657,7544,5916,1628,6887,5422,1465,Total private
6/30/94,836,7645,5970,1675,6809,5331,1478,Total private
9/30/94,1352,8046,6325,1721,6694,5398,1296,Total private
12/31/94,408,7484,5943,1541,7076,5654,1422,Total private
3/31/95,875,7965,6248,1717,7090,5674,1416,Total private
6/30/95,278,7602,5938,1664,7324,5863,1461,Total private
9/30/95,917,8029,6389,1640,7112,5612,1500,Total private
12/31/95,326,7773,6104,1669,7447,5942,1505,Total private
3/31/96,583,8125,6305,1820,7542,5991,1551,Total private
6/30/96,555,7987,6216,1771,7432,5924,1508,Total private
9/30/96,762,8218,6418,1800,7456,5911,1545,Total private
12/31/96,764,8154,6361,1793,7390,5893,1497,Total private
3/31/97,908,8411,6544,1867,7503,5912,1591,Total private
6/30/97,511,8000,6259,1741,7489,5955,1534,Total private
9/30/97,977,8569,6770,1799,7592,5895,1697,Total private
12/31/97,650,8550,6658,1892,7900,6044,1856,Total private
3/31/98,834,8857,6732,2125,8023,6106,1917,Total private
6/30/98,555,8587,6486,2101,8032,6246,1786,Total private
9/30/98,814,8561,6660,1901,7747,6061,1686,Total private
12/31/98,717,8421,6697,1724,7704,6044,1660,Total private
3/31/99,480,8799,6758,2041,8319,6423,1896,Total private
6/30/99,564,8483,6591,1892,7919,6229,1690,Total private
9/30/99,646,8625,6786,1839,7979,6219,1760,Total private
12/31/99,981,8716,6912,1804,7735,6094,1641,Total private
3/31/00,914,9004,7062,1942,8090,6372,1718,Total private
6/30/00,412,8439,6740,1699,8027,6404,1623,Total private
9/30/00,376,8566,6777,1789,8190,6445,1745,Total private
12/31/00,232,8345,6662,1683,8113,6456,1657,Total private
3/31/01,-17,8659,6831,1828,8676,6745,1931,Total private
6/30/01,-865,7961,6255,1706,8826,7076,1750,Total private
9/30/01,-1100,7668,5963,1705,8768,6953,1815,Total private
12/31/01,-1016,7546,5897,1649,8562,6880,1682,Total private
3/31/02,79,8225,6388,1837,8146,6458,1688,Total private
6/30/02,-110,7844,6100,1744,7954,6308,1646,Total private
9/30/02,-90,7681,6062,1619,7771,6214,1557,Total private
12/31/02,-258,7486,5922,1564,7744,6195,1549,Total private
3/31/03,-301,7626,6017,1609,7927,6333,1594,Total private
6/30/03,-164,7381,5885,1496,7545,6065,1480,Total private
9/30/03,239,7434,5942,1492,7195,5802,1393,Total private
12/31/03,284,7531,5992,1539,7247,5813,1434,Total private
3/31/04,557,7870,6297,1573,7313,5823,1490,Total private
6/30/04,553,7722,6187,1535,7169,5666,1503,Total private
9/30/04,258,7683,6082,1601,7425,5855,1570,Total private
12/31/04,735,7848,6227,1621,7113,5670,1443,Total private
3/31/05,475,7779,6222,1557,7304,5828,1476,Total private
6/30/05,516,7753,6183,1570,7237,5802,1435,Total private
9/30/05,736,8023,6412,1611,7287,5813,1474,Total private
12/31/05,467,7812,6239,1573,7345,5960,1385,Total private
3/31/06,896,7880,6383,1497,6984,5661,1323,Total private
6/30/06,342,7766,6228,1538,7424,6026,1398,Total private
9/30/06,92,7545,6076,1469,7453,6067,1386,Total private
12/31/06,431,7770,6226,1544,7339,5964,1375,Total private
3/31/07,584,7815,6331,1484,7231,5894,1337,Total private
6/30/07,132,7647,6205,1442,7515,6084,1431,Total private
9/30/07,-209,7376,5870,1506,7585,6190,1395,Total private
12/31/07,268,7687,6181,1506,7419,6040,1379,Total private
3/31/08,-199,7320,5860,1460,7519,6111,1408,Total private
6/30/08,-593,7281,5833,1448,7874,6363,1511,Total private
9/30/08,-913,6944,5535,1409,7857,6436,1421,Total private
12/31/08,-1838,6738,5345,1393,8576,7056,1520,Total private
3/31/09,-2680,5918,4675,1243,8598,7142,1456,Total private
6/30/09,-1667,6425,5080,1345,8092,6674,1418,Total private
9/30/09,-849,6399,5139,1260,7248,5854,1394,Total private
12/31/09,-264,6665,5308,1357,6929,5605,1324,Total private
3/31/10,-247,6325,5108,1217,6572,5324,1248,Total private
6/30/10,698,6995,5674,1321,6297,5090,1207,Total private
9/30/10,237,6741,5438,1303,6504,5231,1273,Total private
12/31/10,566,7052,5639,1413,6486,5219,1267,Total private
3/31/11,334,6540,5322,1218,6206,5025,1181,Total private
6/30/11,582,6966,5625,1341,6384,5115,1269,Total private
9/30/11,841,7205,5810,1395,6364,5172,1192,Total private
12/31/11,335,6865,5503,1362,6530,5273,1257,Total private
3/31/12,948,7080,5746,1334,6132,5005,1127,Total private
6/30/12,616,7051,5724,1327,6435,5266,1169,Total private
9/30/12,252,6881,5571,1310,6629,5430,1199,Total private
12/31/12,695,7110,5753,1357,6415,5225,1190,Total private
3/31/13,558,6941,5705,1236,6383,5201,1182,Total private
6/30/13,674,7152,5830,1322,6478,5271,1207,Total private
9/30/13,507,7058,5719,1339,6551,5408,1143,Total private
12/31/13,700,7255,5926,1329,6555,5353,1202,Total private
3/31/14,433,6955,5687,1268,6522,5372,1150,Total private
6/30/14,885,7454,6114,1340,6569,5350,1219,Total private
9/30/14,553,7241,5912,1329,6688,5504,1184,Total private
12/31/14,1060,7629,6256,1373,6569,5334,1235,Total private
3/31/15,221,7039,5729,1310,6818,5614,1204,Total private
6/30/15,832,7584,6239,1345,6752,5558,1194,Total private
9/30/15,445,7335,5975,1360,6890,5680,1210,Total private
12/31/15,987,7834,6372,1462,6847,5582,1265,Total private
3/31/16,253,7145,5860,1285,6892,5692,1200,Total private
6/30/16,294,7449,6076,1373,7155,5846,1309,Total private
9/30/16,714,7704,6243,1461,6990,5744,1246,Total private
12/31/16,368,7440,6026,1414,7072,5770,1302,Total private
3/31/17,658,7423,6088,1335,6765,5582,1183,Total private
6/30/17,463,7624,6255,1369,7161,5889,1272,Total private
9/30/17,-93,7311,5959,1352,7404,6106,1298,Total private
12/31/17,979,7826,6383,1443,6847,5547,1300,Total private
3/31/18,740,7406,6071,1335,6666,5526,1140,Total private
9/30/92,12,238,189,49,226,184,42,Transportation and warehousing
12/31/92,-9,219,173,46,228,186,42,Transportation and warehousing
3/31/93,31,239,188,51,208,163,45,Transportation and warehousing
6/30/93,44,247,206,41,203,162,41,Transportation and warehousing
9/30/93,35,257,202,55,222,181,41,Transportation and warehousing
12/31/93,17,237,193,44,220,183,37,Transportation and warehousing
3/31/94,56,276,229,47,220,171,49,Transportation and warehousing
6/30/94,67,275,225,50,208,163,45,Transportation and warehousing
9/30/94,45,271,223,48,226,184,42,Transportation and warehousing
12/31/94,16,250,202,48,234,190,44,Transportation and warehousing
3/31/95,64,284,233,51,220,177,43,Transportation and warehousing
6/30/95,7,256,210,46,249,200,49,Transportation and warehousing
9/30/95,32,278,223,55,246,195,51,Transportation and warehousing
12/31/95,13,260,213,47,247,198,49,Transportation and warehousing
3/31/96,42,280,226,54,238,186,52,Transportation and warehousing
6/30/96,11,265,217,48,254,202,52,Transportation and warehousing
9/30/96,16,270,219,51,254,202,52,Transportation and warehousing
12/31/96,11,259,202,57,248,203,45,Transportation and warehousing
3/31/97,58,287,235,52,229,179,50,Transportation and warehousing
6/30/97,26,267,224,43,241,194,47,Transportation and warehousing
9/30/97,19,276,222,54,257,204,53,Transportation and warehousing
12/31/97,10,266,208,58,256,200,56,Transportation and warehousing
3/31/98,60,307,247,60,247,183,64,Transportation and warehousing
6/30/98,40,287,227,60,247,192,55,Transportation and warehousing
9/30/98,61,303,251,52,242,192,50,Transportation and warehousing
12/31/98,-10,244,196,48,254,208,46,Transportation and warehousing
3/31/99,29,280,223,57,251,200,51,Transportation and warehousing
6/30/99,51,282,235,47,231,183,48,Transportation and warehousing
9/30/99,31,285,236,49,254,205,49,Transportation and warehousing
12/31/99,17,278,229,49,261,206,55,Transportation and warehousing
3/31/00,51,299,243,56,248,192,56,Transportation and warehousing
6/30/00,13,280,231,49,267,211,56,Transportation and warehousing
9/30/00,27,283,234,49,256,204,52,Transportation and warehousing
12/31/00,-8,254,206,48,262,211,51,Transportation and warehousing
3/31/01,13,282,229,53,269,208,61,Transportation and warehousing
6/30/01,-35,254,205,49,289,228,61,Transportation and warehousing
9/30/01,-57,246,194,52,303,241,62,Transportation and warehousing
12/31/01,-152,213,165,48,365,306,59,Transportation and warehousing
3/31/02,-1,259,210,49,260,202,58,Transportation and warehousing
6/30/02,2,258,211,47,256,205,51,Transportation and warehousing
9/30/02,1,255,208,47,254,205,49,Transportation and warehousing
12/31/02,-52,221,173,48,273,213,60,Transportation and warehousing
3/31/03,11,241,199,42,230,181,49,Transportation and warehousing
6/30/03,-46,229,186,43,275,229,46,Transportation and warehousing
9/30/03,-2,241,198,43,243,197,46,Transportation and warehousing
12/31/03,-28,212,174,38,240,194,46,Transportation and warehousing
3/31/04,43,257,214,43,214,168,46,Transportation and warehousing
6/30/04,18,247,207,40,229,188,41,Transportation and warehousing
9/30/04,12,247,203,44,235,191,44,Transportation and warehousing
12/31/04,17,237,193,44,220,177,43,Transportation and warehousing
3/31/05,35,259,216,43,224,172,52,Transportation and warehousing
6/30/05,-5,249,205,44,254,207,47,Transportation and warehousing
9/30/05,18,255,218,37,237,192,45,Transportation and warehousing
12/31/05,17,253,210,43,236,194,42,Transportation and warehousing
3/31/06,32,256,217,39,224,187,37,Transportation and warehousing
6/30/06,15,252,211,41,237,196,41,Transportation and warehousing
9/30/06,20,249,212,37,229,191,38,Transportation and warehousing
12/31/06,27,256,216,40,229,190,39,Transportation and warehousing
3/31/07,4,246,208,38,242,205,37,Transportation and warehousing
6/30/07,24,251,213,38,227,190,37,Transportation and warehousing
9/30/07,-9,229,193,36,238,199,39,Transportation and warehousing
12/31/07,13,248,210,38,235,195,40,Transportation and warehousing
3/31/08,-22,223,188,35,245,209,36,Transportation and warehousing
6/30/08,-29,234,198,36,263,218,45,Transportation and warehousing
9/30/08,-42,215,180,35,257,216,41,Transportation and warehousing
12/31/08,-61,231,197,34,292,248,44,Transportation and warehousing
3/31/09,-123,182,150,32,305,261,44,Transportation and warehousing
6/30/09,-107,189,153,36,296,250,46,Transportation and warehousing
9/30/09,-49,191,160,31,240,198,42,Transportation and warehousing
12/31/09,-9,216,181,35,225,187,38,Transportation and warehousing
3/31/10,-27,193,162,31,220,185,35,Transportation and warehousing
6/30/10,29,222,186,36,193,159,34,Transportation and warehousing
9/30/10,21,218,184,34,197,160,37,Transportation and warehousing
12/31/10,53,249,211,38,196,163,33,Transportation and warehousing
3/31/11,-5,214,179,35,219,185,34,Transportation and warehousing
6/30/11,26,226,191,35,200,163,37,Transportation and warehousing
9/30/11,35,234,195,39,199,166,33,Transportation and warehousing
12/31/11,31,238,202,36,207,171,36,Transportation and warehousing
3/31/12,11,220,186,34,209,178,31,Transportation and warehousing
6/30/12,22,226,191,35,204,170,34,Transportation and warehousing
9/30/12,13,224,191,33,211,177,34,Transportation and warehousing
12/31/12,39,255,221,34,216,178,38,Transportation and warehousing
3/31/13,-12,217,183,34,229,197,32,Transportation and warehousing
6/30/13,14,229,192,37,215,180,35,Transportation and warehousing
9/30/13,20,233,198,35,213,178,35,Transportation and warehousing
12/31/13,62,272,240,32,210,173,37,Transportation and warehousing
3/31/14,4,242,207,35,238,203,35,Transportation and warehousing
6/30/14,46,254,217,37,208,174,34,Transportation and warehousing
9/30/14,37,252,218,34,215,179,36,Transportation and warehousing
12/31/14,109,317,285,32,208,174,34,Transportation and warehousing
3/31/15,-30,238,205,33,268,237,31,Transportation and warehousing
6/30/15,36,266,230,36,230,198,32,Transportation and warehousing
9/30/15,38,268,231,37,230,194,36,Transportation and warehousing
12/31/15,104,334,297,37,230,191,39,Transportation and warehousing
3/31/16,-48,241,208,33,289,253,36,Transportation and warehousing
6/30/16,1,250,214,36,249,211,38,Transportation and warehousing
9/30/16,59,290,250,40,231,192,39,Transportation and warehousing
12/31/16,144,378,335,43,234,196,38,Transportation and warehousing
3/31/17,-69,252,220,32,321,287,34,Transportation and warehousing
6/30/17,17,271,234,37,254,216,38,Transportation and warehousing
9/30/17,75,307,266,41,232,195,37,Transportation and warehousing
12/31/17,159,390,343,47,231,190,41,Transportation and warehousing
3/31/18,-70,257,224,33,327,296,31,Transportation and warehousing
9/30/92,15,342,265,77,327,250,77,Wholesale trade
12/31/92,-3,327,251,76,330,258,72,Wholesale trade
3/31/93,10,333,256,77,323,247,76,Wholesale trade
6/30/93,16,319,255,64,303,234,69,Wholesale trade
9/30/93,37,343,269,74,306,244,62,Wholesale trade
12/31/93,20,335,267,68,315,249,66,Wholesale trade
3/31/94,15,338,270,68,323,253,70,Wholesale trade
6/30/94,27,339,271,68,312,238,74,Wholesale trade
9/30/94,76,371,295,76,295,232,63,Wholesale trade
12/31/94,16,335,271,64,319,247,72,Wholesale trade
3/31/95,38,347,279,68,309,241,68,Wholesale trade
6/30/95,26,345,275,70,319,247,72,Wholesale trade
9/30/95,36,361,289,72,325,250,75,Wholesale trade
12/31/95,17,357,278,79,340,259,81,Wholesale trade
3/31/96,24,361,287,74,337,262,75,Wholesale trade
6/30/96,6,361,281,80,355,279,76,Wholesale trade
9/30/96,38,374,287,87,336,257,79,Wholesale trade
12/31/96,53,374,292,82,321,249,72,Wholesale trade
3/31/97,45,373,299,74,328,249,79,Wholesale trade
6/30/97,26,361,285,76,335,256,79,Wholesale trade
9/30/97,56,389,313,76,333,253,80,Wholesale trade
12/31/97,28,393,310,83,365,262,103,Wholesale trade
3/31/98,48,405,306,99,357,264,93,Wholesale trade
6/30/98,24,386,287,99,362,270,92,Wholesale trade
9/30/98,23,379,294,85,356,264,92,Wholesale trade
12/31/98,18,373,292,81,355,265,90,Wholesale trade
3/31/99,34,395,309,86,361,267,94,Wholesale trade
6/30/99,17,377,296,81,360,276,84,Wholesale trade
9/30/99,29,391,309,82,362,266,96,Wholesale trade
12/31/99,39,391,308,83,352,269,83,Wholesale trade
3/31/00,49,408,318,90,359,275,84,Wholesale trade
6/30/00,18,384,303,81,366,288,78,Wholesale trade
9/30/00,29,394,308,86,365,279,86,Wholesale trade
12/31/00,25,379,301,78,354,273,81,Wholesale trade
3/31/01,20,394,306,88,374,287,87,Wholesale trade
6/30/01,-61,352,270,82,413,320,93,Wholesale trade
9/30/01,-51,345,264,81,396,298,98,Wholesale trade
12/31/01,-68,323,246,77,391,302,89,Wholesale trade
3/31/02,-9,356,273,83,365,277,88,Wholesale trade
6/30/02,-23,337,255,82,360,275,85,Wholesale trade
9/30/02,-17,318,249,69,335,257,78,Wholesale trade
12/31/02,-19,321,252,69,340,260,80,Wholesale trade
3/31/03,-14,332,256,76,346,266,80,Wholesale trade
6/30/03,-24,310,243,67,334,259,75,Wholesale trade
9/30/03,-2,318,252,66,320,246,74,Wholesale trade
12/31/03,4,321,255,66,317,245,72,Wholesale trade
3/31/04,19,330,262,68,311,239,72,Wholesale trade
6/30/04,24,327,259,68,303,230,73,Wholesale trade
9/30/04,18,338,269,69,320,237,83,Wholesale trade
12/31/04,38,331,261,70,293,226,67,Wholesale trade
3/31/05,26,332,262,70,306,236,70,Wholesale trade
6/30/05,35,335,265,70,300,228,72,Wholesale trade
9/30/05,41,348,274,74,307,237,70,Wholesale trade
12/31/05,23,330,264,66,307,238,69,Wholesale trade
3/31/06,36,327,266,61,291,224,67,Wholesale trade
6/30/06,40,335,267,68,295,228,67,Wholesale trade
9/30/06,16,321,257,64,305,237,68,Wholesale trade
12/31/06,21,327,262,65,306,238,68,Wholesale trade
3/31/07,33,331,263,68,298,232,66,Wholesale trade
6/30/07,18,324,262,62,306,234,72,Wholesale trade
9/30/07,9,318,250,68,309,244,65,Wholesale trade
12/31/07,24,328,264,64,304,234,70,Wholesale trade
3/31/08,-3,307,244,63,310,241,69,Wholesale trade
6/30/08,-20,300,237,63,320,248,72,Wholesale trade
9/30/08,-37,281,225,56,318,251,67,Wholesale trade
12/31/08,-104,264,206,58,368,293,75,Wholesale trade
3/31/09,-156,230,178,52,386,316,70,Wholesale trade
6/30/09,-114,243,190,53,357,290,67,Wholesale trade
9/30/09,-66,240,190,50,306,236,70,Wholesale trade
12/31/09,-21,262,203,59,283,220,63,Wholesale trade
3/31/10,-18,258,204,54,276,215,61,Wholesale trade
6/30/10,32,283,230,53,251,193,58,Wholesale trade
9/30/10,15,273,219,54,258,198,60,Wholesale trade
12/31/10,32,286,224,62,254,198,56,Wholesale trade
3/31/11,22,269,218,51,247,189,58,Wholesale trade
6/30/11,45,290,234,56,245,187,58,Wholesale trade
9/30/11,40,294,234,60,254,200,54,Wholesale trade
12/31/11,29,279,222,57,250,192,58,Wholesale trade
3/31/12,45,290,236,54,245,188,57,Wholesale trade
6/30/12,39,291,236,55,252,195,57,Wholesale trade
9/30/12,9,272,218,54,263,207,56,Wholesale trade
12/31/12,24,282,226,56,258,201,57,Wholesale trade
3/31/13,25,278,227,51,253,195,58,Wholesale trade
6/30/13,34,290,236,54,256,201,55,Wholesale trade
9/30/13,22,281,228,53,259,205,54,Wholesale trade
12/31/13,36,287,236,51,251,192,59,Wholesale trade
3/31/14,22,276,228,48,254,198,56,Wholesale trade
6/30/14,35,285,239,46,250,192,58,Wholesale trade
9/30/14,24,278,231,47,254,199,55,Wholesale trade
12/31/14,46,293,243,50,247,192,55,Wholesale trade
3/31/15,5,265,219,46,260,207,53,Wholesale trade
6/30/15,22,285,239,46,263,208,55,Wholesale trade
9/30/15,6,271,225,46,265,209,56,Wholesale trade
12/31/15,26,294,244,50,268,209,59,Wholesale trade
3/31/16,-7,261,217,44,268,210,58,Wholesale trade
6/30/16,1,274,226,48,273,214,59,Wholesale trade
9/30/16,16,277,226,51,261,208,53,Wholesale trade
12/31/16,16,272,225,47,256,201,55,Wholesale trade
3/31/17,18,268,222,46,250,197,53,Wholesale trade
6/30/17,36,284,236,48,248,195,53,Wholesale trade
9/30/17,3,270,225,45,267,213,54,Wholesale trade
12/31/17,31,280,233,47,249,193,56,Wholesale trade
3/31/18,20,263,220,43,243,192,51,Wholesale trade
