date,contract_establish,end_establish,expand_establish,net_change,open_establish,total_contract,total_expand,state
9/30/92,63801,13841,73116,11450,15976,77642,89092,Alabama
12/31/92,66930,19382,74158,8443,20597,86312,94755,Alabama
3/31/93,70792,22587,75865,4503,22017,93379,97882,Alabama
6/30/93,63769,14841,75767,17336,20179,78610,95946,Alabama
9/30/93,70303,22680,75181,5585,23387,92983,98568,Alabama
12/31/93,73197,19584,75663,6179,23297,92781,98960,Alabama
3/31/94,73041,22733,70716,2249,27307,95774,98023,Alabama
6/30/94,68327,19560,78347,14458,23998,87887,102345,Alabama
9/30/94,65513,16295,82573,26562,25797,81808,108370,Alabama
12/31/94,72009,19639,76358,5875,21165,91648,97523,Alabama
3/31/95,73684,20350,79831,11199,25402,94034,105233,Alabama
6/30/95,77879,22314,83408,9672,26457,100193,109865,Alabama
9/30/95,77443,16668,83321,13092,23882,94111,107203,Alabama
12/31/95,77305,20761,79241,1089,19914,98066,99155,Alabama
3/31/96,83079,15504,77802,1013,21794,98583,99596,Alabama
6/30/96,77452,17617,80791,6554,20832,95069,101623,Alabama
9/30/96,78851,17676,82266,13560,27821,96527,110087,Alabama
12/31/96,78752,14487,81043,9701,21897,93239,102940,Alabama
3/31/97,76870,14978,79284,6802,19366,91848,98650,Alabama
6/30/97,83158,14256,81244,4338,20508,97414,101752,Alabama
9/30/97,79282,19967,82560,7888,24577,99249,107137,Alabama
12/31/97,85068,20256,84279,1883,22928,105324,107207,Alabama
3/31/98,84168,13608,83873,11072,24975,97776,108848,Alabama
6/30/98,79697,26201,93038,18625,31485,105898,124523,Alabama
9/30/98,89390,24146,86985,-2076,24475,113536,111460,Alabama
12/31/98,88409,19340,84338,-1846,21565,107749,105903,Alabama
3/31/99,86617,18705,83108,6072,28286,105322,111394,Alabama
6/30/99,80759,24044,87246,4532,22089,104803,109335,Alabama
9/30/99,81176,15611,83972,4930,17745,96787,101717,Alabama
12/31/99,86012,18910,84466,-177,20279,104922,104745,Alabama
3/31/00,91470,17193,87670,-2497,18496,108663,106166,Alabama
6/30/00,86680,19735,88783,3145,20777,106415,109560,Alabama
9/30/00,90197,21814,87546,-44,24421,112011,111967,Alabama
12/31/00,90363,18721,82925,-6674,19485,109084,102410,Alabama
3/31/01,93549,20292,87535,-5755,20551,113841,108086,Alabama
6/30/01,99347,24232,85131,-10922,27526,123579,112657,Alabama
9/30/01,95255,17003,80108,-9831,22319,112258,102427,Alabama
12/31/01,91381,21243,79254,-13176,20194,112624,99448,Alabama
3/31/02,90338,19493,86482,-1510,21839,109831,108321,Alabama
6/30/02,89203,17280,79928,-8782,17773,106483,97701,Alabama
9/30/02,84189,15202,80251,2032,21172,99391,101423,Alabama
12/31/02,89049,14687,80038,-4306,19392,103736,99430,Alabama
3/31/03,85970,19625,84641,-282,20672,105595,105313,Alabama
6/30/03,85321,15226,75864,-7884,16799,100547,92663,Alabama
9/30/03,79202,17021,79892,2029,18360,96223,98252,Alabama
12/31/03,77805,14541,82461,8224,18109,92346,100570,Alabama
3/31/04,76993,17389,88134,13725,19973,94382,108107,Alabama
6/30/04,79200,14560,83659,7610,17711,93760,101370,Alabama
9/30/04,83490,15322,82971,1099,16940,98812,99911,Alabama
12/31/04,77837,14384,89990,16360,18591,92221,108581,Alabama
3/31/05,82209,17169,91860,11454,18972,99378,110832,Alabama
6/30/05,86305,14333,87515,5982,19105,100638,106620,Alabama
9/30/05,82168,15171,91141,14065,20263,97339,111404,Alabama
12/31/05,82579,17534,92530,10928,18511,100113,111041,Alabama
3/31/06,80152,13797,89212,11424,16161,93949,105373,Alabama
6/30/06,87570,13428,84694,-680,15624,100998,100318,Alabama
9/30/06,89176,13247,84190,-1801,16432,102423,100622,Alabama
12/31/06,88646,13771,86857,3761,19321,102417,106178,Alabama
3/31/07,77682,14830,96291,21327,17548,92512,113839,Alabama
6/30/07,94666,14442,82463,-8938,17707,109108,100170,Alabama
9/30/07,86471,15522,83228,-121,18644,101993,101872,Alabama
12/31/07,87965,15905,88397,4814,20287,103870,108684,Alabama
3/31/08,88692,17315,82298,-7170,16539,106007,98837,Alabama
6/30/08,92124,14234,77232,-12243,16883,106358,94115,Alabama
9/30/08,90949,15863,77251,-11634,17927,106812,95178,Alabama
12/31/08,103836,16741,68319,-36573,15685,120577,84004,Alabama
3/31/09,102918,15967,61860,-42833,14192,118885,76052,Alabama
6/30/09,91057,15847,67171,-24046,15687,106904,82858,Alabama
9/30/09,81939,20374,70910,-15727,15676,102313,86586,Alabama
12/31/09,78139,14788,72133,-5019,15775,92927,87908,Alabama
3/31/10,74450,13146,70087,-2480,15029,87596,85116,Alabama
6/30/10,71868,13171,73261,6238,18016,85039,91277,Alabama
9/30/10,76852,17997,74199,-4431,16219,94849,90418,Alabama
12/31/10,74844,14965,73701,3085,19193,89809,92894,Alabama
3/31/11,70230,14528,71694,1280,14344,84758,86038,Alabama
6/30/11,74917,13841,71990,-1266,15502,88758,87492,Alabama
9/30/11,69405,13108,76307,9363,15569,82513,91876,Alabama
12/31/11,75132,12968,70559,-2864,14677,88100,85236,Alabama
3/31/12,67952,12781,76558,11189,15364,80733,91922,Alabama
6/30/12,71286,11592,71770,3735,14843,82878,86613,Alabama
9/30/12,69952,13034,69707,831,14110,82986,83817,Alabama
12/31/12,68473,12563,70405,4405,15036,81036,85441,Alabama
3/31/13,68958,12349,75356,9006,14957,81307,90313,Alabama
6/30/13,70946,11859,72169,6037,16673,82805,88842,Alabama
9/30/13,72130,12687,68773,-2477,13567,84817,82340,Alabama
12/31/13,66171,14022,74393,8607,14407,80193,88800,Alabama
3/31/14,71625,12845,70322,1178,15326,84470,85648,Alabama
6/30/14,68800,12929,73260,6134,14603,81729,87863,Alabama
9/30/14,71176,11694,74413,6603,15060,82870,89473,Alabama
12/31/14,66847,12600,75022,10781,15206,79447,90228,Alabama
3/31/15,73142,11332,71033,1295,14736,84474,85769,Alabama
6/30/15,69305,12290,75080,8663,15178,81595,90258,Alabama
9/30/15,72109,12524,73493,3793,14933,84633,88426,Alabama
12/31/15,68136,13605,79353,15041,17429,81741,96782,Alabama
3/31/16,73395,12819,75825,4579,14968,86214,90793,Alabama
6/30/16,76111,15195,75187,-546,15573,91306,90760,Alabama
9/30/16,76097,13954,78023,6838,18866,90051,96889,Alabama
12/31/16,76083,14204,75497,1394,16184,90287,91681,Alabama
3/31/17,69965,11375,78066,13678,16952,81340,95018,Alabama
6/30/17,73904,14897,74314,-1392,13095,88801,87409,Alabama
9/30/17,76123,15377,77193,3000,17307,91500,94500,Alabama
12/31/17,72556,12943,78973,9036,15562,85499,94535,Alabama
9/30/92,18631,3703,18123,2053,6264,22334,24387,Alaska
12/31/92,17294,3126,21888,7229,5761,20420,27649,Alaska
3/31/93,19658,4160,18180,-1420,4218,23818,22398,Alaska
6/30/93,19942,5497,19023,-2196,4220,25439,23243,Alaska
9/30/93,19096,3895,20907,3168,5252,22991,26159,Alaska
12/31/93,17762,3153,25121,10640,6434,20915,31555,Alaska
3/31/94,21888,4751,22387,1043,5295,26639,27682,Alaska
6/30/94,20029,5145,17844,-2695,4635,25174,22479,Alaska
9/30/94,17748,3774,21485,5158,5195,21522,26680,Alaska
12/31/94,19047,3723,19475,3694,6989,22770,26464,Alaska
3/31/95,22203,4836,19257,-3759,4023,27039,23280,Alaska
6/30/95,19726,4351,19856,34,4255,24077,24111,Alaska
9/30/95,19425,5318,21795,2111,5059,24743,26854,Alaska
12/31/95,19625,4231,21788,3941,6009,23856,27797,Alaska
3/31/96,22506,4654,19325,-3368,4467,27160,23792,Alaska
6/30/96,19347,6726,19142,-2488,4443,26073,23585,Alaska
9/30/96,19693,4717,21584,2422,5248,24410,26832,Alaska
12/31/96,19345,4111,19739,2403,6120,23456,25859,Alaska
3/31/97,20377,5551,20018,187,6097,25928,26115,Alaska
6/30/97,18002,5113,20125,1854,4844,23115,24969,Alaska
9/30/97,21233,4022,21823,1282,4714,25255,26537,Alaska
12/31/97,19462,4173,22486,4315,5464,23635,27950,Alaska
3/31/98,21621,3856,22442,2311,5346,25477,27788,Alaska
6/30/98,21857,5032,18666,-3088,5135,26889,23801,Alaska
9/30/98,18558,5186,20855,1784,4673,23744,25528,Alaska
12/31/98,19196,3576,22843,5295,5224,22772,28067,Alaska
3/31/99,22577,5534,20598,-2345,5168,28111,25766,Alaska
6/30/99,21983,4579,19483,-2159,4920,26562,24403,Alaska
9/30/99,19730,4347,21737,3039,5379,24077,27116,Alaska
12/31/99,19973,4378,21922,3155,5584,24351,27506,Alaska
3/31/00,19982,5044,21929,1662,4759,25026,26688,Alaska
6/30/00,20735,8630,21006,-3343,5016,29365,26022,Alaska
9/30/00,20798,5350,24008,2698,4838,26148,28846,Alaska
12/31/00,19675,4592,22149,3002,5120,24267,27269,Alaska
3/31/01,22118,5002,23725,545,3940,27120,27665,Alaska
6/30/01,20532,4627,19679,-342,5138,25159,24817,Alaska
9/30/01,20740,4848,22391,2115,5312,25588,27703,Alaska
12/31/01,20523,4384,19475,-124,5308,24907,24783,Alaska
3/31/02,22732,4925,21238,567,6986,27657,28224,Alaska
6/30/02,22984,6895,19639,-5346,4894,29879,24533,Alaska
9/30/02,19620,4351,22797,3511,4685,23971,27482,Alaska
12/31/02,19729,3824,19497,-152,3904,23553,23401,Alaska
3/31/03,20773,4040,20835,1596,5574,24813,26409,Alaska
6/30/03,21005,4346,19695,-1015,4641,25351,24336,Alaska
9/30/03,19330,3513,20719,3088,5212,22843,25931,Alaska
12/31/03,19627,4082,19145,458,5022,23709,24167,Alaska
3/31/04,19885,4746,19608,336,5359,24631,24967,Alaska
6/30/04,19556,5181,20382,1114,5469,24737,25851,Alaska
9/30/04,19220,4143,22426,3860,4797,23363,27223,Alaska
12/31/04,20915,4201,19394,-636,5086,25116,24480,Alaska
3/31/05,18919,4599,20979,1651,4190,23518,25169,Alaska
6/30/05,20550,3642,21106,1767,4853,24192,25959,Alaska
9/30/05,20566,4820,23091,2871,5166,25386,28257,Alaska
12/31/05,21831,4664,19403,-2273,4819,26495,24222,Alaska
3/31/06,18332,4094,21111,3724,5039,22426,26150,Alaska
6/30/06,20373,3709,22298,3613,5397,24082,27695,Alaska
9/30/06,22038,4337,18652,-2902,4821,26375,23473,Alaska
12/31/06,21569,4242,20652,25,5184,25811,25836,Alaska
3/31/07,20709,3935,20042,86,4688,24644,24730,Alaska
6/30/07,20788,3800,21725,2501,5364,24588,27089,Alaska
9/30/07,21802,4138,19090,-2316,4534,25940,23624,Alaska
12/31/07,21239,4320,20470,-1211,3878,25559,24348,Alaska
3/31/08,18283,4685,21768,2729,3929,22968,25697,Alaska
6/30/08,19866,4397,21318,2374,5319,24263,26637,Alaska
9/30/08,21925,4265,19113,-1708,5369,26190,24482,Alaska
12/31/08,21700,4385,21609,-36,4440,26085,26049,Alaska
3/31/09,21895,3766,18870,-2358,4433,25661,23303,Alaska
6/30/09,21913,3776,20040,-434,5215,25689,25255,Alaska
9/30/09,20892,4149,18249,-1607,5185,25041,23434,Alaska
12/31/09,20526,4220,19698,-753,4295,24746,23993,Alaska
3/31/10,19661,4454,18365,234,5984,24115,24349,Alaska
6/30/10,18689,3149,21046,4384,5176,21838,26222,Alaska
9/30/10,19233,3981,19095,235,4354,23214,23449,Alaska
12/31/10,20263,4643,18746,-948,5212,24906,23958,Alaska
3/31/11,18358,3122,18721,2648,5407,21480,24128,Alaska
6/30/11,19652,3754,21282,2909,5033,23406,26315,Alaska
9/30/11,19434,3664,19349,2239,5988,23098,25337,Alaska
12/31/11,21626,4407,19438,-2392,4203,26033,23641,Alaska
3/31/12,19176,3387,20546,4443,6460,22563,27006,Alaska
6/30/12,19229,4046,22098,3907,5084,23275,27182,Alaska
9/30/12,20926,4617,18329,-2835,4379,25543,22708,Alaska
12/31/12,20728,4449,19599,-981,4597,25177,24196,Alaska
3/31/13,20285,4100,22079,3080,5386,24385,27465,Alaska
6/30/13,20943,3790,21450,1855,5138,24733,26588,Alaska
9/30/13,20969,4235,20599,-273,4332,25204,24931,Alaska
12/31/13,21480,4679,21542,-527,4090,26159,25632,Alaska
3/31/14,20810,3872,22089,2859,5452,24682,27541,Alaska
6/30/14,23456,4127,22069,-234,5280,27583,27349,Alaska
9/30/14,22317,3788,18714,-2120,5271,26105,23985,Alaska
12/31/14,21416,4758,22086,566,4654,26174,26740,Alaska
3/31/15,20796,3097,21825,2952,5020,23893,26845,Alaska
6/30/15,23527,4463,22863,-760,4367,27990,27230,Alaska
9/30/15,21767,4222,18160,-3021,4808,25989,22968,Alaska
12/31/15,22426,4184,19615,-2457,4538,26610,24153,Alaska
3/31/16,20669,3669,20087,-61,4190,24338,24277,Alaska
6/30/16,23279,4952,21574,-2026,4631,28231,26205,Alaska
9/30/16,23587,4106,17740,-5090,4863,27693,22603,Alaska
12/31/16,20500,4199,19947,-670,4082,24699,24029,Alaska
3/31/17,21026,3143,19357,-958,3854,24169,23211,Alaska
6/30/17,20521,4069,22550,2556,4596,24590,27146,Alaska
9/30/17,22037,4069,17129,-4959,4018,26106,21147,Alaska
12/31/17,20844,4243,18348,-2036,4703,25087,23051,Alaska
9/30/92,82808,28656,95512,13875,29827,111464,125339,Arizona
12/31/92,87961,32085,87681,-11410,20955,120046,108636,Arizona
3/31/93,82014,15334,94455,28420,31313,97348,125768,Arizona
6/30/93,80870,20309,101648,27746,27277,101179,128925,Arizona
9/30/93,87162,24732,103075,18725,27544,111894,130619,Arizona
12/31/93,83641,24618,101390,15973,22842,108259,124232,Arizona
3/31/94,88173,22192,104832,26491,32024,110365,136856,Arizona
6/30/94,84828,21519,116025,36915,27237,106347,143262,Arizona
9/30/94,89065,24438,111545,23980,25938,113503,137483,Arizona
12/31/94,90630,23898,104338,19829,30019,114528,134357,Arizona
3/31/95,89603,32736,122884,38300,37755,122339,160639,Arizona
6/30/95,97517,24809,118235,29493,33584,122326,151819,Arizona
9/30/95,101991,25910,114107,17007,30801,127901,144908,Arizona
12/31/95,100130,24141,118185,22797,28883,124271,147068,Arizona
3/31/96,97997,33193,126375,31391,36206,131190,162581,Arizona
6/30/96,103869,23899,118841,22704,31631,127768,150472,Arizona
9/30/96,103707,29813,118569,14864,29815,133520,148384,Arizona
12/31/96,104001,28647,120956,13426,25118,132648,146074,Arizona
3/31/97,109481,28865,129992,21747,30101,138346,160093,Arizona
6/30/97,99759,29765,122864,28869,35529,129524,158393,Arizona
9/30/97,104030,28756,129373,25808,29221,132786,158594,Arizona
12/31/97,103565,26961,124687,22818,28657,130526,153344,Arizona
3/31/98,100276,32738,124372,24885,33527,133014,157899,Arizona
6/30/98,105127,29986,131408,25113,28818,135113,160226,Arizona
9/30/98,108403,31950,126142,12799,27010,140353,153152,Arizona
12/31/98,109705,32603,126527,10379,26160,142308,152687,Arizona
3/31/99,109671,38397,133311,15537,30294,148068,163605,Arizona
6/30/99,107006,26482,132182,35624,36930,133488,169112,Arizona
9/30/99,116193,34002,127850,7506,29851,150195,157701,Arizona
12/31/99,114045,34040,127511,9845,30419,148085,157930,Arizona
3/31/00,125813,35799,150715,23921,34818,161612,185533,Arizona
6/30/00,111872,26514,143098,32486,27774,138386,170872,Arizona
9/30/00,117269,38425,129334,2133,28493,155694,157827,Arizona
12/31/00,117152,34800,125077,4805,31680,151952,156757,Arizona
3/31/01,125767,47003,135323,-4569,32878,172770,168201,Arizona
6/30/01,128230,32283,123931,-8309,28273,160513,152204,Arizona
9/30/01,127135,35048,116693,-12076,33414,162183,150107,Arizona
12/31/01,136034,35554,109927,-28700,32961,171588,142888,Arizona
3/31/02,112194,35956,119145,7151,36156,148150,155301,Arizona
6/30/02,113511,29833,118428,15628,40544,143344,158972,Arizona
9/30/02,113098,35538,110332,-6266,32038,148636,142370,Arizona
12/31/02,112215,25753,114057,3985,27896,137968,141953,Arizona
3/31/03,110584,34556,122331,6996,29805,145140,152136,Arizona
6/30/03,108008,27843,114028,2961,24784,135851,138812,Arizona
9/30/03,100019,31931,113355,21872,40467,131950,153822,Arizona
12/31/03,103077,26756,118073,17311,29071,129833,147144,Arizona
3/31/04,101712,31974,125710,18897,26873,133686,152583,Arizona
6/30/04,97724,33921,126320,23742,29067,131645,155387,Arizona
9/30/04,104958,30721,120393,22444,37730,135679,158123,Arizona
12/31/04,107983,22552,126305,35542,39772,130535,166077,Arizona
3/31/05,114012,32810,136830,31892,41884,146822,178714,Arizona
6/30/05,109219,28478,134923,40381,43155,137697,178078,Arizona
9/30/05,104124,27107,138806,46314,38739,131231,177545,Arizona
12/31/05,114436,29171,126851,19543,36299,143607,163150,Arizona
3/31/06,106185,24841,141031,53605,43600,131026,184631,Arizona
6/30/06,122551,30718,131870,18674,40073,153269,171943,Arizona
9/30/06,122281,30650,136237,16575,33269,152931,169506,Arizona
12/31/06,128184,30662,126151,-1748,30947,158846,157098,Arizona
3/31/07,124593,30467,130691,12494,36863,155060,167554,Arizona
6/30/07,124088,33366,122535,-588,34331,157454,156866,Arizona
9/30/07,126945,33247,123541,-6928,29723,160192,153264,Arizona
12/31/07,139769,31183,117443,-17997,35512,170952,152955,Arizona
3/31/08,127752,28900,107584,-19393,29675,156652,137259,Arizona
6/30/08,134099,35079,105760,-32030,31388,169178,137148,Arizona
9/30/08,133121,29961,105565,-28136,29381,163082,134946,Arizona
12/31/08,156195,35940,95215,-67168,29752,192135,124967,Arizona
3/31/09,147016,31779,86336,-63283,29176,178795,115512,Arizona
6/30/09,132648,34633,88118,-49923,29240,167281,117358,Arizona
9/30/09,115314,28647,100853,-18675,24433,143961,125286,Arizona
12/31/09,111648,30276,99327,-14549,28048,141924,127375,Arizona
3/31/10,100872,23591,98766,-2170,23527,124463,122293,Arizona
6/30/10,96027,28117,98713,-2579,22852,124144,121565,Arizona
9/30/10,102135,28383,97293,-6169,27056,130518,124349,Arizona
12/31/10,89253,24980,110011,25197,29419,114233,139430,Arizona
3/31/11,94694,24086,96111,-39,22630,118780,118741,Arizona
6/30/11,93958,27401,102473,7727,26613,121359,129086,Arizona
9/30/11,93482,25528,109664,17695,27041,119010,136705,Arizona
12/31/11,95541,26469,108368,13197,26839,122010,135207,Arizona
3/31/12,95985,21701,106107,12399,23978,117686,130085,Arizona
6/30/12,99581,24328,103971,5821,25759,123909,129730,Arizona
9/30/12,94531,23447,108452,16176,25702,117978,134154,Arizona
12/31/12,95659,24923,113549,19877,26910,120582,140459,Arizona
3/31/13,97791,22348,103105,9380,26414,120139,129519,Arizona
6/30/13,97115,25424,106797,7976,23718,122539,130515,Arizona
9/30/13,95825,20729,110724,18081,23911,116554,134635,Arizona
12/31/13,93047,22460,114502,26399,27404,115507,141906,Arizona
3/31/14,105274,21519,102026,-1626,23141,126793,125167,Arizona
6/30/14,101486,24945,106271,3024,23184,126431,129455,Arizona
9/30/14,95892,22678,111167,18318,25721,118570,136888,Arizona
12/31/14,91419,22747,124167,37047,27046,114166,151213,Arizona
3/31/15,104069,21905,106988,4405,23391,125974,130379,Arizona
6/30/15,101059,24144,107407,7025,24821,125203,132228,Arizona
9/30/15,96241,24619,120572,29390,29678,120860,150250,Arizona
12/31/15,97961,25236,123677,31814,31334,123197,155011,Arizona
3/31/16,106802,23786,111830,4993,23751,130588,135581,Arizona
6/30/16,110269,28001,110446,776,28600,138270,139046,Arizona
9/30/16,99283,21285,133453,43916,31031,120568,164484,Arizona
12/31/16,101444,24869,111000,11978,27291,126313,138291,Arizona
3/31/17,102247,24457,110214,10267,26757,126704,136971,Arizona
6/30/17,108231,25953,117792,10945,27337,134184,145129,Arizona
9/30/17,99945,24840,125410,31695,31070,124785,156480,Arizona
12/31/17,100633,26157,120322,23290,29758,126790,150080,Arizona
9/30/92,42665,10438,43487,457,10073,53103,53560,Arkansas
12/31/92,41775,8600,45557,4999,9817,50375,55374,Arkansas
3/31/93,41831,10576,46444,6367,12330,52407,58774,Arkansas
6/30/93,37952,8288,49177,13834,10897,46240,60074,Arkansas
9/30/93,40601,8177,47254,11118,12642,48778,59896,Arkansas
12/31/93,42378,7144,47098,5538,7962,49522,55060,Arkansas
3/31/94,42778,9048,44057,5562,13331,51826,57388,Arkansas
6/30/94,38815,8718,54605,17717,10645,47533,65250,Arkansas
9/30/94,41375,8640,52860,14642,11797,50015,64657,Arkansas
12/31/94,46341,11067,45072,-652,11684,57408,56756,Arkansas
3/31/95,45973,9390,50716,10281,14928,55363,65644,Arkansas
6/30/95,46063,11311,50359,5533,12548,57374,62907,Arkansas
9/30/95,46881,8745,51441,9947,14132,55626,65573,Arkansas
12/31/95,50726,10477,48976,804,13031,61203,62007,Arkansas
3/31/96,50454,9212,47734,-35,11897,59666,59631,Arkansas
6/30/96,47120,9683,52949,7724,11578,56803,64527,Arkansas
9/30/96,50277,9013,49380,703,10613,59290,59993,Arkansas
12/31/96,50096,9101,48334,-946,9917,59197,58251,Arkansas
3/31/97,48575,11616,49915,2723,12999,60191,62914,Arkansas
6/30/97,44009,9902,50834,7906,10983,53911,61817,Arkansas
9/30/97,45795,10935,53932,7969,10767,56730,64699,Arkansas
12/31/97,47330,10908,51721,6231,12748,58238,64469,Arkansas
3/31/98,51992,9183,47963,-3581,9631,61175,57594,Arkansas
6/30/98,48314,10430,51621,6394,13517,58744,65138,Arkansas
9/30/98,52990,10036,51286,13,11753,63026,63039,Arkansas
12/31/98,50336,10546,52161,3325,12046,60882,64207,Arkansas
3/31/99,50296,10244,51620,4543,13463,60540,65083,Arkansas
6/30/99,48288,10554,51976,4222,11088,58842,63064,Arkansas
9/30/99,47956,9785,51283,5116,11574,57741,62857,Arkansas
12/31/99,48096,9583,55251,10188,12616,57679,67867,Arkansas
3/31/00,48971,10461,51402,3977,12007,59432,63409,Arkansas
6/30/00,50604,11577,49712,-611,11858,62181,61570,Arkansas
9/30/00,52283,10394,50792,-299,11586,62677,62378,Arkansas
12/31/00,52816,10069,49107,-2207,11571,62885,60678,Arkansas
3/31/01,50607,14162,53355,1572,12986,64769,66341,Arkansas
6/30/01,55928,13429,50143,-4542,14672,69357,64815,Arkansas
9/30/01,56357,11594,50418,-5871,11662,67951,62080,Arkansas
12/31/01,54214,11927,45647,-8258,12236,66141,57883,Arkansas
3/31/02,48884,9918,51207,3308,10903,58802,62110,Arkansas
6/30/02,50826,9627,50802,3437,13088,60453,63890,Arkansas
9/30/02,48295,12170,46531,-2291,11643,60465,58174,Arkansas
12/31/02,49731,9139,45133,-3438,10299,58870,55432,Arkansas
3/31/03,50345,10031,44709,-6195,9472,60376,54181,Arkansas
6/30/03,49853,10528,45555,-4528,10298,60381,55853,Arkansas
9/30/03,44413,9001,50085,6615,9944,53414,60029,Arkansas
12/31/03,43871,9218,46075,4448,11462,53089,57537,Arkansas
3/31/04,49831,9389,52218,3177,10179,59220,62397,Arkansas
6/30/04,46367,9946,47508,1523,10328,56313,57836,Arkansas
9/30/04,44978,8153,46033,3267,10365,53131,56398,Arkansas
12/31/04,44942,9532,48860,5604,11218,54474,60078,Arkansas
3/31/05,45238,11863,50803,5507,11805,57101,62608,Arkansas
6/30/05,47933,12074,47034,-63,12910,60007,59944,Arkansas
9/30/05,45367,9685,50696,6907,11263,55052,61959,Arkansas
12/31/05,45642,9835,48327,4126,11276,55477,59603,Arkansas
3/31/06,44508,9829,50557,10612,14392,54337,64949,Arkansas
6/30/06,50642,9229,46708,324,13487,59871,60195,Arkansas
9/30/06,53311,10100,46392,-5447,11572,63411,57964,Arkansas
12/31/06,49310,9742,49818,2543,11777,59052,61595,Arkansas
3/31/07,45533,9584,52092,7551,10576,55117,62668,Arkansas
6/30/07,52788,9035,45299,-6665,9859,61823,55158,Arkansas
9/30/07,48404,9301,46472,-1485,9748,57705,56220,Arkansas
12/31/07,47607,10236,48945,2571,11469,57843,60414,Arkansas
3/31/08,47125,10532,46820,1354,12191,57657,59011,Arkansas
6/30/08,53077,10790,45314,-7042,11511,63867,56825,Arkansas
9/30/08,49924,12400,47614,-2685,12025,62324,59639,Arkansas
12/31/08,55721,11871,43267,-12690,11635,67592,54902,Arkansas
3/31/09,56159,11713,42773,-13532,11567,67872,54340,Arkansas
6/30/09,57379,11558,40511,-17309,11117,68937,51628,Arkansas
9/30/09,46810,14707,42383,-6788,12346,61517,54729,Arkansas
12/31/09,44644,9849,43861,4029,14661,54493,58522,Arkansas
3/31/10,42689,9746,44714,1591,9312,52435,54026,Arkansas
6/30/10,43422,9286,49931,8813,11590,52708,61521,Arkansas
9/30/10,46673,11223,45338,-2674,9884,57896,55222,Arkansas
12/31/10,46404,11561,44004,-4905,9056,57965,53060,Arkansas
3/31/11,42147,12931,43597,3273,14754,55078,58351,Arkansas
6/30/11,42513,14774,42329,-1005,13953,57287,56282,Arkansas
9/30/11,41511,12909,46612,9349,17157,54420,63769,Arkansas
12/31/11,43544,7255,44348,8762,15213,50799,59561,Arkansas
3/31/12,44148,9099,46232,1753,8768,53247,55000,Arkansas
6/30/12,45212,8487,43288,-979,9432,53699,52720,Arkansas
9/30/12,48707,8765,42015,-6023,9434,57472,51449,Arkansas
12/31/12,40790,9593,46020,5575,9938,50383,55958,Arkansas
3/31/13,44950,9576,44077,693,11142,54526,55219,Arkansas
6/30/13,46992,9336,39636,-5740,10952,56328,50588,Arkansas
9/30/13,43817,9081,45036,1648,9510,52898,54546,Arkansas
12/31/13,42910,9779,45550,2906,10045,52689,55595,Arkansas
3/31/14,40198,8868,46588,7057,9535,49066,56123,Arkansas
6/30/14,42963,7523,44013,2847,9320,50486,53333,Arkansas
9/30/14,43024,9222,47564,4521,9203,52246,56767,Arkansas
12/31/14,39304,9349,51809,14634,11478,48653,63287,Arkansas
3/31/15,48021,8527,42853,-3843,9852,56548,52705,Arkansas
6/30/15,43789,7926,48962,6568,9321,51715,58283,Arkansas
9/30/15,42852,8828,48818,7964,10826,51680,59644,Arkansas
12/31/15,43035,9346,50648,10321,12054,52381,62702,Arkansas
3/31/16,46022,8386,45143,232,9497,54408,54640,Arkansas
6/30/16,49467,8435,44812,-3870,9220,57902,54032,Arkansas
9/30/16,46272,8621,49704,6629,11818,54893,61522,Arkansas
12/31/16,44060,9832,47550,4170,10512,53892,58062,Arkansas
3/31/17,41543,9230,46382,5378,9769,50773,56151,Arkansas
6/30/17,48613,8145,43437,-3868,9453,56758,52890,Arkansas
9/30/17,45630,8870,46975,2074,9599,54500,56574,Arkansas
12/31/17,39326,10713,49049,9304,10294,50039,59343,Arkansas
9/30/92,813412,182298,774397,-6629,214684,995710,989081,California
12/31/92,831466,208742,723108,-146386,170714,1040208,893822,California
3/31/93,745341,234523,702348,-31425,246091,979864,948439,California
6/30/93,715818,199116,704638,-12675,197621,914934,902259,California
9/30/93,707395,173036,750586,89329,219174,880431,969760,California
12/31/93,735557,197100,710544,-36408,185705,932657,896249,California
3/31/94,683686,218097,751651,77394,227526,901783,979177,California
6/30/94,694087,248485,719728,-6369,216475,942572,936203,California
9/30/94,699676,146360,787568,159027,217495,846036,1005063,California
12/31/94,719693,231867,759376,-10354,181830,951560,941206,California
3/31/95,737927,184364,771324,63846,214813,922291,986137,California
6/30/95,727310,192205,785738,86521,220298,919515,1006036,California
9/30/95,711566,266367,908089,154894,224738,977933,1132827,California
12/31/95,802259,242394,814596,1857,231914,1044653,1046510,California
3/31/96,764283,225403,873004,139439,256121,989686,1129125,California
6/30/96,789973,232532,856098,95801,262208,1022505,1118306,California
9/30/96,822197,266826,853087,37632,273568,1089023,1126655,California
12/31/96,745480,231092,858924,110966,228614,976572,1087538,California
3/31/97,776132,243798,869480,138379,288829,1019930,1158309,California
6/30/97,762600,246178,852716,76766,232828,1008778,1085544,California
9/30/97,762175,311075,935323,104962,242889,1073250,1178212,California
12/31/97,840054,282509,843946,-17587,261030,1122563,1104976,California
3/31/98,741407,308636,911298,257575,396320,1050043,1307618,California
6/30/98,859524,336557,852144,-12579,331358,1196081,1183502,California
9/30/98,736940,208995,873378,223661,296218,945935,1169596,California
12/31/98,755106,229349,853551,70216,201120,984455,1054671,California
3/31/99,852341,258755,822588,-16166,272342,1111096,1094930,California
6/30/99,737398,239546,838039,109680,248585,976944,1086624,California
9/30/99,754123,241000,890569,150788,255342,995123,1145911,California
12/31/99,765694,229274,875827,156049,275190,994968,1151017,California
3/31/00,811130,260771,902195,100853,270559,1071901,1172754,California
6/30/00,805118,233105,916912,124777,246088,1038223,1163000,California
9/30/00,771113,249541,896510,113560,237704,1020654,1134214,California
12/31/00,783187,239469,878210,70757,215203,1022656,1093413,California
3/31/01,862376,279496,906613,36390,271649,1141872,1178262,California
6/30/01,953821,268179,828212,-140308,253480,1222000,1081692,California
9/30/01,919718,282770,774329,-187942,240217,1202488,1014546,California
12/31/01,879693,231961,758757,-102072,250825,1111654,1009582,California
3/31/02,820262,247222,860565,49241,256160,1067484,1116725,California
6/30/02,812371,260987,804668,-9183,259507,1073358,1064175,California
9/30/02,843784,237733,786428,-52733,242356,1081517,1028784,California
12/31/02,765899,222879,777212,4821,216387,988778,993599,California
3/31/03,798518,223772,798393,762,224659,1022290,1023052,California
6/30/03,780074,218216,780430,11444,229304,998290,1009734,California
9/30/03,781859,210528,750319,-35727,206341,992387,956660,California
12/31/03,740815,238736,778694,27919,228776,979551,1007470,California
3/31/04,737801,222543,878174,132036,214206,960344,1092380,California
6/30/04,720571,234408,774307,18154,198826,954979,973133,California
9/30/04,748802,243517,778760,39980,253539,992319,1032299,California
12/31/04,723380,265883,801600,52280,239943,989263,1041543,California
3/31/05,721123,208674,780287,86142,235652,929797,1015939,California
6/30/05,740068,212127,776658,38609,214146,952195,990804,California
9/30/05,710250,196637,808323,126419,224983,906887,1033306,California
12/31/05,710296,204736,793689,93449,214792,915032,1008481,California
3/31/06,749362,190018,790478,52608,201510,939380,991988,California
6/30/06,733299,211006,773323,33298,204280,944305,977603,California
9/30/06,758978,199710,756486,-6910,195292,958688,951778,California
12/31/06,747407,208557,774205,32159,213918,955964,988123,California
3/31/07,767954,200202,815263,52868,205761,968156,1021024,California
6/30/07,775210,216435,775907,-16467,199271,991645,975178,California
9/30/07,781251,203621,739757,-26447,218668,984872,958425,California
12/31/07,772953,206711,792260,41344,228748,979664,1021008,California
3/31/08,818591,211175,737079,-96423,196264,1029766,933343,California
6/30/08,797725,215123,748628,-53728,210492,1012848,959120,California
9/30/08,807367,202278,679590,-130187,199868,1009645,879458,California
12/31/08,868853,221431,648658,-240726,200900,1090284,849558,California
3/31/09,902748,213118,571148,-375165,169553,1115866,740701,California
6/30/09,776421,214750,618940,-188722,183509,991171,802449,California
9/30/09,723679,241617,617855,-161067,186374,965296,804229,California
12/31/09,673800,197762,645875,-7924,217763,871562,863638,California
3/31/10,677065,215482,633714,-77039,181794,892547,815508,California
6/30/10,634545,182727,712844,98293,202721,817272,915565,California
9/30/10,662875,183542,651217,-9899,185301,846417,836518,California
12/31/10,629328,181589,700123,91791,202585,810917,902708,California
3/31/11,638177,173178,633826,1565,179094,811355,812920,California
6/30/11,587117,224114,695449,77155,192937,811231,888386,California
9/30/11,673478,185745,744523,91159,205859,859223,950382,California
12/31/11,629104,183578,690860,76490,198312,812682,889172,California
3/31/12,614082,158595,704520,153472,221629,772677,926149,California
6/30/12,629130,159629,725471,142303,205591,788759,931062,California
9/30/12,666157,153335,697351,45084,167225,819492,864576,California
12/31/12,634297,138503,740524,158007,190283,772800,930807,California
3/31/13,629314,157570,732350,94109,148643,786884,880993,California
6/30/13,656662,173603,736015,84825,179075,830265,915090,California
9/30/13,661792,153827,721329,82166,176456,815619,897785,California
12/31/13,670596,148149,766118,149707,202334,818745,968452,California
3/31/14,667328,161890,749025,88301,168494,829218,917519,California
6/30/14,708124,155801,770794,75644,168775,863925,939569,California
9/30/14,669397,178449,766502,106380,187724,847846,954226,California
12/31/14,696140,178173,802747,132648,204214,874313,1006961,California
3/31/15,663742,195859,776713,102774,185662,859601,962375,California
6/30/15,710733,183746,765050,57168,186597,894479,951647,California
9/30/15,657577,163520,782728,139751,178120,821097,960848,California
12/31/15,736950,192060,860428,147520,216102,929010,1076530,California
3/31/16,703897,190882,756505,48992,187266,894779,943771,California
6/30/16,739389,194486,769685,48039,212229,933875,981914,California
9/30/16,706072,174169,775707,110232,214766,880241,990473,California
12/31/16,720440,189752,769675,69991,210508,910192,980183,California
3/31/17,693778,178535,778664,90527,184176,872313,962840,California
6/30/17,784603,178617,803960,45269,204529,963220,1008489,California
9/30/17,738067,183020,769491,24333,175929,921087,945420,California
12/31/17,693959,184652,807863,134282,205030,878611,1012893,California
9/30/92,79409,20898,96137,24255,28425,100307,124562,Colorado
12/31/92,84327,21445,94937,14638,25473,105772,120410,Colorado
3/31/93,83113,21960,99528,24405,29950,105073,129478,Colorado
6/30/93,87677,25855,94090,8318,27760,113532,121850,Colorado
9/30/93,88870,18751,101386,21743,27978,107621,129364,Colorado
12/31/93,88555,22415,105994,25114,30090,110970,136084,Colorado
3/31/94,103358,16077,104749,14374,29060,119435,133809,Colorado
6/30/94,96837,17315,102580,22128,33700,114152,136280,Colorado
9/30/94,99822,16401,110690,21649,27182,116223,137872,Colorado
12/31/94,100018,18238,114580,29616,33292,118256,147872,Colorado
3/31/95,104055,19571,113265,19841,30202,123626,143467,Colorado
6/30/95,112087,19616,103149,-250,28304,131703,131453,Colorado
9/30/95,109279,18489,114583,23168,36353,127768,150936,Colorado
12/31/95,102937,20724,110981,21050,33730,123661,144711,Colorado
3/31/96,111967,21191,115156,12275,30277,133158,145433,Colorado
6/30/96,110542,23809,113202,11647,32796,134351,145998,Colorado
9/30/96,104610,21538,117775,25194,33567,126148,151342,Colorado
12/31/96,105780,22565,118202,17026,27169,128345,145371,Colorado
3/31/97,108645,23730,116903,18206,33678,132375,150581,Colorado
6/30/97,113624,21485,111425,13496,37180,135109,148605,Colorado
9/30/97,113776,20446,119476,20273,35019,134222,154495,Colorado
12/31/97,108843,27325,133269,32511,35410,136168,168679,Colorado
3/31/98,121261,27855,131115,12404,30405,149116,161520,Colorado
6/30/98,116272,21873,116373,12076,33848,138145,150221,Colorado
9/30/98,108940,22430,126480,28549,33439,131370,159919,Colorado
12/31/98,118274,25230,126644,11983,28843,143504,155487,Colorado
3/31/99,119214,26156,127030,19159,37499,145370,164529,Colorado
6/30/99,120266,21611,122532,18294,37639,141877,160171,Colorado
9/30/99,111560,26189,125090,16469,29128,137749,154218,Colorado
12/31/99,110495,25617,128649,20895,28358,136112,157007,Colorado
3/31/00,117542,24358,142106,32303,32097,141900,174203,Colorado
6/30/00,114583,26524,124624,14410,30893,141107,155517,Colorado
9/30/00,119705,26824,136303,22290,32516,146529,168819,Colorado
12/31/00,121329,25610,131011,14740,30668,146939,161679,Colorado
3/31/01,130656,27692,132584,3947,29711,158348,162295,Colorado
6/30/01,146330,26421,124801,-19625,28325,172751,153126,Colorado
9/30/01,139174,27679,111939,-26435,28479,166853,140418,Colorado
12/31/01,145105,28175,112401,-32435,28444,173280,140845,Colorado
3/31/02,127936,28223,124443,-1003,30713,156159,155156,Colorado
6/30/02,121049,26273,115938,-1323,30061,147322,145999,Colorado
9/30/02,123542,26701,107269,-15522,27452,150243,134721,Colorado
12/31/02,121797,23726,105284,-12123,28116,145523,133400,Colorado
3/31/03,125098,27676,102255,-22781,27738,152774,129993,Colorado
6/30/03,114707,26348,111252,-2991,26812,141055,138064,Colorado
9/30/03,107736,26892,106721,438,28345,134628,135066,Colorado
12/31/03,109649,24863,107476,2841,29877,134512,137353,Colorado
3/31/04,107548,23216,112949,8754,26569,130764,139518,Colorado
6/30/04,103237,24147,113165,15492,29711,127384,142876,Colorado
9/30/04,104699,23978,108159,8923,29441,128677,137600,Colorado
12/31/04,106629,23840,112065,7883,26287,130469,138352,Colorado
3/31/05,105114,27769,120147,15850,28586,132883,148733,Colorado
6/30/05,104566,27706,112433,8119,27958,132272,140391,Colorado
9/30/05,105582,27826,117972,15027,30463,133408,148435,Colorado
12/31/05,110671,24130,117028,12300,30073,134801,147101,Colorado
3/31/06,103710,25100,114789,12127,26148,128810,140937,Colorado
6/30/06,107471,24283,118174,14947,28527,131754,146701,Colorado
9/30/06,114778,26792,114173,1590,28987,141570,143160,Colorado
12/31/06,113102,25548,118372,10716,30994,138650,149366,Colorado
3/31/07,109280,25164,119107,15178,30515,134444,149622,Colorado
6/30/07,110674,25772,119242,12335,29539,136446,148781,Colorado
9/30/07,116173,29012,116323,4240,33102,145185,149425,Colorado
12/31/07,114794,27507,116456,4671,30516,142301,146972,Colorado
3/31/08,112255,27635,116453,4777,28214,139890,144667,Colorado
6/30/08,115114,28896,111733,-4126,28151,144010,139884,Colorado
9/30/08,118686,29469,108884,-11769,27502,148155,136386,Colorado
12/31/08,131787,30735,99929,-34837,27756,162522,127685,Colorado
3/31/09,134333,28098,85421,-51774,25236,162431,110657,Colorado
6/30/09,124089,29351,92799,-34834,25807,153440,118606,Colorado
9/30/09,109256,27643,94275,-18797,23827,136899,118102,Colorado
12/31/09,106979,27110,95107,-12296,26686,134089,121793,Colorado
3/31/10,101147,24895,94359,-5868,25815,126042,120174,Colorado
6/30/10,97156,26307,106105,8604,25962,123463,132067,Colorado
9/30/10,96726,26463,99628,1269,24830,123189,124458,Colorado
12/31/10,95379,26010,100212,9259,30436,121389,130648,Colorado
3/31/11,91938,24922,96554,6672,26978,116860,123532,Colorado
6/30/11,90948,23251,105765,16795,25229,114199,130994,Colorado
9/30/11,93595,21076,105359,16482,25794,114671,131153,Colorado
12/31/11,98442,23795,102753,5567,25051,122237,127804,Colorado
3/31/12,91422,23318,101807,11271,24204,114740,126011,Colorado
6/30/12,93888,23961,110201,18347,25995,117849,136196,Colorado
9/30/12,99216,23236,106433,8858,24877,122452,131310,Colorado
12/31/12,94899,21854,106256,17632,28129,116753,134385,Colorado
3/31/13,93867,26576,110263,16407,26587,120443,136850,Colorado
6/30/13,95890,23777,112742,17189,24114,119667,136856,Colorado
9/30/13,101042,21989,109139,12920,26812,123031,135951,Colorado
12/31/13,96960,22842,111515,18620,26907,119802,138422,Colorado
3/31/14,95644,21962,110349,18529,25786,117606,136135,Colorado
6/30/14,100086,22487,119591,23538,26520,122573,146111,Colorado
9/30/14,104387,21219,119469,22404,28541,125606,148010,Colorado
12/31/14,100847,23827,119969,20845,25550,124674,145519,Colorado
3/31/15,107902,21515,115322,12964,27059,129417,142381,Colorado
6/30/15,108998,25538,120528,11813,25821,134536,146349,Colorado
9/30/15,109463,24859,118002,12177,28497,134322,146499,Colorado
12/31/15,108841,25666,118317,13033,29223,134507,147540,Colorado
3/31/16,106682,23625,112362,10681,28626,130307,140988,Colorado
6/30/16,110668,28105,118993,11070,30850,138773,149843,Colorado
9/30/16,112392,22579,121476,18682,32177,134971,153653,Colorado
12/31/16,115561,25365,115405,2181,27702,140926,143107,Colorado
3/31/17,106054,27187,118035,14175,29381,133241,147416,Colorado
6/30/17,111711,26764,125853,15615,28237,138475,154090,Colorado
9/30/17,115125,26880,119314,4520,27211,142005,146525,Colorado
12/31/17,108297,26488,119671,15603,30717,134785,150388,Colorado
9/30/92,64978,13819,74035,13714,18476,78797,92511,Connecticut
12/31/92,75682,17704,66076,-10588,16722,93386,82798,Connecticut
3/31/93,74986,10236,72464,10757,23515,85222,95979,Connecticut
6/30/93,72160,20712,69929,-5505,17438,92872,87367,Connecticut
9/30/93,66546,16022,81265,15760,17063,82568,98328,Connecticut
12/31/93,72230,20852,73616,-177,19289,93082,92905,Connecticut
3/31/94,72812,16495,71939,583,17951,89307,89890,Connecticut
6/30/94,76398,14810,71949,615,19874,91208,91823,Connecticut
9/30/94,68897,16759,80204,12782,18234,85656,98438,Connecticut
12/31/94,71546,16643,74022,6100,20267,88189,94289,Connecticut
3/31/95,73059,15419,78943,7854,17389,88478,96332,Connecticut
6/30/95,80948,11340,67561,-6444,18283,92288,85844,Connecticut
9/30/95,70232,13138,78783,13590,18177,83370,96960,Connecticut
12/31/95,77755,16847,77188,-920,16494,94602,93682,Connecticut
3/31/96,79660,14159,79497,5483,19805,93819,99302,Connecticut
6/30/96,75000,16608,75404,3419,19623,91608,95027,Connecticut
9/30/96,72429,20813,85745,11930,19427,93242,105172,Connecticut
12/31/96,75355,15738,82671,20556,28978,91093,111649,Connecticut
3/31/97,78396,15418,90473,14620,17961,93814,108434,Connecticut
6/30/97,76342,15999,71009,-3518,17814,92341,88823,Connecticut
9/30/97,73857,22011,84637,7635,18866,95868,103503,Connecticut
12/31/97,74287,17462,83344,11549,19954,91749,103298,Connecticut
3/31/98,75108,17844,88468,14124,18608,92952,107076,Connecticut
6/30/98,80718,18854,74474,-4847,20251,99572,94725,Connecticut
9/30/98,77870,14204,79535,4581,17120,92074,96655,Connecticut
12/31/98,73631,12198,83652,13577,15754,85829,99406,Connecticut
3/31/99,76833,17016,89272,14135,18712,93849,107984,Connecticut
6/30/99,80711,17637,76058,-6014,16276,98348,92334,Connecticut
9/30/99,75422,14668,78827,4719,15982,90090,94809,Connecticut
12/31/99,72675,15379,81191,6714,13577,88054,94768,Connecticut
3/31/00,78459,17682,90313,14410,20238,96141,110551,Connecticut
6/30/00,78346,18103,78399,-3827,14223,96449,92622,Connecticut
9/30/00,76888,13934,80448,7904,18278,90822,98726,Connecticut
12/31/00,71367,22176,78059,-1053,14431,93543,92490,Connecticut
3/31/01,76384,38642,77404,-19655,17967,115026,95371,Connecticut
6/30/01,80576,17539,73242,-8939,15934,98115,89176,Connecticut
9/30/01,81328,9474,69501,-6328,14973,90802,84474,Connecticut
12/31/01,78480,9683,70162,-4794,13207,88163,83369,Connecticut
3/31/02,75118,12268,75433,1679,13632,87386,89065,Connecticut
6/30/02,75350,11095,67203,-7385,11857,86445,79060,Connecticut
9/30/02,74024,12516,67095,-6805,12640,86540,79735,Connecticut
12/31/02,75479,12092,67250,-8728,11593,87571,78843,Connecticut
3/31/03,73861,10167,63689,-7860,12479,84028,76168,Connecticut
6/30/03,74447,11629,70794,-4774,10508,86076,81302,Connecticut
9/30/03,69247,11801,70339,-38,10671,81048,81010,Connecticut
12/31/03,68214,10460,68595,1985,12064,78674,80659,Connecticut
3/31/04,70081,10946,71085,4968,14910,81027,85995,Connecticut
6/30/04,66536,10799,69806,4582,12111,77335,81917,Connecticut
9/30/04,67356,12441,71799,2798,10796,79797,82595,Connecticut
12/31/04,69814,16614,69480,-4168,12780,86428,82260,Connecticut
3/31/05,68923,10341,69446,7139,16957,79264,86403,Connecticut
6/30/05,69820,10096,72537,2914,10293,79916,82830,Connecticut
9/30/05,72481,10292,70790,-621,11362,82773,82152,Connecticut
12/31/05,68744,9349,67252,2004,12845,78093,80097,Connecticut
3/31/06,66819,8250,70875,7803,11997,75069,82872,Connecticut
6/30/06,72398,11911,74602,1318,11025,84309,85627,Connecticut
9/30/06,71459,10375,70372,-90,11372,81834,81744,Connecticut
12/31/06,68045,8722,73677,7730,10820,76767,84497,Connecticut
3/31/07,72717,9819,67900,-1326,13310,82536,81210,Connecticut
6/30/07,68741,10125,76794,8879,10951,78866,87745,Connecticut
9/30/07,72997,9946,68086,-4134,10723,82943,78809,Connecticut
12/31/07,72524,9309,72845,2716,11704,81833,84549,Connecticut
3/31/08,67752,8963,69560,2837,9992,76715,79552,Connecticut
6/30/08,75572,9702,71015,-5723,8536,85274,79551,Connecticut
9/30/08,77633,10307,63516,-13765,10659,87940,74175,Connecticut
12/31/08,82244,9224,60571,-20005,10892,91468,71463,Connecticut
3/31/09,82797,10367,54991,-28699,9474,93164,64465,Connecticut
6/30/09,76813,10621,60568,-18337,8529,87434,69097,Connecticut
9/30/09,68609,10847,60949,-9246,9261,79456,70210,Connecticut
12/31/09,68338,8046,61646,-5497,9241,76384,70887,Connecticut
3/31/10,65923,16707,60528,-13111,8991,82630,69519,Connecticut
6/30/10,61981,5793,67753,15042,15063,67774,82816,Connecticut
9/30/10,60824,5478,62360,5974,9916,66302,72276,Connecticut
12/31/10,62571,9005,64247,2527,9856,71576,74103,Connecticut
3/31/11,60184,9244,60869,-313,8246,69428,69115,Connecticut
6/30/11,60108,8414,66090,8409,10841,68522,76931,Connecticut
9/30/11,61849,7027,63763,5618,10731,68876,74494,Connecticut
12/31/11,62759,8437,62452,1359,10103,71196,72555,Connecticut
3/31/12,59133,9055,67456,9364,10096,68188,77552,Connecticut
6/30/12,60503,8993,64525,5336,10307,69496,74832,Connecticut
9/30/12,65102,9317,62902,-1358,10159,74419,73061,Connecticut
12/31/12,62592,8530,65285,4494,10331,71122,75616,Connecticut
3/31/13,62612,9837,62938,108,9619,72449,72557,Connecticut
6/30/13,59686,8198,66945,10421,11360,67884,78305,Connecticut
9/30/13,66723,8619,64493,-780,10069,75342,74562,Connecticut
12/31/13,66188,9590,62551,-2797,10430,75778,72981,Connecticut
3/31/14,62091,8889,63582,1220,8618,70980,72200,Connecticut
6/30/14,61044,8028,66752,10343,12663,69072,79415,Connecticut
9/30/14,64349,9467,63722,24,10118,73816,73840,Connecticut
12/31/14,64283,9228,66498,3074,10087,73511,76585,Connecticut
3/31/15,66357,6735,60207,-4842,8043,73092,68250,Connecticut
6/30/15,62196,8819,70104,9903,10814,71015,80918,Connecticut
9/30/15,72296,11266,61996,-10999,10567,83562,72563,Connecticut
12/31/15,61716,8998,66406,6546,10854,70714,77260,Connecticut
3/31/16,64538,7240,65053,3090,9815,71778,74868,Connecticut
6/30/16,66641,9889,68640,1031,8921,76530,77561,Connecticut
9/30/16,66697,9501,64900,-1357,9941,76198,74841,Connecticut
12/31/16,66245,8788,62342,-2314,10377,75033,72719,Connecticut
3/31/17,65885,7403,68871,5889,10306,73288,79177,Connecticut
6/30/17,64157,9082,71961,9082,10360,73239,82321,Connecticut
9/30/17,71421,10239,65152,-5794,10714,81660,75866,Connecticut
12/31/17,64653,9084,65857,2123,10003,73737,75860,Connecticut
9/30/92,15615,5776,15895,-2120,3376,21391,19271,Delaware
12/31/92,17359,4226,16381,-215,4989,21585,21370,Delaware
3/31/93,16133,4870,15858,298,5443,21003,21301,Delaware
6/30/93,15825,2675,18072,3910,4338,18500,22410,Delaware
9/30/93,16135,2869,17939,3017,4082,19004,22021,Delaware
12/31/93,17504,4646,15465,-1975,4710,22150,20175,Delaware
3/31/94,15965,4256,16175,109,4155,20221,20330,Delaware
6/30/94,14831,4089,18128,3955,4747,18920,22875,Delaware
9/30/94,15086,3083,18139,5440,5470,18169,23609,Delaware
12/31/94,17080,4083,17582,195,3776,21163,21358,Delaware
3/31/95,16861,3951,20233,4083,4662,20812,24895,Delaware
6/30/95,20063,4244,16984,-2573,4750,24307,21734,Delaware
9/30/95,16345,3435,20926,5963,4817,19780,25743,Delaware
12/31/95,18120,4086,18996,917,4127,22206,23123,Delaware
3/31/96,20544,4410,21366,515,4103,24954,25469,Delaware
6/30/96,16375,4117,21843,6877,5526,20492,27369,Delaware
9/30/96,23505,4772,21434,939,7782,28277,29216,Delaware
12/31/96,19929,5344,19956,837,6154,25273,26110,Delaware
3/31/97,17862,5825,23778,6467,6376,23687,30154,Delaware
6/30/97,20192,3922,19344,866,5636,24114,24980,Delaware
9/30/97,16561,5143,21337,5179,5546,21704,26883,Delaware
12/31/97,17748,4873,19845,2826,5602,22621,25447,Delaware
3/31/98,18963,4689,20568,774,3858,23652,24426,Delaware
6/30/98,16736,4719,18919,3752,6288,21455,25207,Delaware
9/30/98,17294,4166,21165,5237,5532,21460,26697,Delaware
12/31/98,18602,4768,19914,1205,4661,23370,24575,Delaware
3/31/99,17532,5546,21746,4316,5648,23078,27394,Delaware
6/30/99,21145,4258,20367,558,5594,25403,25961,Delaware
9/30/99,18720,4776,21036,3180,5640,23496,26676,Delaware
12/31/99,19321,4758,22263,4786,6602,24079,28865,Delaware
3/31/00,18994,9688,21360,581,7903,28682,29263,Delaware
6/30/00,22677,7785,19067,-3590,7805,30462,26872,Delaware
9/30/00,20903,6892,21339,135,6591,27795,27930,Delaware
12/31/00,19901,5727,18958,4638,11308,25628,30266,Delaware
3/31/01,19130,5792,23502,5846,7266,24922,30768,Delaware
6/30/01,23778,6417,17074,-7618,5503,30195,22577,Delaware
9/30/01,20065,5597,18408,-1844,5410,25662,23818,Delaware
12/31/01,21557,6899,17972,-4206,6278,28456,24250,Delaware
3/31/02,19843,6275,19398,252,6972,26118,26370,Delaware
6/30/02,22079,5562,17757,-3618,6266,27641,24023,Delaware
9/30/02,16984,4986,19525,3482,5927,21970,25452,Delaware
12/31/02,19897,4719,17847,-2423,4346,24616,22193,Delaware
3/31/03,23086,5048,18753,-2973,6408,28134,25161,Delaware
6/30/03,17261,4442,19973,3607,5337,21703,25310,Delaware
9/30/03,17471,4406,18730,1501,4648,21877,23378,Delaware
12/31/03,18814,4845,19277,1534,5916,23659,25193,Delaware
3/31/04,20396,4944,22294,4255,7301,25340,29595,Delaware
6/30/04,18931,5098,20058,2009,5980,24029,26038,Delaware
9/30/04,20826,5037,20623,400,5640,25863,26263,Delaware
12/31/04,18279,8130,22293,2357,6473,26409,28766,Delaware
3/31/05,18913,5175,18802,357,5643,24088,24445,Delaware
6/30/05,19991,6307,19431,-1273,5594,26298,25025,Delaware
9/30/05,19644,5390,20729,1767,6072,25034,26801,Delaware
12/31/05,20510,4750,20181,1996,7075,25260,27256,Delaware
3/31/06,18844,5951,19613,2507,7689,24795,27302,Delaware
6/30/06,20182,7150,20874,156,6614,27332,27488,Delaware
9/30/06,19984,6335,17752,-2829,5738,26319,23490,Delaware
12/31/06,19331,4532,19589,1832,6106,23863,25695,Delaware
3/31/07,23542,5524,24942,537,4661,29066,29603,Delaware
6/30/07,19591,5048,19796,330,5173,24639,24969,Delaware
9/30/07,22152,4274,18327,-2920,5179,26426,23506,Delaware
12/31/07,19283,4545,21099,2350,5079,23828,26178,Delaware
3/31/08,19448,4192,19638,2525,6527,23640,26165,Delaware
6/30/08,21819,5921,18549,-4377,4814,27740,23363,Delaware
9/30/08,21969,5979,17381,-4168,6399,27948,23780,Delaware
12/31/08,23248,4857,17060,-5141,5904,28105,22964,Delaware
3/31/09,23940,4551,14155,-9677,4659,28491,18814,Delaware
6/30/09,20205,4327,16998,-3004,4530,24532,21528,Delaware
9/30/09,18451,4493,14753,-3924,4267,22944,19020,Delaware
12/31/09,18768,6261,15870,-4664,4495,25029,20365,Delaware
3/31/10,17782,3869,14415,-2170,5066,21651,19481,Delaware
6/30/10,15251,3547,17715,4884,5967,18798,23682,Delaware
9/30/10,16009,4286,17748,3054,5601,20295,23349,Delaware
12/31/10,18070,4622,16879,-921,4892,22692,21771,Delaware
3/31/11,16566,4018,17296,2044,5332,20584,22628,Delaware
6/30/11,18619,5313,17891,-1298,4743,23932,22634,Delaware
9/30/11,18472,5028,19940,1689,5249,23500,25189,Delaware
12/31/11,17556,4019,16482,103,5196,21575,21678,Delaware
3/31/12,16189,4343,17221,1409,4720,20532,21941,Delaware
6/30/12,17551,4676,16987,-323,4917,22227,21904,Delaware
9/30/12,16803,4392,16873,157,4479,21195,21352,Delaware
12/31/12,15653,4270,17860,3680,5743,19923,23603,Delaware
3/31/13,16492,4123,17953,1877,4539,20615,22492,Delaware
6/30/13,16344,4291,17702,1957,4890,20635,22592,Delaware
9/30/13,17186,3787,18373,2191,4791,20973,23164,Delaware
12/31/13,16421,4269,17919,2536,5307,20690,23226,Delaware
3/31/14,17697,3374,16899,1622,5794,21071,22693,Delaware
6/30/14,14856,4006,18830,4935,4967,18862,23797,Delaware
9/30/14,18237,4177,17646,178,4946,22414,22592,Delaware
12/31/14,15780,3950,21005,5775,4500,19730,25505,Delaware
3/31/15,23029,3744,16753,-5565,4455,26773,21208,Delaware
6/30/15,16370,4618,23013,7037,5012,20988,28025,Delaware
9/30/15,18138,4403,17126,197,5612,22541,22738,Delaware
12/31/15,17890,5175,21964,4188,5289,23065,27253,Delaware
3/31/16,20490,3991,19067,198,5612,24481,24679,Delaware
6/30/16,20214,5002,20191,161,5186,25216,25377,Delaware
9/30/16,19397,5255,18535,-743,5374,24652,23909,Delaware
12/31/16,18385,4966,18196,-13,5142,23351,23338,Delaware
3/31/17,18157,4156,19430,2663,5546,22313,24976,Delaware
6/30/17,19578,6699,19679,-1136,5462,26277,25141,Delaware
9/30/17,18673,6560,18066,-719,6448,25233,24514,Delaware
12/31/17,18200,6240,19670,2613,7383,24440,27053,Delaware
9/30/92,295920,89441,316757,33173,101777,385361,418534,Florida
12/31/92,279751,85672,332903,62902,95422,365423,428325,Florida
3/31/93,291275,82143,340755,70673,103336,373418,444091,Florida
6/30/93,297286,95922,351014,53153,95347,393208,446361,Florida
9/30/93,302085,95000,343446,48194,101833,397085,445279,Florida
12/31/93,306935,95406,339052,39302,102591,402341,441643,Florida
3/31/94,308369,89045,369370,72178,100222,397414,469592,Florida
6/30/94,310203,98925,342280,37273,104121,409128,446401,Florida
9/30/94,303464,85256,359524,81597,110793,388720,470317,Florida
12/31/94,318248,95310,352145,31000,92413,413558,444558,Florida
3/31/95,327326,93358,371145,64479,114018,420684,485163,Florida
6/30/95,339044,101190,337284,-2873,100077,440234,437361,Florida
9/30/95,300476,89457,360997,63711,92647,389933,453644,Florida
12/31/95,322514,92154,359591,45824,100901,414668,460492,Florida
3/31/96,379924,113253,377996,33001,148182,493177,526178,Florida
6/30/96,334338,115686,363287,30375,117112,450024,480399,Florida
9/30/96,357459,101527,381796,28512,105702,458986,487498,Florida
12/31/96,317876,105689,362372,98245,159438,423565,521810,Florida
3/31/97,358284,126498,401371,36558,119969,484782,521340,Florida
6/30/97,336239,115886,384240,65520,133405,452125,517645,Florida
9/30/97,328411,137597,428942,98414,135480,466008,564422,Florida
12/31/97,346499,222327,407682,-43093,118051,568826,525733,Florida
3/31/98,359647,161492,389919,34096,165316,521139,555235,Florida
6/30/98,341985,102326,388455,134218,190074,444311,578529,Florida
9/30/98,343271,118991,390971,70143,141434,462262,532405,Florida
12/31/98,330375,147773,403245,56245,131148,478148,534393,Florida
3/31/99,383197,159993,433466,13432,123156,543190,556622,Florida
6/30/99,322667,123130,388127,87944,145614,445797,533741,Florida
9/30/99,344006,135622,356430,-4717,118481,479628,474911,Florida
12/31/99,302510,130775,381223,66589,118651,433285,499874,Florida
3/31/00,350270,133409,405597,75727,153809,483679,559406,Florida
6/30/00,362292,108739,402049,44241,113223,471031,515272,Florida
9/30/00,363335,104949,396996,55294,126582,468284,523578,Florida
12/31/00,375216,100534,368242,25196,132704,475750,500946,Florida
3/31/01,353515,177801,395925,51863,187254,531316,583179,Florida
6/30/01,365373,128494,366992,-17732,109143,493867,476135,Florida
9/30/01,366143,120693,350999,-12932,122905,486836,473904,Florida
12/31/01,396705,112989,336901,-61167,111626,509694,448527,Florida
3/31/02,390794,129757,386255,3093,137389,520551,523644,Florida
6/30/02,350329,128968,357008,26029,148318,479297,505326,Florida
9/30/02,363772,118724,397396,38721,123821,482496,521217,Florida
12/31/02,356472,116441,370154,23908,126667,472913,496821,Florida
3/31/03,392300,142192,421240,13823,127075,534492,548315,Florida
6/30/03,342284,116328,352576,-7849,98187,458612,450763,Florida
9/30/03,320415,112226,368218,40552,104975,432641,473193,Florida
12/31/03,345996,115895,370956,24669,115604,461891,486560,Florida
3/31/04,395317,118746,401547,53822,166338,514063,567885,Florida
6/30/04,322755,127304,436387,123919,137591,450059,573978,Florida
9/30/04,377691,135058,357589,-32207,122953,512749,480542,Florida
12/31/04,305412,113895,417913,139977,141371,419307,559284,Florida
3/31/05,359938,116091,423857,64514,116686,476029,540543,Florida
6/30/05,339231,107258,396660,92568,142397,446489,539057,Florida
9/30/05,339461,135151,422195,86642,139059,474612,561254,Florida
12/31/05,371175,111583,371851,18874,129781,482758,501632,Florida
3/31/06,332179,100722,402286,84768,115383,432901,517669,Florida
6/30/06,371414,120459,398492,27836,121217,491873,519709,Florida
9/30/06,372657,113835,381763,9120,113849,486492,495612,Florida
12/31/06,391764,113660,372622,-16282,116520,505424,489142,Florida
3/31/07,362420,112382,377002,24887,122687,474802,499689,Florida
6/30/07,395032,139401,361171,-42901,130361,534433,491532,Florida
9/30/07,417108,137102,348467,-74837,130906,554210,479373,Florida
12/31/07,403250,118414,354009,-43625,124030,521664,478039,Florida
3/31/08,392051,125044,328233,-48249,140613,517095,468846,Florida
6/30/08,406534,172069,326064,-124208,128331,578603,454395,Florida
9/30/08,415635,149631,305551,-126948,132767,565266,438318,Florida
12/31/08,439792,142417,302764,-150752,128693,582209,431457,Florida
3/31/09,399434,126367,262240,-151767,111794,525801,374034,Florida
6/30/09,366135,123863,283978,-96378,109642,489998,393620,Florida
9/30/09,357371,124193,280093,-87773,113698,481564,393791,Florida
12/31/09,322161,116834,309195,-11092,118708,438995,427903,Florida
3/31/10,300454,92630,288401,-8406,96277,393084,384678,Florida
6/30/10,297407,102869,323980,27570,103866,400276,427846,Florida
9/30/10,310934,116415,304294,-15635,107420,427349,411714,Florida
12/31/10,292836,115789,326331,38463,120757,408625,447088,Florida
3/31/11,280611,96911,303419,20488,94591,377522,398010,Florida
6/30/11,295337,100493,319182,33477,110125,395830,429307,Florida
9/30/11,290342,99692,326635,50308,113707,390034,440342,Florida
12/31/11,299878,110488,315940,24277,118703,410366,434643,Florida
3/31/12,277938,87246,319494,56707,102397,365184,421891,Florida
6/30/12,302215,90997,319450,36460,110222,393212,429672,Florida
9/30/12,309110,114286,337407,29840,115829,423396,453236,Florida
12/31/12,293064,105735,336487,53586,115898,398799,452385,Florida
3/31/13,289674,103226,328998,37659,101561,392900,430559,Florida
6/30/13,304807,103173,342716,52633,117897,407980,460613,Florida
9/30/13,298568,100789,336427,53751,116681,399357,453108,Florida
12/31/13,295581,100311,346964,61359,110287,395892,457251,Florida
3/31/14,292952,91152,331646,46731,99189,384104,430835,Florida
6/30/14,307265,106252,366031,65689,113175,413517,479206,Florida
9/30/14,307249,99081,370072,83705,119963,406330,490035,Florida
12/31/14,299966,107435,368136,75825,115090,407401,483226,Florida
3/31/15,296489,91573,337737,51369,101694,388062,439431,Florida
6/30/15,313742,97787,372196,70371,109704,411529,481900,Florida
9/30/15,311786,98730,369139,71689,113066,410516,482205,Florida
12/31/15,307694,104524,385400,98018,124836,412218,510236,Florida
3/31/16,319431,92005,337251,32571,106756,411436,444007,Florida
6/30/16,326108,102860,365979,35748,98737,428968,464716,Florida
9/30/16,315568,112357,406070,112035,133890,427925,539960,Florida
12/31/16,335947,109778,365909,41985,121801,445725,487710,Florida
3/31/17,319032,90258,344941,35932,100281,409290,445222,Florida
6/30/17,345049,105938,380000,36819,107806,450987,487806,Florida
9/30/17,424235,126355,311858,-133491,105241,550590,417099,Florida
12/31/17,284518,102136,461816,214372,139210,386654,601026,Florida
9/30/92,129341,34364,161531,42779,44953,163705,206484,Georgia
12/31/92,148850,33649,150854,16888,48533,182499,199387,Georgia
3/31/93,157102,31760,150279,9352,47935,188862,198214,Georgia
6/30/93,133222,35033,169756,43490,41989,168255,211745,Georgia
9/30/93,145902,30018,176744,44185,43361,175920,220105,Georgia
12/31/93,152865,30375,174712,39734,48262,183240,222974,Georgia
3/31/94,155605,38365,175939,24057,42088,193970,218027,Georgia
6/30/94,143914,38771,183256,42929,42358,182685,225614,Georgia
9/30/94,149803,32377,187273,51936,46843,182180,234116,Georgia
12/31/94,162895,31883,183425,32395,43748,194778,227173,Georgia
3/31/95,170994,36483,185941,26214,47750,207477,233691,Georgia
6/30/95,165635,39454,180563,27504,52030,205089,232593,Georgia
9/30/95,165161,37374,194987,40412,47960,202535,242947,Georgia
12/31/95,176972,36607,188696,27408,52291,213579,240987,Georgia
3/31/96,180512,41705,192107,28101,58211,222217,250318,Georgia
6/30/96,177405,42307,204282,44306,59736,219712,264018,Georgia
9/30/96,187438,43948,197258,13564,47692,231386,244950,Georgia
12/31/96,189243,43377,193879,19145,57886,232620,251765,Georgia
3/31/97,181975,45367,197933,19068,48477,227342,246410,Georgia
6/30/97,189332,55927,188505,4848,61602,245259,250107,Georgia
9/30/97,179504,56981,209194,36852,64143,236485,273337,Georgia
12/31/97,179589,59750,199800,34564,74103,239339,273903,Georgia
3/31/98,184960,82822,218578,25973,75177,267782,293755,Georgia
6/30/98,198459,70955,212890,28746,85270,269414,298160,Georgia
9/30/98,189246,59259,213775,31069,65799,248505,279574,Georgia
12/31/98,188055,52124,202791,27704,65092,240179,267883,Georgia
3/31/99,188342,66037,205620,27448,76207,254379,281827,Georgia
6/30/99,185121,53595,213587,58963,84092,238716,297679,Georgia
9/30/99,206182,77727,212691,4196,75414,283909,288105,Georgia
12/31/99,195321,65614,217686,27605,70854,260935,288540,Georgia
3/31/00,202696,65869,221653,29880,76792,268565,298445,Georgia
6/30/00,200281,62756,206434,16589,73192,263037,279626,Georgia
9/30/00,202089,70194,208821,15370,78832,272283,287653,Georgia
12/31/00,204691,64490,204875,1448,65754,269181,270629,Georgia
3/31/01,210353,74149,203378,-16869,64255,284502,267633,Georgia
6/30/01,215360,52262,179968,-25094,62560,267622,242528,Georgia
9/30/01,215809,72116,197217,-15273,75435,287925,272652,Georgia
12/31/01,231086,91281,181907,-68046,72414,322367,254321,Georgia
3/31/02,198612,55612,189536,-2395,62293,254224,251829,Georgia
6/30/02,194849,43455,186952,5159,56511,238304,243463,Georgia
9/30/02,182595,61823,174545,-14544,55329,244418,229874,Georgia
12/31/02,179711,54852,167568,-17142,49853,234563,217421,Georgia
3/31/03,199435,53194,179924,-17471,55234,252629,235158,Georgia
6/30/03,179795,62302,165372,-28675,48050,242097,213422,Georgia
9/30/03,164155,34820,179366,27322,46931,198975,226297,Georgia
12/31/03,167277,43201,173297,7804,44985,210478,218282,Georgia
3/31/04,176424,50105,188433,21786,59882,226529,248315,Georgia
6/30/04,171405,64159,185503,13560,63621,235564,249124,Georgia
9/30/04,184630,82601,177189,-25679,64363,267231,241552,Georgia
12/31/04,161010,54127,198818,57392,73711,215137,272529,Georgia
3/31/05,178147,71479,202114,12634,60146,249626,262260,Georgia
6/30/05,180726,52368,191962,27562,68694,233094,260656,Georgia
9/30/05,174226,58856,196540,27139,63681,233082,260221,Georgia
12/31/05,177012,56273,189917,11855,55223,233285,245140,Georgia
3/31/06,169007,57506,199802,31827,58538,226513,258340,Georgia
6/30/06,184583,47127,193643,24655,62722,231710,256365,Georgia
9/30/06,180195,69978,183467,-4083,62623,250173,246090,Georgia
12/31/06,185005,63981,192423,10368,66931,248986,259354,Georgia
3/31/07,178360,55352,196262,21293,58743,233712,255005,Georgia
6/30/07,190226,58772,187811,-4881,56306,248998,244117,Georgia
9/30/07,190246,50746,178270,1864,64586,240992,242856,Georgia
12/31/07,186392,67154,187949,-6833,58764,253546,246713,Georgia
3/31/08,195711,58163,169404,-13259,71211,253874,240615,Georgia
6/30/08,195283,66455,172434,-28086,61218,261738,233652,Georgia
9/30/08,197516,60353,161063,-37308,59498,257869,220561,Georgia
12/31/08,228485,70116,155169,-83618,59814,298601,214983,Georgia
3/31/09,209924,61440,140802,-77019,53543,271364,194345,Georgia
6/30/09,194046,61759,145518,-52299,57988,255805,203506,Georgia
9/30/09,175621,50920,138995,-38233,49313,226541,188308,Georgia
12/31/09,160540,54471,152779,-10251,51981,215011,204760,Georgia
3/31/10,152972,49551,149481,-1503,51539,202523,201020,Georgia
6/30/10,146316,57798,160249,4955,48820,204114,209069,Georgia
9/30/10,150887,47834,158703,16479,56497,198721,215200,Georgia
12/31/10,146533,51103,162967,16161,50830,197636,213797,Georgia
3/31/11,142555,47068,160491,20713,49845,189623,210336,Georgia
6/30/11,151818,45428,158479,7340,46107,197246,204586,Georgia
9/30/11,152332,45119,157185,10051,50317,197451,207502,Georgia
12/31/11,150405,51543,153156,-905,47887,201948,201043,Georgia
3/31/12,142039,48651,164408,29617,55899,190690,220307,Georgia
6/30/12,149961,44736,161042,14163,47818,194697,208860,Georgia
9/30/12,152992,45634,155104,2758,46280,198626,201384,Georgia
12/31/12,143112,46415,164762,27070,51835,189527,216597,Georgia
3/31/13,144352,43276,166509,28249,49368,187628,215877,Georgia
6/30/13,151930,45348,168736,17087,45629,197278,214365,Georgia
9/30/13,152021,41313,171539,25371,47166,193334,218705,Georgia
12/31/13,144928,47272,173620,30446,49026,192200,222646,Georgia
3/31/14,147233,41237,168952,32595,52113,188470,221065,Georgia
6/30/14,153282,46821,180490,29573,49186,200103,229676,Georgia
9/30/14,158770,39623,179838,32091,50646,198393,230484,Georgia
12/31/14,153172,39208,187618,44983,49745,192380,237363,Georgia
3/31/15,161734,39902,172982,15937,44591,201636,217573,Georgia
6/30/15,161647,40638,192311,30450,40424,202285,232735,Georgia
9/30/15,169745,39228,184628,19936,44281,208973,228909,Georgia
12/31/15,160092,42962,196734,44888,51208,203054,247942,Georgia
3/31/16,167134,39711,180892,17038,42991,206845,223883,Georgia
6/30/16,173068,56872,191318,18575,57197,229940,248515,Georgia
9/30/16,169780,43338,190007,30598,53709,213118,243716,Georgia
12/31/16,164163,47406,192401,28315,47483,211569,239884,Georgia
3/31/17,171301,41459,179747,18205,51218,212760,230965,Georgia
6/30/17,178100,47390,184537,4133,45086,225490,229623,Georgia
9/30/17,184833,43518,181574,-3425,43352,228351,224926,Georgia
12/31/17,159827,45409,203475,50317,52078,205236,255553,Georgia
9/30/92,23103,6124,20217,-1438,7572,29227,27789,Hawaii
12/31/92,24773,7232,23740,-1664,6601,32005,30341,Hawaii
3/31/93,24043,6694,23648,236,7325,30737,30973,Hawaii
6/30/93,24545,4631,20778,-1487,6911,29176,27689,Hawaii
9/30/93,23361,6924,20140,-3480,6665,30285,26805,Hawaii
12/31/93,25761,6101,22045,-1883,7934,31862,29979,Hawaii
3/31/94,20610,9522,24166,1953,7919,30132,32085,Hawaii
6/30/94,23352,4199,20393,1151,8309,27551,28702,Hawaii
9/30/94,21988,5809,22090,124,5831,27797,27921,Hawaii
12/31/94,22691,7482,21086,-1178,7909,30173,28995,Hawaii
3/31/95,21348,6256,20388,596,7812,27604,28200,Hawaii
6/30/95,22295,5537,20638,-1928,5266,27832,25904,Hawaii
9/30/95,21850,6966,21039,-3014,4763,28816,25802,Hawaii
12/31/95,21192,5711,19851,-1754,5298,26903,25149,Hawaii
3/31/96,21811,3886,20693,1579,6583,25697,27276,Hawaii
6/30/96,19738,6968,20433,-1114,5159,26706,25592,Hawaii
9/30/96,22048,4735,20355,-180,6248,26783,26603,Hawaii
12/31/96,21960,7076,21901,-991,6144,29036,28045,Hawaii
3/31/97,20792,5068,19485,1590,7965,25860,27450,Hawaii
6/30/97,21505,5089,19341,-1703,5550,26594,24891,Hawaii
9/30/97,20375,5404,19898,-1373,4508,25779,24406,Hawaii
12/31/97,19623,8042,21077,-1130,5458,27665,26535,Hawaii
3/31/98,19296,5736,19737,252,5547,25032,25284,Hawaii
6/30/98,20356,5156,20191,652,5973,25512,26164,Hawaii
9/30/98,20408,5064,20987,479,4964,25472,25951,Hawaii
12/31/98,21692,4142,19980,-1300,4554,25834,24534,Hawaii
3/31/99,20105,5026,20317,969,5783,25131,26100,Hawaii
6/30/99,17928,5103,20668,3087,5450,23031,26118,Hawaii
9/30/99,18689,5651,20288,1682,5734,24340,26022,Hawaii
12/31/99,18994,4862,22356,3891,5391,23856,27747,Hawaii
3/31/00,20049,5251,23383,5046,6963,25300,30346,Hawaii
6/30/00,19224,5350,23795,5652,6431,24574,30226,Hawaii
9/30/00,19525,6452,23549,3453,5881,25977,29430,Hawaii
12/31/00,21233,5999,21703,-271,5258,27232,26961,Hawaii
3/31/01,19716,6107,21906,1351,5268,25823,27174,Hawaii
6/30/01,20501,6281,21058,852,6576,26782,27634,Hawaii
9/30/01,21968,5180,20327,-2008,4813,27148,25140,Hawaii
12/31/01,32127,5449,17647,-14901,5028,37576,22675,Hawaii
3/31/02,19657,5009,24224,4773,5215,24666,29439,Hawaii
6/30/02,17573,5936,24452,6337,5394,23509,29846,Hawaii
9/30/02,18532,4905,21700,2322,4059,23437,25759,Hawaii
12/31/02,20546,3921,21184,3012,6295,24467,27479,Hawaii
3/31/03,19915,6388,22981,1427,4749,26303,27730,Hawaii
6/30/03,19314,4219,20612,1514,4435,23533,25047,Hawaii
9/30/03,18720,4488,22177,3928,4959,23208,27136,Hawaii
12/31/03,19500,4725,21679,2827,5373,24225,27052,Hawaii
3/31/04,20333,4450,22317,2458,4924,24783,27241,Hawaii
6/30/04,18318,4409,23863,5640,4504,22727,28367,Hawaii
9/30/04,19582,4299,22696,4861,6046,23881,28742,Hawaii
12/31/04,19440,3991,24047,5767,5151,23431,29198,Hawaii
3/31/05,20374,4133,23229,3000,4278,24507,27507,Hawaii
6/30/05,19141,4483,24973,5866,4517,23624,29490,Hawaii
9/30/05,20213,3903,25069,5618,4665,24116,29734,Hawaii
12/31/05,22098,3800,23424,2346,4820,25898,28244,Hawaii
3/31/06,21285,3940,23717,3029,4537,25225,28254,Hawaii
6/30/06,20397,3991,24212,4812,4988,24388,29200,Hawaii
9/30/06,21782,4279,23312,1711,4460,26061,27772,Hawaii
12/31/06,22204,4878,22867,315,4530,27082,27397,Hawaii
3/31/07,22508,4490,22998,1538,5538,26998,28536,Hawaii
6/30/07,21486,4818,24553,3697,5448,26304,30001,Hawaii
9/30/07,24270,5757,21992,-3573,4462,30027,26454,Hawaii
12/31/07,22052,4842,22335,634,5193,26894,27528,Hawaii
3/31/08,24008,4902,23608,-138,5164,28910,28772,Hawaii
6/30/08,26941,6975,22234,-6428,5254,33916,27488,Hawaii
9/30/08,28945,4943,19845,-8787,5256,33888,25101,Hawaii
12/31/08,28384,5492,19154,-9730,4992,33876,24146,Hawaii
3/31/09,25075,5134,18170,-7441,4598,30209,22768,Hawaii
6/30/09,24072,5844,18358,-6475,5083,29916,23441,Hawaii
9/30/09,22276,5396,18598,-3928,5146,27672,23744,Hawaii
12/31/09,21038,5552,19168,-2230,5192,26590,24360,Hawaii
3/31/10,20485,4563,19895,-419,4734,25048,24629,Hawaii
6/30/10,20499,5100,20059,-826,4714,25599,24773,Hawaii
9/30/10,19446,5825,22250,2509,5530,25271,27780,Hawaii
12/31/10,18445,4988,21682,3238,4989,23433,26671,Hawaii
3/31/11,18353,4272,20393,2331,4563,22625,24956,Hawaii
6/30/11,20822,6424,19705,-2999,4542,27246,24247,Hawaii
9/30/11,17579,4173,22783,6298,5267,21752,28050,Hawaii
12/31/11,17885,4392,20682,3184,4779,22277,25461,Hawaii
3/31/12,21173,4097,21096,227,4401,25270,25497,Hawaii
6/30/12,18764,4771,22675,4088,4948,23535,27623,Hawaii
9/30/12,18476,4388,21241,4033,5656,22864,26897,Hawaii
12/31/12,17159,3939,21706,5411,4803,21098,26509,Hawaii
3/31/13,19292,4097,21292,2321,4418,23389,25710,Hawaii
6/30/13,20129,4773,21544,1217,4575,24902,26119,Hawaii
9/30/13,19168,4679,21607,3465,5705,23847,27312,Hawaii
12/31/13,18528,4089,22746,4630,4501,22617,27247,Hawaii
3/31/14,20695,4910,20224,-910,4471,25605,24695,Hawaii
6/30/14,19971,4935,20565,24,4365,24906,24930,Hawaii
9/30/14,18962,4080,22026,3576,4592,23042,26618,Hawaii
12/31/14,18093,4251,21961,4173,4556,22344,26517,Hawaii
3/31/15,19994,3966,21947,2152,4165,23960,26112,Hawaii
6/30/15,20024,4649,21275,930,4328,24673,25603,Hawaii
9/30/15,19636,4123,21114,2410,5055,23759,26169,Hawaii
12/31/15,18368,4832,24240,6925,5885,23200,30125,Hawaii
3/31/16,21240,4816,23212,1505,4349,26056,27561,Hawaii
6/30/16,24657,5701,23208,-1707,5443,30358,28651,Hawaii
9/30/16,21102,4252,24491,5726,6589,25354,31080,Hawaii
12/31/16,22301,4474,21332,-102,5341,26775,26673,Hawaii
3/31/17,20672,4851,22489,1856,4890,25523,27379,Hawaii
6/30/17,23174,5482,22342,-1009,5305,28656,27647,Hawaii
9/30/17,22907,5127,22388,716,6362,28034,28750,Hawaii
12/31/17,20352,5758,22486,1010,4634,26110,27120,Hawaii
9/30/92,29287,6593,29236,-556,6088,35880,35324,Idaho
12/31/92,25489,5402,25791,2296,7396,30891,33187,Idaho
3/31/93,24164,4755,24071,349,5197,28919,29268,Idaho
6/30/93,22882,4589,30691,11148,7928,27471,38619,Idaho
9/30/93,27698,5975,31879,4880,6674,33673,38553,Idaho
12/31/93,26907,5216,29074,4004,7053,32123,36127,Idaho
3/31/94,24948,4174,29736,6967,6353,29122,36089,Idaho
6/30/94,25178,4233,31749,9815,7477,29411,39226,Idaho
9/30/94,32468,5515,31664,893,7212,37983,38876,Idaho
12/31/94,30316,6047,30576,898,6685,36363,37261,Idaho
3/31/95,26490,6939,34205,6959,6183,33429,40388,Idaho
6/30/95,31335,4818,29127,70,7096,36153,36223,Idaho
9/30/95,31227,5439,32387,3456,7735,36666,40122,Idaho
12/31/95,30151,5917,29948,128,6248,36068,36196,Idaho
3/31/96,28750,4864,31792,5681,7503,33614,39295,Idaho
6/30/96,29589,4994,31075,5111,8619,34583,39694,Idaho
9/30/96,32528,5851,31769,229,6839,38379,38608,Idaho
12/31/96,28724,6450,30120,2513,7567,35174,37687,Idaho
3/31/97,28156,5738,32821,5653,6726,33894,39547,Idaho
6/30/97,29734,4933,31177,4039,7529,34667,38706,Idaho
9/30/97,31132,6547,32912,2990,7757,37679,40669,Idaho
12/31/97,30191,6014,32041,5172,9336,36205,41377,Idaho
3/31/98,30739,6894,32287,2640,7986,37633,40273,Idaho
6/30/98,31956,6255,31760,1294,7745,38211,39505,Idaho
9/30/98,30305,7005,33250,3883,7943,37310,41193,Idaho
12/31/98,29923,7026,32683,5462,9728,36949,42411,Idaho
3/31/99,30696,6286,30900,1330,7412,36982,38312,Idaho
6/30/99,29389,5478,32879,5128,7116,34867,39995,Idaho
9/30/99,30300,6442,33413,4983,8312,36742,41725,Idaho
12/31/99,30264,6226,34362,5136,7264,36490,41626,Idaho
3/31/00,30805,7136,33255,3921,8607,37941,41862,Idaho
6/30/00,30982,8449,35931,4769,8269,39431,44200,Idaho
9/30/00,33207,7927,37362,5382,9154,41134,46516,Idaho
12/31/00,33860,8061,35504,2988,9405,41921,44909,Idaho
3/31/01,33870,10668,36440,3286,11384,44538,47824,Idaho
6/30/01,36248,10436,33388,-4376,8920,46684,42308,Idaho
9/30/01,36116,8516,32227,-4193,8212,44632,40439,Idaho
12/31/01,34213,7670,30670,-3519,7694,41883,38364,Idaho
3/31/02,34320,7704,28888,-4023,9113,42024,38001,Idaho
6/30/02,31938,7054,35508,5289,8773,38992,44281,Idaho
9/30/02,31458,7007,32096,1368,7737,38465,39833,Idaho
12/31/02,31335,6350,33794,3625,7516,37685,41310,Idaho
3/31/03,34857,9014,31137,-3187,9547,43871,40684,Idaho
6/30/03,31816,7336,30569,488,9071,39152,39640,Idaho
9/30/03,30231,8848,31859,721,7941,39079,39800,Idaho
12/31/03,30476,6667,32111,3507,8539,37143,40650,Idaho
3/31/04,30354,9207,36242,4729,8048,39561,44290,Idaho
6/30/04,29381,6971,35994,8317,8675,36352,44669,Idaho
9/30/04,32703,7453,30760,-1356,8040,40156,38800,Idaho
12/31/04,28864,6986,34101,7129,8878,35850,42979,Idaho
3/31/05,29791,7872,36441,8051,9273,37663,45714,Idaho
6/30/05,29729,7971,33116,4090,8674,37700,41790,Idaho
9/30/05,28035,7479,36030,9308,8792,35514,44822,Idaho
12/31/05,31460,6979,36886,7853,9406,38439,46292,Idaho
3/31/06,30765,8674,38426,8907,9920,39439,48346,Idaho
6/30/06,33923,8049,37151,4697,9518,41972,46669,Idaho
9/30/06,35123,7602,34392,2269,10602,42725,44994,Idaho
12/31/06,32717,8052,36811,5731,9689,40769,46500,Idaho
3/31/07,32208,8133,38800,8379,9920,40341,48720,Idaho
6/30/07,36161,8135,35650,1028,9674,44296,45324,Idaho
9/30/07,37775,9306,32660,-5270,9151,47081,41811,Idaho
12/31/07,34377,8615,37293,3655,9354,42992,46647,Idaho
3/31/08,37887,9468,34584,-2994,9777,47355,44361,Idaho
6/30/08,37997,9598,32575,-5850,9170,47595,41745,Idaho
9/30/08,37919,10216,32163,-7035,8937,48135,41100,Idaho
12/31/08,41082,9538,29166,-12186,9268,50620,38434,Idaho
3/31/09,44908,10298,25924,-19887,9395,55206,35319,Idaho
6/30/09,37235,10079,29988,-8617,8709,47314,38697,Idaho
9/30/09,30506,9111,30976,-483,8158,39617,39134,Idaho
12/31/09,31613,8397,29018,-1876,9116,40010,38134,Idaho
3/31/10,31890,7755,28835,-3707,7103,39645,35938,Idaho
6/30/10,30591,8232,28995,-2035,7793,38823,36788,Idaho
9/30/10,27608,7912,30181,4237,9576,35520,39757,Idaho
12/31/10,29674,8303,32026,2645,8596,37977,40622,Idaho
3/31/11,29103,7925,27722,-2344,6962,37028,34684,Idaho
6/30/11,29537,7532,29426,420,8063,37069,37489,Idaho
9/30/11,26551,7441,32563,7481,8910,33992,41473,Idaho
12/31/11,29626,8258,29557,-728,7599,37884,37156,Idaho
3/31/12,30673,9345,29711,-2325,7982,40018,37693,Idaho
6/30/12,28984,8428,32361,3181,8232,37412,40593,Idaho
9/30/12,28223,7696,32523,5416,8812,35919,41335,Idaho
12/31/12,30057,7158,32432,2929,7712,37215,40144,Idaho
3/31/13,28939,11619,33469,385,7474,40558,40943,Idaho
6/30/13,29889,7951,32667,3709,8882,37840,41549,Idaho
9/30/13,29247,7956,31472,3137,8868,37203,40340,Idaho
12/31/13,30501,8057,35111,5020,8467,38558,43578,Idaho
3/31/14,31138,7875,34977,5456,9492,39013,44469,Idaho
6/30/14,33335,8458,33055,-648,8090,41793,41145,Idaho
9/30/14,32965,6244,30559,364,9014,39209,39573,Idaho
12/31/14,28815,9593,34914,4456,7950,38408,42864,Idaho
3/31/15,30945,8003,38136,9986,10798,38948,48934,Idaho
6/30/15,31891,7766,33906,1773,7524,39657,41430,Idaho
9/30/15,31230,7854,34909,4138,8313,39084,43222,Idaho
12/31/15,31851,6847,35539,5100,8259,38698,43798,Idaho
3/31/16,28714,7748,37292,10000,9170,36462,46462,Idaho
6/30/16,33939,6390,34137,922,7114,40329,41251,Idaho
9/30/16,33432,7742,35997,3837,9014,41174,45011,Idaho
12/31/16,31233,7664,34920,3948,7925,38897,42845,Idaho
3/31/17,30464,6688,36728,8811,9235,37152,45963,Idaho
6/30/17,32387,6737,34950,4126,8300,39124,43250,Idaho
9/30/17,32525,6647,31123,44,8093,39172,39216,Idaho
12/31/17,30609,7322,35121,6136,8946,37931,44067,Idaho
9/30/92,224340,61023,279273,66522,72612,285363,351885,Illinois
12/31/92,244243,56399,235791,49,64900,300642,300691,Illinois
3/31/93,236718,64071,266127,39262,73924,300789,340051,Illinois
6/30/93,236050,79941,256042,-1323,58626,315991,314668,Illinois
9/30/93,232307,65214,275449,62577,84649,297521,360098,Illinois
12/31/93,240897,70812,265928,27206,72987,311709,338915,Illinois
3/31/94,253295,65019,277765,47490,88039,318314,365804,Illinois
6/30/94,234925,74428,260011,29266,78608,309353,338619,Illinois
9/30/94,256421,59723,291584,55103,79663,316144,371247,Illinois
12/31/94,245226,63996,253860,-10531,44831,309222,298691,Illinois
3/31/95,244589,69822,296586,88312,106137,314411,402723,Illinois
6/30/95,261215,81004,252315,-19226,70678,342219,322993,Illinois
9/30/95,243803,66145,282485,45497,72960,309948,355445,Illinois
12/31/95,255907,75940,256149,4117,79815,331847,335964,Illinois
3/31/96,271686,64374,283704,14642,66998,336060,350702,Illinois
6/30/96,273164,39197,252772,14708,74297,312361,327069,Illinois
9/30/96,254473,69804,279129,29877,75025,324277,354154,Illinois
12/31/96,257881,56369,285350,33595,62495,314250,347845,Illinois
3/31/97,257972,63271,283616,38979,76606,321243,360222,Illinois
6/30/97,276202,61512,257506,-11749,68459,337714,325965,Illinois
9/30/97,259306,64397,287077,33836,70462,323703,357539,Illinois
12/31/97,261994,61912,303381,54408,74933,323906,378314,Illinois
3/31/98,284146,61349,300835,26282,70942,345495,371777,Illinois
6/30/98,289799,67553,271500,36,85888,357352,357388,Illinois
9/30/98,262087,73398,308535,44462,71412,335485,379947,Illinois
12/31/98,262375,55653,280101,28386,66313,318028,346414,Illinois
3/31/99,277986,61434,268984,3177,73613,339420,342597,Illinois
6/30/99,260547,62687,265678,8713,66269,323234,331947,Illinois
9/30/99,254847,59529,264901,8065,57540,314376,322441,Illinois
12/31/99,244260,54819,280276,43249,62052,299079,342328,Illinois
3/31/00,259235,59068,297275,42602,63630,318303,360905,Illinois
6/30/00,272320,53338,265950,433,60141,325658,326091,Illinois
9/30/00,266543,59220,271689,7634,61708,325763,333397,Illinois
12/31/00,276817,52306,257678,-14730,56715,329123,314393,Illinois
3/31/01,271226,64024,294153,14343,55440,335250,349593,Illinois
6/30/01,293000,57764,250413,-39085,61266,350764,311679,Illinois
9/30/01,290283,64719,237260,-67816,49926,355002,287186,Illinois
12/31/01,292720,55586,242625,-51314,54367,348306,296992,Illinois
3/31/02,265570,55924,240484,-28102,52908,321494,293392,Illinois
6/30/02,268051,57216,248318,-16354,60595,325267,308913,Illinois
9/30/02,248395,49431,239341,-5001,53484,297826,292825,Illinois
12/31/02,261226,53522,246026,-16026,52696,314748,298722,Illinois
3/31/03,264895,52201,232255,-32542,52299,317096,284554,Illinois
6/30/03,251480,54622,237938,-16229,51935,306102,289873,Illinois
9/30/03,244115,50292,241251,1704,54860,294407,296111,Illinois
12/31/03,245951,52041,241083,-1136,55773,297992,296856,Illinois
3/31/04,243506,58286,249172,5131,57751,301792,306923,Illinois
6/30/04,236661,53096,252920,16553,53390,289757,306310,Illinois
9/30/04,234781,57248,240575,-1629,49825,292029,290400,Illinois
12/31/04,226366,56709,239835,15499,58739,283075,298574,Illinois
3/31/05,235128,51565,228549,-4815,53329,286693,281878,Illinois
6/30/05,230984,53899,244942,21357,61298,284883,306240,Illinois
9/30/05,225984,47200,249315,31565,55434,273184,304749,Illinois
12/31/05,233371,49481,237563,5046,50335,282852,287898,Illinois
3/31/06,217118,49248,248087,27569,45848,266366,293935,Illinois
6/30/06,227565,42231,250469,31195,50522,269796,300991,Illinois
9/30/06,236284,48878,233495,-6256,45411,285162,278906,Illinois
12/31/06,230325,46600,238548,12337,50714,276925,289262,Illinois
3/31/07,224610,50012,245591,18833,47864,274622,293455,Illinois
6/30/07,228630,50544,247252,14420,46342,279174,293594,Illinois
9/30/07,239380,47365,224666,-17424,44655,286745,269321,Illinois
12/31/07,230405,48318,237763,8945,49905,278723,287668,Illinois
3/31/08,232109,50794,223443,-15803,43657,282903,267100,Illinois
6/30/08,238751,46311,224307,-9299,51456,285062,275763,Illinois
9/30/08,249518,46608,207402,-42592,46132,296126,253534,Illinois
12/31/08,274427,54171,197009,-85261,46328,328598,243337,Illinois
3/31/09,283050,53471,177005,-121429,38087,336521,215092,Illinois
6/30/09,277691,47773,194262,-81299,49903,325464,244165,Illinois
9/30/09,232510,50391,191823,-48754,42324,282901,234147,Illinois
12/31/09,223200,49758,206438,-17046,49474,272958,255912,Illinois
3/31/10,202697,44924,193279,-12877,41465,247621,234744,Illinois
6/30/10,189810,42460,223806,34564,43028,232270,266834,Illinois
9/30/10,200303,48720,209583,4499,43939,249023,253522,Illinois
12/31/10,202910,47279,226924,33293,56558,250189,283482,Illinois
3/31/11,194118,44181,205373,6367,39293,238299,244666,Illinois
6/30/11,205217,42575,225000,25016,47808,247792,272808,Illinois
9/30/11,204554,46007,225655,23857,48763,250561,274418,Illinois
12/31/11,209636,47876,215263,6862,49111,257512,264374,Illinois
3/31/12,190378,43832,220224,31236,45222,234210,265446,Illinois
6/30/12,203807,39935,222279,20939,42402,243742,264681,Illinois
9/30/12,211807,49678,222177,11043,50351,261485,272528,Illinois
12/31/12,204150,47919,217319,5185,39935,252069,257254,Illinois
3/31/13,212799,51389,224398,6326,46116,264188,270514,Illinois
6/30/13,207549,54975,232964,21034,50594,262524,283558,Illinois
9/30/13,221811,52251,223214,9256,60104,274062,283318,Illinois
12/31/13,208945,53326,240461,23941,45751,262271,286212,Illinois
3/31/14,225009,47063,223799,14062,62335,272072,286134,Illinois
6/30/14,212243,58419,250432,32489,52719,270662,303151,Illinois
9/30/14,230894,56337,230703,-2578,53950,287231,284653,Illinois
12/31/14,215991,58502,245255,35552,64790,274493,310045,Illinois
3/31/15,228144,59085,227403,5230,65056,287229,292459,Illinois
6/30/15,210759,49804,246452,49276,63387,260563,309839,Illinois
9/30/15,232682,58505,220038,-13897,57252,291187,277290,Illinois
12/31/15,226485,57546,257708,37172,63495,284031,321203,Illinois
3/31/16,229005,55182,234999,-359,48829,284187,283828,Illinois
6/30/16,246731,54737,238485,1251,64234,301468,302719,Illinois
9/30/16,230519,61118,236783,3323,58177,291637,294960,Illinois
12/31/16,232108,58177,239702,18906,69489,290285,309191,Illinois
3/31/17,223655,52935,237832,21666,60424,276590,298256,Illinois
6/30/17,234505,48672,242883,12379,52673,283177,295556,Illinois
9/30/17,251279,58386,235806,-22174,51685,309665,287491,Illinois
12/31/17,217908,56523,254694,36150,55887,274431,310581,Illinois
9/30/92,113825,16634,127091,21240,24608,130459,151699,Indiana
12/31/92,114270,20306,113159,4785,26202,134576,139361,Indiana
3/31/93,121991,19070,120530,6972,27503,141061,148033,Indiana
6/30/93,117779,21467,130059,19986,29173,139246,159232,Indiana
9/30/93,112348,17390,131958,30141,27921,129738,159879,Indiana
12/31/93,118529,21392,129413,20508,31016,139921,160429,Indiana
3/31/94,115003,28461,141762,29584,31286,143464,173048,Indiana
6/30/94,124664,24235,134500,16716,31115,148899,165615,Indiana
9/30/94,121549,34858,153431,39282,42258,156407,195689,Indiana
12/31/94,127094,22429,133975,12453,28001,149523,161976,Indiana
3/31/95,125571,27014,155460,36655,33780,152585,189240,Indiana
6/30/95,137891,22686,132586,-2935,25056,160577,157642,Indiana
9/30/95,127207,26558,142413,19264,30616,153765,173029,Indiana
12/31/95,136011,26682,133373,-2349,26971,162693,160344,Indiana
3/31/96,140525,25757,137666,-2383,26233,166282,163899,Indiana
6/30/96,130984,25747,135038,11795,33488,156731,168526,Indiana
9/30/96,131688,26733,142393,15731,31759,158421,174152,Indiana
12/31/96,139115,26468,139664,5775,31694,165583,171358,Indiana
3/31/97,129478,24457,140795,24932,38072,153935,178867,Indiana
6/30/97,135362,22994,129060,-1038,28258,158356,157318,Indiana
9/30/97,129048,26893,146136,16239,26044,155941,172180,Indiana
12/31/97,129641,26574,144128,21181,33268,156215,177396,Indiana
3/31/98,133864,28502,141787,10310,30889,162366,172676,Indiana
6/30/98,131152,30561,142051,14875,34537,161713,176588,Indiana
9/30/98,139978,26843,141349,3858,29330,166821,170679,Indiana
12/31/98,129790,25664,149873,26868,32449,155454,182322,Indiana
3/31/99,141200,33148,149475,8579,33452,174348,182927,Indiana
6/30/99,139747,26117,145877,11732,31719,165864,177596,Indiana
9/30/99,138207,27144,143868,4652,26135,165351,170003,Indiana
12/31/99,132065,23789,155842,30501,30513,155854,186355,Indiana
3/31/00,138139,31117,149090,12776,32942,169256,182032,Indiana
6/30/00,144603,30195,135316,-10733,28749,174798,164065,Indiana
9/30/00,144666,35921,134385,-14268,31934,180587,166319,Indiana
12/31/00,149044,29326,137391,-15098,25881,178370,163272,Indiana
3/31/01,152220,34376,137675,-14205,34716,186596,172391,Indiana
6/30/01,148515,27306,127544,-18682,29595,175821,157139,Indiana
9/30/01,144949,24429,125657,-20127,23594,169378,149251,Indiana
12/31/01,144767,27957,119702,-26517,26505,172724,146207,Indiana
3/31/02,137389,31077,126999,-9160,32307,168466,159306,Indiana
6/30/02,129825,31138,133116,2620,30467,160963,163583,Indiana
9/30/02,125171,25454,130729,7464,27360,150625,158089,Indiana
12/31/02,134026,25641,122558,-10974,26135,159667,148693,Indiana
3/31/03,137665,28077,120882,-12744,32116,165742,152998,Indiana
6/30/03,130433,33883,124040,-11813,28463,164316,152503,Indiana
9/30/03,122354,21172,123092,8862,29296,143526,152388,Indiana
12/31/03,120783,22788,121224,3044,25391,143571,146615,Indiana
3/31/04,121300,22982,129806,8230,22706,144282,152512,Indiana
6/30/04,115285,23109,129851,17085,25628,138394,155479,Indiana
9/30/04,121281,23172,125861,6788,25380,144453,151241,Indiana
12/31/04,120866,23359,120326,1066,24965,144225,145291,Indiana
3/31/05,119071,25160,120718,1951,25464,144231,146182,Indiana
6/30/05,119985,28013,126434,2745,24309,147998,150743,Indiana
9/30/05,120417,24581,133470,15972,27500,144998,160970,Indiana
12/31/05,126089,23496,123908,590,26267,149585,150175,Indiana
3/31/06,118582,24160,131663,14468,25547,142742,157210,Indiana
6/30/06,128633,23554,124363,-4956,22868,152187,147231,Indiana
9/30/06,128421,24212,123122,-4506,25005,152633,148127,Indiana
12/31/06,124780,23074,125845,5359,27368,147854,153213,Indiana
3/31/07,122879,22295,124689,5519,26004,145174,150693,Indiana
6/30/07,122186,25438,126346,5315,26593,147624,152939,Indiana
9/30/07,124771,27482,117840,-8245,26168,152253,144008,Indiana
12/31/07,124526,24917,121509,-2986,24948,149443,146457,Indiana
3/31/08,130048,24351,112165,-19961,22273,154399,134438,Indiana
6/30/08,131921,25088,122200,-7933,26876,157009,149076,Indiana
9/30/08,135222,25636,114418,-17206,29234,160858,143652,Indiana
12/31/08,162520,26418,105956,-58119,24863,188938,130819,Indiana
3/31/09,165041,28046,96478,-75630,20979,193087,117457,Indiana
6/30/09,150414,25405,105076,-48164,22579,175819,127655,Indiana
9/30/09,116248,24233,119920,1958,22519,140481,142439,Indiana
12/31/09,110969,22955,115172,2393,21145,133924,136317,Indiana
3/31/10,109957,21071,111872,212,19368,131028,131240,Indiana
6/30/10,105369,22958,122483,16964,22808,128327,145291,Indiana
9/30/10,105387,24455,116467,9135,22510,129842,138977,Indiana
12/31/10,107308,23043,118004,15834,28181,130351,146185,Indiana
3/31/11,102904,16335,116896,19427,21770,119239,138666,Indiana
6/30/11,106026,23338,116674,6670,19360,129364,136034,Indiana
9/30/11,105199,22501,124267,23264,26697,127700,150964,Indiana
12/31/11,112076,21321,116649,6496,23244,133397,139893,Indiana
3/31/12,101827,19108,129199,32129,23865,120935,153064,Indiana
6/30/12,112595,19707,118646,8743,22399,132302,141045,Indiana
9/30/12,113542,19596,115712,6168,23594,133138,139306,Indiana
12/31/12,110161,21623,119004,9577,22357,131784,141361,Indiana
3/31/13,110507,20052,118481,7997,20075,130559,138556,Indiana
6/30/13,109832,19104,117971,12094,23059,128936,141030,Indiana
9/30/13,111722,19174,116725,7033,21204,130896,137929,Indiana
12/31/13,105032,21575,129107,22536,20036,126607,149143,Indiana
3/31/14,116688,21787,111516,-6718,20241,138475,131757,Indiana
6/30/14,104710,20202,121348,22299,25863,124912,147211,Indiana
9/30/14,111671,20989,111755,1916,22821,132660,134576,Indiana
12/31/14,104723,22666,135402,31563,23550,127389,158952,Indiana
3/31/15,116295,19198,113630,1226,23089,135493,136719,Indiana
6/30/15,113458,18276,125562,14422,20594,131734,146156,Indiana
9/30/15,117924,19060,116322,2885,23547,136984,139869,Indiana
12/31/15,107989,18870,135115,31896,23640,126859,158755,Indiana
3/31/16,119525,17723,121844,4653,20057,137248,141901,Indiana
6/30/16,116912,19153,118560,2182,19687,136065,138247,Indiana
9/30/16,115129,18387,127031,16362,22847,133516,149878,Indiana
12/31/16,115588,21618,123879,5368,18695,137206,142574,Indiana
3/31/17,112108,19751,126974,17720,22605,131859,149579,Indiana
6/30/17,122525,20957,125312,5297,23467,143482,148779,Indiana
9/30/17,121989,22983,122174,-1133,21665,144972,143839,Indiana
12/31/17,110491,23296,130371,18586,22002,133787,152373,Indiana
9/30/92,53920,10804,62530,10782,12976,64724,75506,Iowa
12/31/92,59558,11792,56472,-2513,12365,71350,68837,Iowa
3/31/93,56982,10102,58486,5381,13979,67084,72465,Iowa
6/30/93,57404,9079,60400,10286,16369,66483,76769,Iowa
9/30/93,53065,13644,63038,12956,16627,66709,79665,Iowa
12/31/93,57835,12472,62628,3932,11611,70307,74239,Iowa
3/31/94,64340,10988,63761,5089,16656,75328,80417,Iowa
6/30/94,53330,9487,64185,22743,21375,62817,85560,Iowa
9/30/94,56763,14078,69716,11999,13124,70841,82840,Iowa
12/31/94,62545,11155,64138,5339,14901,73700,79039,Iowa
3/31/95,57376,11719,73377,21462,17180,69095,90557,Iowa
6/30/95,65243,12979,62109,-1761,14352,78222,76461,Iowa
9/30/95,59217,9777,67049,12697,14642,68994,81691,Iowa
12/31/95,65114,12051,68457,4189,12897,77165,81354,Iowa
3/31/96,63251,11562,69078,10276,16011,74813,85089,Iowa
6/30/96,72784,12432,63173,-7948,14095,85216,77268,Iowa
9/30/96,60496,13243,68274,9813,15278,73739,83552,Iowa
12/31/96,63132,10574,66976,6664,13394,73706,80370,Iowa
3/31/97,65411,13050,69367,6024,15118,78461,84485,Iowa
6/30/97,64815,11866,67578,6493,15596,76681,83174,Iowa
9/30/97,65284,12373,68512,6388,15533,77657,84045,Iowa
12/31/97,62462,11363,72385,11446,12886,73825,85271,Iowa
3/31/98,67713,13623,70727,12636,23245,81336,93972,Iowa
6/30/98,72050,15230,72831,4864,19313,87280,92144,Iowa
9/30/98,67286,16310,70189,6297,19704,83596,89893,Iowa
12/31/98,65485,15170,72924,7884,15615,80655,88539,Iowa
3/31/99,66967,25992,71213,-2085,19661,92959,90874,Iowa
6/30/99,66816,15963,67683,5165,20261,82779,87944,Iowa
9/30/99,72132,18874,71760,10248,29494,91006,101254,Iowa
12/31/99,66260,13776,72002,11822,19856,80036,91858,Iowa
3/31/00,69356,15427,76083,4444,13144,84783,89227,Iowa
6/30/00,65369,19170,64059,-9879,10601,84539,74660,Iowa
9/30/00,76146,17154,73931,11206,30575,93300,104506,Iowa
12/31/00,71427,16486,65190,-6134,16589,87913,81779,Iowa
3/31/01,71915,19750,75367,-1604,14694,91665,90061,Iowa
6/30/01,70530,26061,65986,-12945,17660,96591,83646,Iowa
9/30/01,68315,18475,66469,-8127,12194,86790,78663,Iowa
12/31/01,69176,15408,58613,-14104,11867,84584,70480,Iowa
3/31/02,69423,12953,64594,259,18041,82376,82635,Iowa
6/30/02,62994,12633,62942,1188,13873,75627,76815,Iowa
9/30/02,62514,12328,62868,94,12068,74842,74936,Iowa
12/31/02,64344,12393,60184,-3417,13136,76737,73320,Iowa
3/31/03,69139,11520,56816,-7658,16185,80659,73001,Iowa
6/30/03,64301,12402,61396,-1978,13329,76703,74725,Iowa
9/30/03,57397,9753,62449,8379,13080,67150,75529,Iowa
12/31/03,60520,12134,63943,4531,13242,72654,77185,Iowa
3/31/04,60533,11611,62468,3263,12939,72144,75407,Iowa
6/30/04,59153,11990,63691,5019,12471,71143,76162,Iowa
9/30/04,59821,11936,62521,4675,13911,71757,76432,Iowa
12/31/04,59803,10493,65316,9825,14805,70296,80121,Iowa
3/31/05,59537,11305,64545,7180,13477,70842,78022,Iowa
6/30/05,64184,12774,63912,-232,12814,76958,76726,Iowa
9/30/05,58705,11094,65906,9022,12915,69799,78821,Iowa
12/31/05,62246,11148,64091,4593,13896,73394,77987,Iowa
3/31/06,58068,13370,68453,11277,14262,71438,82715,Iowa
6/30/06,65575,11202,64477,2143,14443,76777,78920,Iowa
9/30/06,64309,9718,63315,1706,12418,74027,75733,Iowa
12/31/06,61948,11033,66264,6352,13069,72981,79333,Iowa
3/31/07,64220,11814,63430,114,12718,76034,76148,Iowa
6/30/07,62400,12248,66822,5290,13116,74648,79938,Iowa
9/30/07,65832,9688,61938,-924,12658,75520,74596,Iowa
12/31/07,61870,10265,65511,6099,12723,72135,78234,Iowa
3/31/08,62037,14120,64862,438,11733,76157,76595,Iowa
6/30/08,66167,13840,63402,-4694,11911,80007,75313,Iowa
9/30/08,64713,10983,62001,-974,12721,75696,74722,Iowa
12/31/08,72128,12899,60383,-12808,11836,85027,72219,Iowa
3/31/09,76517,12543,52526,-24585,11949,89060,64475,Iowa
6/30/09,72992,10866,56075,-15923,11860,83858,67935,Iowa
9/30/09,61697,9515,55981,-5661,9570,71212,65551,Iowa
12/31/09,62484,10751,56358,-4403,12474,73235,68832,Iowa
3/31/10,56697,10439,55553,-1934,9649,67136,65202,Iowa
6/30/10,58721,8710,60248,1948,9131,67431,69379,Iowa
9/30/10,58051,10341,59006,819,10205,68392,69211,Iowa
12/31/10,56233,11494,61596,8437,14568,67727,76164,Iowa
3/31/11,57182,10339,55618,-722,11181,67521,66799,Iowa
6/30/11,55999,11281,59816,5142,12606,67280,72422,Iowa
9/30/11,54249,10891,61087,9958,14011,65140,75098,Iowa
12/31/11,57334,11362,56893,2141,13944,68696,70837,Iowa
3/31/12,54055,9539,60912,12436,15118,63594,76030,Iowa
6/30/12,54466,10051,60363,6645,10799,64517,71162,Iowa
9/30/12,57622,10559,58803,2869,12247,68181,71050,Iowa
12/31/12,57345,10674,58827,3534,12726,68019,71553,Iowa
3/31/13,57674,9811,58957,4952,13480,67485,72437,Iowa
6/30/13,57108,9975,62324,8166,12925,67083,75249,Iowa
9/30/13,58654,9725,60694,6665,14350,68379,75044,Iowa
12/31/13,58430,11455,62660,5982,13207,69885,75867,Iowa
3/31/14,58852,11912,61733,2475,11506,70764,73239,Iowa
6/30/14,59410,12759,65521,6491,13139,72169,78660,Iowa
9/30/14,62566,11040,62069,272,11809,73606,73878,Iowa
12/31/14,60513,11768,65741,6029,12569,72281,78310,Iowa
3/31/15,60220,10549,64686,6789,12872,70769,77558,Iowa
6/30/15,66780,10568,65290,380,12438,77348,77728,Iowa
9/30/15,65922,11672,60539,-3774,13281,77594,73820,Iowa
12/31/15,61358,11741,64499,4745,13345,73099,77844,Iowa
3/31/16,59738,10685,66282,8789,12930,70423,79212,Iowa
6/30/16,68988,12154,61809,-7006,12327,81142,74136,Iowa
9/30/16,63451,11591,65702,3991,13331,75042,79033,Iowa
12/31/16,66440,10553,60823,-3038,13132,76993,73955,Iowa
3/31/17,60567,10757,66164,7440,12600,71324,78764,Iowa
6/30/17,63780,10179,61704,-511,11744,73959,73448,Iowa
9/30/17,63509,9907,57852,-3254,12310,73416,70162,Iowa
12/31/17,58496,10227,64479,7560,11804,68723,76283,Iowa
9/30/92,51273,18023,59826,5273,14743,69296,74569,Kansas
12/31/92,54723,11547,52127,683,14826,66270,66953,Kansas
3/31/93,52727,11935,51121,2290,15831,64662,66952,Kansas
6/30/93,50142,11385,57148,7834,12213,61527,69361,Kansas
9/30/93,52523,10274,54851,6756,14702,62797,69553,Kansas
12/31/93,53411,13119,52805,1,13726,66530,66531,Kansas
3/31/94,50504,12213,57401,12030,17346,62717,74747,Kansas
6/30/94,49086,11346,56079,9514,13867,60432,69946,Kansas
9/30/94,53372,9271,59946,10557,13254,62643,73200,Kansas
12/31/94,53747,14268,58173,1202,11044,68015,69217,Kansas
3/31/95,50970,13381,64305,15104,15150,64351,79455,Kansas
6/30/95,55346,12210,57483,2313,12386,67556,69869,Kansas
9/30/95,52420,12086,59830,9744,14420,64506,74250,Kansas
12/31/95,56256,13918,60647,3733,13260,70174,73907,Kansas
3/31/96,54880,15926,61923,11406,20289,70806,82212,Kansas
6/30/96,54889,14699,61378,7273,15483,69588,76861,Kansas
9/30/96,55516,14221,61677,6672,14732,69737,76409,Kansas
12/31/96,57085,11666,62012,8033,14772,68751,76784,Kansas
3/31/97,57944,17127,68611,12128,18588,75071,87199,Kansas
6/30/97,55591,13609,67563,16263,17900,69200,85463,Kansas
9/30/97,58992,16534,70263,14740,20003,75526,90266,Kansas
12/31/97,61490,18565,68146,2675,14584,80055,82730,Kansas
3/31/98,61737,14623,65925,12789,23224,76360,89149,Kansas
6/30/98,60948,20618,71057,6948,17457,81566,88514,Kansas
9/30/98,64723,19749,66432,4933,22973,84472,89405,Kansas
12/31/98,62696,16291,66572,9918,22333,78987,88905,Kansas
3/31/99,67754,20405,66526,-2963,18670,88159,85196,Kansas
6/30/99,65104,23035,67255,2842,23726,88139,90981,Kansas
9/30/99,63477,18149,66760,2951,17817,81626,84577,Kansas
12/31/99,67036,15758,66611,6118,22301,82794,88912,Kansas
3/31/00,64907,20527,69611,3705,19528,85434,89139,Kansas
6/30/00,67003,14152,62993,3604,21766,81155,84759,Kansas
9/30/00,62362,19743,64129,1068,19044,82105,83173,Kansas
12/31/00,64823,14843,62550,-5451,11665,79666,74215,Kansas
3/31/01,66267,13211,67926,8489,20041,79478,87967,Kansas
6/30/01,65473,15527,63264,-3383,14353,81000,77617,Kansas
9/30/01,63413,17883,58092,-9753,13451,81296,71543,Kansas
12/31/01,63950,12630,57022,-7175,12383,76580,69405,Kansas
3/31/02,65459,15967,59482,-4974,16970,81426,76452,Kansas
6/30/02,60660,18170,61294,539,18075,78830,79369,Kansas
9/30/02,63052,19327,58228,-5579,18572,82379,76800,Kansas
12/31/02,63491,17795,56469,-8511,16306,81286,72775,Kansas
3/31/03,64691,14364,51842,-9300,17913,79055,69755,Kansas
6/30/03,61735,12924,54181,-5043,15435,74659,69616,Kansas
9/30/03,57484,11321,59840,4154,13119,68805,72959,Kansas
12/31/03,58370,12671,58386,1542,14197,71041,72583,Kansas
3/31/04,57450,11291,58185,2873,13429,68741,71614,Kansas
6/30/04,56375,11366,59235,3733,12239,67741,71474,Kansas
9/30/04,55703,14064,61986,6635,14416,69767,76402,Kansas
12/31/04,56426,13991,58950,2504,13971,70417,72921,Kansas
3/31/05,58119,14644,55592,-2865,14306,72763,69898,Kansas
6/30/05,55551,11909,57291,5704,15873,67460,73164,Kansas
9/30/05,58953,13275,61446,743,11525,72228,72971,Kansas
12/31/05,52794,13478,56036,3685,13921,66272,69957,Kansas
3/31/06,50322,13041,61056,8878,11185,63363,72241,Kansas
6/30/06,54255,16949,56257,271,15218,71204,71475,Kansas
9/30/06,53261,12585,62193,14094,17747,65846,79940,Kansas
12/31/06,55004,13743,61490,5769,13026,68747,74516,Kansas
3/31/07,54891,12658,64996,10448,13001,67549,77997,Kansas
6/30/07,59394,15182,56270,-4104,14202,74576,70472,Kansas
9/30/07,53248,13109,61050,8708,14015,66357,75065,Kansas
12/31/07,58023,16957,56784,-3274,14922,74980,71706,Kansas
3/31/08,60583,15914,69850,10038,16685,76497,86535,Kansas
6/30/08,60823,15354,56593,-4166,15418,76177,72011,Kansas
9/30/08,64319,11309,54740,-7938,12950,75628,67690,Kansas
12/31/08,65695,13612,59231,-5540,14536,79307,73767,Kansas
3/31/09,67452,11608,44097,-23515,11448,79060,55545,Kansas
6/30/09,68397,11208,45753,-21987,11865,79605,57618,Kansas
9/30/09,58873,8141,46602,-9052,11360,67014,57962,Kansas
12/31/09,55551,12210,51651,-5732,10378,67761,62029,Kansas
3/31/10,51251,11133,46251,-5538,10595,62384,56846,Kansas
6/30/10,47887,11334,50314,2747,11654,59221,61968,Kansas
9/30/10,48893,14316,50565,-1203,11441,63209,62006,Kansas
12/31/10,47331,12532,53250,10587,17200,59863,70450,Kansas
3/31/11,50370,10951,49607,-533,11181,61321,60788,Kansas
6/30/11,50476,11297,50790,1319,12302,61773,63092,Kansas
9/30/11,50204,10453,53883,6122,12896,60657,66779,Kansas
12/31/11,51547,10272,51294,2216,12741,61819,64035,Kansas
3/31/12,45832,10475,59341,14735,11701,56307,71042,Kansas
6/30/12,50200,10535,52426,3493,11802,60735,64228,Kansas
9/30/12,52098,12604,50188,-3748,10766,64702,60954,Kansas
12/31/12,48215,10939,52868,8597,14883,59154,67751,Kansas
3/31/13,50692,9765,50752,1468,11173,60457,61925,Kansas
6/30/13,49367,10674,55626,7734,12149,60041,67775,Kansas
9/30/13,51814,11178,53726,6575,15841,62992,69567,Kansas
12/31/13,48862,10434,56024,9372,12644,59296,68668,Kansas
3/31/14,50560,11082,53848,2459,10253,61642,64101,Kansas
6/30/14,51957,10402,56370,5594,11583,62359,67953,Kansas
9/30/14,54055,9760,51783,-445,11587,63815,63370,Kansas
12/31/14,48885,10809,57364,10548,12878,59694,70242,Kansas
3/31/15,54647,10400,52597,-1419,11031,65047,63628,Kansas
6/30/15,53323,11744,55709,1603,10961,65067,66670,Kansas
9/30/15,53993,10756,52619,-395,11735,64749,64354,Kansas
12/31/15,51406,11362,56658,8103,14213,62768,70871,Kansas
3/31/16,55702,11436,51985,-1268,13885,67138,65870,Kansas
6/30/16,55785,14083,53070,-6053,10745,69868,63815,Kansas
9/30/16,53053,10523,56298,6329,13607,63576,69905,Kansas
12/31/16,53294,11507,54459,2612,12954,64801,67413,Kansas
3/31/17,51761,11280,54965,3254,11330,63041,66295,Kansas
6/30/17,55743,18692,51728,-12503,10204,74435,61932,Kansas
9/30/17,52784,11398,52431,6507,18258,64182,70689,Kansas
12/31/17,48115,11233,55111,9051,13288,59348,68399,Kansas
9/30/92,66696,10681,70926,7407,13858,77377,84784,Kentucky
12/31/92,68558,12382,69558,4889,16271,80940,85829,Kentucky
3/31/93,69176,14084,72078,6230,17412,83260,89490,Kentucky
6/30/93,65316,12463,78812,18674,17641,77779,96453,Kentucky
9/30/93,68758,11489,78728,14680,16199,80247,94927,Kentucky
12/31/93,71797,14566,73927,3842,16278,86363,90205,Kentucky
3/31/94,67511,14470,83013,16980,15948,81981,98961,Kentucky
6/30/94,68826,13217,87912,22380,16511,82043,104423,Kentucky
9/30/94,73316,12628,83212,13194,15926,85944,99138,Kentucky
12/31/94,75681,13017,79387,7666,16977,88698,96364,Kentucky
3/31/95,76413,16259,81491,6760,17941,92672,99432,Kentucky
6/30/95,75943,11637,81310,12063,18333,87580,99643,Kentucky
9/30/95,78991,13844,82695,9240,19380,92835,102075,Kentucky
12/31/95,80131,13916,76252,-2549,15246,94047,91498,Kentucky
3/31/96,75023,17880,81662,6213,17454,92903,99116,Kentucky
6/30/96,76280,18546,82781,6510,18555,94826,101336,Kentucky
9/30/96,78097,13802,84376,14832,22355,91899,106731,Kentucky
12/31/96,79555,15659,80252,3376,18338,95214,98590,Kentucky
3/31/97,74439,18976,88267,13215,18363,93415,106630,Kentucky
6/30/97,77117,16571,84419,9826,19095,93688,103514,Kentucky
9/30/97,82234,17477,88303,7012,18420,99711,106723,Kentucky
12/31/97,79763,16899,82831,5176,19007,96662,101838,Kentucky
3/31/98,80309,18844,88345,7824,18632,99153,106977,Kentucky
6/30/98,81242,19129,87785,9879,22465,100371,110250,Kentucky
9/30/98,84673,18409,93292,11029,20819,103082,114111,Kentucky
12/31/98,84735,14384,85871,4953,18201,99119,104072,Kentucky
3/31/99,82712,19659,86829,8639,24181,102371,111010,Kentucky
6/30/99,84916,20434,92470,8051,20931,105350,113401,Kentucky
9/30/99,85454,22023,101170,13972,20279,107477,121449,Kentucky
12/31/99,87189,19005,88350,2373,20217,106194,108567,Kentucky
3/31/00,81144,15258,94147,20578,22833,96402,116980,Kentucky
6/30/00,89617,18393,81085,-13021,13904,108010,94989,Kentucky
9/30/00,87674,21641,95431,7230,21114,109315,116545,Kentucky
12/31/00,89842,16525,87036,-2649,16682,106367,103718,Kentucky
3/31/01,93395,19071,78470,-13394,20602,112466,99072,Kentucky
6/30/01,101761,23561,86206,-20286,18830,125322,105036,Kentucky
9/30/01,90786,21059,79696,-14740,17409,111845,97105,Kentucky
12/31/01,86824,20470,73694,-12181,21419,107294,95113,Kentucky
3/31/02,79289,19941,82648,5675,22257,99230,104905,Kentucky
6/30/02,85046,17930,77216,-5379,20381,102976,97597,Kentucky
9/30/02,80921,17771,79769,-1992,16931,98692,96700,Kentucky
12/31/02,82943,16746,79900,-1297,18492,99689,98392,Kentucky
3/31/03,76627,18317,77754,-669,16521,94944,94275,Kentucky
6/30/03,78294,16984,74359,-3440,17479,95278,91838,Kentucky
9/30/03,71279,15473,78278,7776,16250,86752,94528,Kentucky
12/31/03,74034,17367,80942,4765,15224,91401,96166,Kentucky
3/31/04,76987,16410,76560,1005,17842,93397,94402,Kentucky
6/30/04,72837,14161,74465,6531,19064,86998,93529,Kentucky
9/30/04,70045,18331,77122,6487,17741,88376,94863,Kentucky
12/31/04,72162,16430,76942,9042,20692,88592,97634,Kentucky
3/31/05,76684,16655,83685,7810,17464,93339,101149,Kentucky
6/30/05,75735,15093,78600,5704,17932,90828,96532,Kentucky
9/30/05,74219,16092,77554,6151,18908,90311,96462,Kentucky
12/31/05,76982,18530,74770,-2139,18603,95512,93373,Kentucky
3/31/06,68287,13830,83152,20730,19695,82117,102847,Kentucky
6/30/06,78587,16373,75765,-5876,13319,94960,89084,Kentucky
9/30/06,76845,20368,76777,-3023,17413,97213,94190,Kentucky
12/31/06,75923,15075,80575,13226,23649,90998,104224,Kentucky
3/31/07,80285,14919,88087,10156,17273,95204,105360,Kentucky
6/30/07,79835,14934,81345,2871,16295,94769,97640,Kentucky
9/30/07,79322,17186,72388,-8470,15650,96508,88038,Kentucky
12/31/07,78012,13858,79010,4667,17527,91870,96537,Kentucky
3/31/08,79715,14016,76921,-2385,14425,93731,91346,Kentucky
6/30/08,79453,15016,75915,-1933,16621,94469,92536,Kentucky
9/30/08,86605,15158,68167,-18452,15144,101763,83311,Kentucky
12/31/08,92031,15593,69643,-23996,13985,107624,83628,Kentucky
3/31/09,93170,16294,60488,-35479,13497,109464,73985,Kentucky
6/30/09,88448,14617,67360,-21320,14385,103065,81745,Kentucky
9/30/09,76291,13919,70244,-5581,14385,90210,84629,Kentucky
12/31/09,71564,14577,73867,2332,14606,86141,88473,Kentucky
3/31/10,71817,12423,66552,-5270,12418,84240,78970,Kentucky
6/30/10,66155,13944,73045,7727,14781,80099,87826,Kentucky
9/30/10,68514,13035,68917,2300,14932,81549,83849,Kentucky
12/31/10,69347,11461,76762,10601,14647,80808,91409,Kentucky
3/31/11,70107,13092,72155,1965,13009,83199,85164,Kentucky
6/30/11,67589,13876,72532,5736,14669,81465,87201,Kentucky
9/30/11,68350,11115,75649,11169,14985,79465,90634,Kentucky
12/31/11,70131,12819,72909,3232,13273,82950,86182,Kentucky
3/31/12,67991,12003,78401,11635,13228,79994,91629,Kentucky
6/30/12,68171,12024,74475,8213,13933,80195,88408,Kentucky
9/30/12,73654,12449,68725,-3419,13959,86103,82684,Kentucky
12/31/12,68070,13107,76965,11344,15556,81177,92521,Kentucky
3/31/13,72550,12595,72770,2870,15245,85145,88015,Kentucky
6/30/13,71286,12258,71457,3224,15311,83544,86768,Kentucky
9/30/13,69559,12357,73100,6193,15009,81916,88109,Kentucky
12/31/13,67650,13513,81125,15296,15334,81163,96459,Kentucky
3/31/14,75309,13543,75225,3826,17453,88852,92678,Kentucky
6/30/14,69733,13748,75956,8399,15924,83481,91880,Kentucky
9/30/14,70065,12164,76108,9665,15786,82229,91894,Kentucky
12/31/14,66309,15280,85374,19275,15490,81589,100864,Kentucky
3/31/15,80537,12384,69965,-8023,14933,92921,84898,Kentucky
6/30/15,70445,13708,82885,13666,14934,84153,97819,Kentucky
9/30/15,73918,13514,76065,6137,17504,87432,93569,Kentucky
12/31/15,68473,15221,87926,20037,15805,83694,103731,Kentucky
3/31/16,80668,12037,74368,-1963,16374,92705,90742,Kentucky
6/30/16,79813,13729,79644,3991,17889,93542,97533,Kentucky
9/30/16,80241,18748,88203,8163,18949,98989,107152,Kentucky
12/31/16,74964,15698,80735,5017,14944,90662,95679,Kentucky
3/31/17,73056,12776,76050,5046,14828,85832,90878,Kentucky
6/30/17,79680,14745,75362,976,20039,94425,95401,Kentucky
9/30/17,74445,17344,77374,767,15182,91789,92556,Kentucky
12/31/17,69932,16135,80080,7831,13818,86067,93898,Kentucky
9/30/92,82902,21935,81969,5603,28471,104837,110440,Louisiana
12/31/92,81189,13888,88284,9552,16345,95077,104629,Louisiana
3/31/93,82367,22298,77708,-2151,24806,104665,102514,Louisiana
6/30/93,71752,21336,88269,19012,23831,93088,112100,Louisiana
9/30/93,77884,18725,90095,13822,20336,96609,110431,Louisiana
12/31/93,78887,15923,87844,11162,18128,94810,105972,Louisiana
3/31/94,80950,22205,89778,11287,24664,103155,114442,Louisiana
6/30/94,82496,21328,90050,8751,22525,103824,112575,Louisiana
9/30/94,76425,16731,100392,30192,22956,93156,123348,Louisiana
12/31/94,82724,20079,89592,7258,20469,102803,110061,Louisiana
3/31/95,90212,19943,87999,1769,23925,110155,111924,Louisiana
6/30/95,85841,21201,97796,11134,20380,107042,118176,Louisiana
9/30/95,78899,14872,100985,23797,16583,93771,117568,Louisiana
12/31/95,90528,17810,84506,-6597,17235,108338,101741,Louisiana
3/31/96,85118,18332,86513,3450,20387,103450,106900,Louisiana
6/30/96,79763,15946,94033,19617,21293,95709,115326,Louisiana
9/30/96,82513,18503,96380,16462,21098,101016,117478,Louisiana
12/31/96,90688,16682,89550,835,18655,107370,108205,Louisiana
3/31/97,91276,18526,90490,644,19956,109802,110446,Louisiana
6/30/97,82281,14577,96416,17702,18144,96858,114560,Louisiana
9/30/97,85075,17442,101691,18524,19350,102517,121041,Louisiana
12/31/97,88341,18610,95759,12704,23896,106951,119655,Louisiana
3/31/98,92576,19951,90711,-3930,17886,112527,108597,Louisiana
6/30/98,88663,20754,103799,19924,25542,109417,129341,Louisiana
9/30/98,98181,19373,96686,2596,23464,117554,120150,Louisiana
12/31/98,95678,20875,92735,-3235,20583,116553,113318,Louisiana
3/31/99,98234,21965,93603,-3434,23162,120199,116765,Louisiana
6/30/99,98646,24037,97855,-1188,23640,122683,121495,Louisiana
9/30/99,98126,23097,103821,9192,26594,121223,130415,Louisiana
12/31/99,99651,23439,104837,5804,24057,123090,128894,Louisiana
3/31/00,97721,21941,101677,7317,25302,119662,126979,Louisiana
6/30/00,95763,26338,104583,7128,24646,122101,129229,Louisiana
9/30/00,94438,23495,95963,-753,21217,117933,117180,Louisiana
12/31/00,97529,25254,95642,-1130,26011,122783,121653,Louisiana
3/31/01,94388,28422,104899,3631,21542,122810,126441,Louisiana
6/30/01,98535,23890,97461,-320,24644,122425,122105,Louisiana
9/30/01,96508,22645,88743,-8113,22297,119153,111040,Louisiana
12/31/01,103186,21836,85278,-18237,21507,125022,106785,Louisiana
3/31/02,94315,22991,87860,-5986,23460,117306,111320,Louisiana
6/30/02,88478,22216,88946,48,21796,110694,110742,Louisiana
9/30/02,89771,19176,84807,-2141,21999,108947,106806,Louisiana
12/31/02,88340,21973,80472,-6087,23754,110313,104226,Louisiana
3/31/03,83639,18841,92305,7576,17751,102480,110056,Louisiana
6/30/03,89879,19273,88968,873,21057,109152,110025,Louisiana
9/30/03,92814,17109,91959,2892,20856,109923,112815,Louisiana
12/31/03,85940,17790,86916,2955,19769,103730,106685,Louisiana
3/31/04,88151,16971,94781,8214,18555,105122,113336,Louisiana
6/30/04,88316,17535,84695,-2265,18891,105851,103586,Louisiana
9/30/04,90540,19082,82874,-6428,20320,109622,103194,Louisiana
12/31/04,86262,18040,93093,10445,21654,104302,114747,Louisiana
3/31/05,86865,15136,88673,4910,18238,102001,106911,Louisiana
6/30/05,82618,17317,97268,17377,20044,99935,117312,Louisiana
9/30/05,130291,97914,91146,-117627,19432,228205,110578,Louisiana
12/31/05,135446,37402,117670,8635,63813,172848,181483,Louisiana
3/31/06,96080,15732,123272,41764,30304,111812,153576,Louisiana
6/30/06,94887,15730,102747,16221,24091,110617,126838,Louisiana
9/30/06,88960,18117,98983,13727,21821,107077,120804,Louisiana
12/31/06,87830,17311,97218,15008,22931,105141,120149,Louisiana
3/31/07,83769,17668,101583,21324,21178,101437,122761,Louisiana
6/30/07,95003,17655,90682,-1215,20761,112658,111443,Louisiana
9/30/07,89432,16709,86853,4293,23581,106141,110434,Louisiana
12/31/07,86119,17955,90701,10449,23822,104074,114523,Louisiana
3/31/08,86212,17623,87719,2329,18445,103835,106164,Louisiana
6/30/08,92164,17861,88347,-2110,19568,110025,107915,Louisiana
9/30/08,99749,20421,83370,-16161,20639,120170,104009,Louisiana
12/31/08,85993,20055,101668,15731,20111,106048,121779,Louisiana
3/31/09,98872,18770,77070,-22593,17979,117642,95049,Louisiana
6/30/09,103059,19305,75400,-29250,17714,122364,93114,Louisiana
9/30/09,92060,19402,78890,-12593,19979,111462,98869,Louisiana
12/31/09,86059,17798,80655,-3308,19894,103857,100549,Louisiana
3/31/10,82266,16659,77446,-3254,18225,98925,95671,Louisiana
6/30/10,79539,17632,86536,8759,19394,97171,105930,Louisiana
9/30/10,79572,18868,84026,5330,19744,98440,103770,Louisiana
12/31/10,83819,18138,84773,2559,19743,101957,104516,Louisiana
3/31/11,76697,15668,84614,11081,18832,92365,103446,Louisiana
6/30/11,85261,17775,80216,-4537,18283,103036,98499,Louisiana
9/30/11,76319,15858,90284,19594,21487,92177,111771,Louisiana
12/31/11,80644,17146,81208,2967,19549,97790,100757,Louisiana
3/31/12,82220,17875,98902,16191,17384,100095,116286,Louisiana
6/30/12,84916,19243,85014,191,19336,104159,104350,Louisiana
9/30/12,84819,18606,83087,-1546,18792,103425,101879,Louisiana
12/31/12,73218,18752,87189,14905,19686,91970,106875,Louisiana
3/31/13,77255,17245,88832,13832,19500,94500,108332,Louisiana
6/30/13,83662,18947,80494,-3365,18750,102609,99244,Louisiana
9/30/13,79299,15628,84153,12794,23568,94927,107721,Louisiana
12/31/13,80836,16115,84022,8567,21496,96951,105518,Louisiana
3/31/14,77755,16234,88318,14432,20103,93989,108421,Louisiana
6/30/14,86873,15950,87978,3237,18082,102823,106060,Louisiana
9/30/14,78246,16968,90793,12526,16947,95214,107740,Louisiana
12/31/14,81321,13439,91020,15278,19018,94760,110038,Louisiana
3/31/15,92815,18083,80102,-10999,19797,110898,99899,Louisiana
6/30/15,92718,15896,86875,-4928,16811,108614,103686,Louisiana
9/30/15,86020,14795,81222,-1468,18125,100815,99347,Louisiana
12/31/15,88192,15128,84910,3313,21723,103320,106633,Louisiana
3/31/16,91416,16367,79692,-9877,18214,107783,97906,Louisiana
6/30/16,91243,19462,79343,-14580,16782,110705,96125,Louisiana
9/30/16,86821,16886,88893,3713,18527,103707,107420,Louisiana
12/31/16,86901,16568,76545,-9210,17714,103469,94259,Louisiana
3/31/17,77366,15908,85060,9262,17476,93274,102536,Louisiana
6/30/17,85270,18811,83181,-5225,15675,104081,98856,Louisiana
9/30/17,81188,15173,80461,1182,17082,96361,97543,Louisiana
12/31/17,79097,16451,81600,2968,16916,95548,98516,Louisiana
9/30/92,27985,7482,32456,6250,9261,35467,41717,Maine
12/31/92,27671,8100,28138,188,7821,35771,35959,Maine
3/31/93,28630,11168,28282,-1028,10488,39798,38770,Maine
6/30/93,23832,7911,27164,5038,9617,31743,36781,Maine
9/30/93,26564,10191,31376,6098,11477,36755,42853,Maine
12/31/93,27935,8723,27663,2112,11107,36658,38770,Maine
3/31/94,28561,8988,30650,4149,11048,37549,41698,Maine
6/30/94,25693,11018,28265,872,9318,36711,37583,Maine
9/30/94,26460,10230,34164,9903,12429,36690,46593,Maine
12/31/94,28657,8342,29470,1249,8778,36999,38248,Maine
3/31/95,30398,7911,32127,3222,9404,38309,41531,Maine
6/30/95,30382,7758,28215,-41,9884,38140,38099,Maine
9/30/95,28693,12039,30957,304,10079,40732,41036,Maine
12/31/95,31550,8435,27839,-2618,9528,39985,37367,Maine
3/31/96,29035,8221,34095,5783,8944,37256,43039,Maine
6/30/96,30255,9174,29343,-1288,8798,39429,38141,Maine
9/30/96,27570,9586,32972,5646,9830,37156,42802,Maine
12/31/96,28644,9243,30997,3027,9917,37887,40914,Maine
3/31/97,29954,9797,33907,2314,8158,39751,42065,Maine
6/30/97,30680,9386,30889,2434,11611,40066,42500,Maine
9/30/97,28986,9359,33167,6266,11444,38345,44611,Maine
12/31/97,31762,9586,31868,3089,12569,41348,44437,Maine
3/31/98,31035,9451,34758,6598,12326,40486,47084,Maine
6/30/98,30508,8660,30155,1040,10053,39168,40208,Maine
9/30/98,28804,8256,35178,6567,8449,37060,43627,Maine
12/31/98,30328,8083,31813,3192,9790,38411,41603,Maine
3/31/99,29625,8452,34846,7908,11139,38077,45985,Maine
6/30/99,32674,8628,31843,-582,8877,41302,40720,Maine
9/30/99,31933,8844,33793,2875,9859,40777,43652,Maine
12/31/99,31027,8068,33609,3056,8542,39095,42151,Maine
3/31/00,29581,7362,38367,13779,12355,36943,50722,Maine
6/30/00,34399,7572,31905,-1009,9057,41971,40962,Maine
9/30/00,36852,8840,34722,-2885,8085,45692,42807,Maine
12/31/00,32475,8050,35289,2714,7950,40525,43239,Maine
3/31/01,34659,7645,37331,4544,9517,42304,46848,Maine
6/30/01,33816,8315,30645,-2648,8838,42131,39483,Maine
9/30/01,33799,10269,29337,-6578,8153,44068,37490,Maine
12/31/01,32068,9356,28940,-4184,8300,41424,37240,Maine
3/31/02,29730,9069,35246,8532,12085,38799,47331,Maine
6/30/02,30876,7280,29888,33,8301,38156,38189,Maine
9/30/02,30775,7201,27778,-2478,7720,37976,35498,Maine
12/31/02,29673,8982,30652,-395,7608,38655,38260,Maine
3/31/03,30279,8458,31734,2926,9929,38737,41663,Maine
6/30/03,30727,9854,29531,-2757,8293,40581,37824,Maine
9/30/03,29211,8302,28813,2974,11674,37513,40487,Maine
12/31/03,29291,9629,31211,1285,8994,38920,40205,Maine
3/31/04,30005,8134,32233,2546,8452,38139,40685,Maine
6/30/04,33490,7211,30126,-1633,8942,40701,39068,Maine
9/30/04,30643,9851,29350,-272,10872,40494,40222,Maine
12/31/04,29701,8603,30804,3385,10885,38304,41689,Maine
3/31/05,31840,10846,27750,-3710,11226,42686,38976,Maine
6/30/05,30769,9271,29586,-1574,8880,40040,38466,Maine
9/30/05,29672,8204,28784,-408,8684,37876,37468,Maine
12/31/05,30357,7661,31869,4610,10759,38018,42628,Maine
3/31/06,29252,8360,29582,1439,9469,37612,39051,Maine
6/30/06,31178,7736,29754,-336,8824,38914,38578,Maine
9/30/06,31760,8461,27720,-4017,8484,40221,36204,Maine
12/31/06,28782,8281,32042,4614,9635,37063,41677,Maine
3/31/07,30995,7501,30082,2824,11238,38496,41320,Maine
6/30/07,30577,9909,29945,-2123,8418,40486,38363,Maine
9/30/07,31672,8720,29201,-2452,8739,40392,37940,Maine
12/31/07,27899,7980,31712,5169,9336,35879,41048,Maine
3/31/08,31080,8080,29495,-624,9041,39160,38536,Maine
6/30/08,30804,10386,29394,-3393,8403,41190,37797,Maine
9/30/08,32345,10760,27451,-7434,8220,43105,35671,Maine
12/31/08,33231,8073,27534,-2119,11651,41304,39185,Maine
3/31/09,34975,8056,23584,-10966,8481,43031,32065,Maine
6/30/09,31853,8098,27606,-4223,8122,39951,35728,Maine
9/30/09,28855,7686,27728,50,8863,36541,36591,Maine
12/31/09,29342,7827,27277,-812,9080,37169,36357,Maine
3/31/10,28012,7682,24914,-2889,7891,35694,32805,Maine
6/30/10,27903,8229,27751,-425,7956,36132,35707,Maine
9/30/10,26696,7341,28014,2151,8174,34037,36188,Maine
12/31/10,26720,8133,27726,640,7767,34853,35493,Maine
3/31/11,26655,7503,25953,-1075,7130,34158,33083,Maine
6/30/11,27908,8104,28268,617,8361,36012,36629,Maine
9/30/11,25907,6764,28804,4500,8367,32671,37171,Maine
12/31/11,27488,7398,26353,-1427,7106,34886,33459,Maine
3/31/12,26686,8216,28345,546,7103,34902,35448,Maine
6/30/12,27509,6514,29096,3893,8820,34023,37916,Maine
9/30/12,29378,6052,26188,-2281,6961,35430,33149,Maine
12/31/12,28494,7770,26930,-1862,7472,36264,34402,Maine
3/31/13,27329,6892,26104,-1426,6691,34221,32795,Maine
6/30/13,25748,5872,30262,7363,8721,31620,38983,Maine
9/30/13,30422,5588,29529,873,7354,36010,36883,Maine
12/31/13,28822,7807,27642,-2016,6971,36629,34613,Maine
3/31/14,28321,6631,26930,-1743,6279,34952,33209,Maine
6/30/14,26280,6208,30329,5784,7943,32488,38272,Maine
9/30/14,28966,5620,26514,-884,7188,34586,33702,Maine
12/31/14,28160,7177,29002,38,6373,35337,35375,Maine
3/31/15,28513,6758,26400,-2538,6333,35271,32733,Maine
6/30/15,26722,5718,31200,7553,8793,32440,39993,Maine
9/30/15,29065,6717,26747,-2563,6472,35782,33219,Maine
12/31/15,27792,7681,29099,793,7167,35473,36266,Maine
3/31/16,27039,7467,29467,2251,7290,34506,36757,Maine
6/30/16,26946,7670,30296,4169,8489,34616,38785,Maine
9/30/16,30348,6909,26048,-3269,7940,37257,33988,Maine
12/31/16,27827,8078,28119,1291,9077,35905,37196,Maine
3/31/17,26197,6655,27902,3730,8680,32852,36582,Maine
6/30/17,27980,11806,30824,-174,8788,39786,39612,Maine
9/30/17,30543,7770,26045,-5324,6944,38313,32989,Maine
12/31/17,26847,7433,28955,2030,7355,34280,36310,Maine
9/30/92,95739,21406,93044,9346,33447,117145,126491,Maryland
12/31/92,97508,21373,91024,-2348,25509,118881,116533,Maryland
3/31/93,99590,21482,90206,-5324,25542,121072,115748,Maryland
6/30/93,89439,21144,102973,19685,27295,110583,130268,Maryland
9/30/93,94555,20195,98516,7674,23908,114750,122424,Maryland
12/31/93,92261,22231,98048,11623,28067,114492,126115,Maryland
3/31/94,97736,23937,100406,2740,24007,121673,124413,Maryland
6/30/94,90546,20918,106901,20522,25085,111464,131986,Maryland
9/30/94,95783,20486,105095,17435,28609,116269,133704,Maryland
12/31/94,100548,23316,98670,-1024,24170,123864,122840,Maryland
3/31/95,101936,21971,105951,12707,30663,123907,136614,Maryland
6/30/95,104662,24691,100337,-129,28887,129353,129224,Maryland
9/30/95,100250,25869,106117,7872,27874,126119,133991,Maryland
12/31/95,105404,24451,106677,3254,26432,129855,133109,Maryland
3/31/96,100994,30463,108768,5112,27801,131457,136569,Maryland
6/30/96,103627,26309,110605,11782,31113,129936,141718,Maryland
9/30/96,98740,23482,108591,14491,28122,122222,136713,Maryland
12/31/96,107502,25063,109614,5092,28043,132565,137657,Maryland
3/31/97,102022,26213,113459,19216,33992,128235,147451,Maryland
6/30/97,105753,26862,109169,6972,30418,132615,139587,Maryland
9/30/97,107558,27604,113331,9801,31632,135162,144963,Maryland
12/31/97,104192,32100,120852,21561,37001,136292,157853,Maryland
3/31/98,108927,30301,112123,6940,34045,139228,146168,Maryland
6/30/98,110492,29853,111232,3164,32277,140345,143509,Maryland
9/30/98,105129,27433,116490,17099,33171,132562,149661,Maryland
12/31/98,107579,25686,118134,18211,33342,133265,151476,Maryland
3/31/99,109798,30247,115875,15213,39383,140045,155258,Maryland
6/30/99,105329,31534,115201,8729,30391,136863,145592,Maryland
9/30/99,108946,32137,124303,15942,32722,141083,157025,Maryland
12/31/99,108093,27737,129002,25024,31852,135830,160854,Maryland
3/31/00,114179,32735,128010,16127,35031,146914,163041,Maryland
6/30/00,114030,31599,120926,4094,28797,145629,149723,Maryland
9/30/00,108161,35587,128103,17839,33484,143748,161587,Maryland
12/31/00,112008,28099,119848,6410,26669,140107,146517,Maryland
3/31/01,123842,29215,121251,-4154,27652,153057,148903,Maryland
6/30/01,117120,31849,106891,-4513,37565,148969,144456,Maryland
9/30/01,114124,32014,109239,-10336,26563,146138,135802,Maryland
12/31/01,109667,27860,110714,7204,34017,137527,144731,Maryland
3/31/02,112153,28212,116261,10930,35034,140365,151295,Maryland
6/30/02,115587,28457,107013,-6057,30974,144044,137987,Maryland
9/30/02,109566,28901,107747,-5777,24943,138467,132690,Maryland
12/31/02,112263,23078,100425,-1962,32954,135341,133379,Maryland
3/31/03,110369,29769,112523,2781,30396,140138,142919,Maryland
6/30/03,102928,23591,112516,10966,24969,126519,137485,Maryland
9/30/03,101696,26605,104154,7128,31275,128301,135429,Maryland
12/31/03,105854,25318,111823,5999,25348,131172,137171,Maryland
3/31/04,105014,27862,118060,13678,28494,132876,146554,Maryland
6/30/04,108845,29093,111870,5391,31459,137938,143329,Maryland
9/30/04,108334,27018,111460,7547,31439,135352,142899,Maryland
12/31/04,106004,26967,114621,11364,29714,132971,144335,Maryland
3/31/05,107575,28235,111899,5807,29718,135810,141617,Maryland
6/30/05,106383,26553,111501,7175,28610,132936,140111,Maryland
9/30/05,107808,21713,115575,14296,28242,129521,143817,Maryland
12/31/05,110526,23301,108570,930,26187,133827,134757,Maryland
3/31/06,104879,22648,120946,19392,25973,127527,146919,Maryland
6/30/06,112872,24317,106832,-2736,27621,137189,134453,Maryland
9/30/06,111775,23202,109277,-2549,23151,134977,132428,Maryland
12/31/06,104217,23642,109434,7109,25534,127859,134968,Maryland
3/31/07,104626,22164,110798,9017,25009,126790,135807,Maryland
6/30/07,108771,21230,108130,-2266,19605,130001,127735,Maryland
9/30/07,110817,26333,108077,768,29841,137150,137918,Maryland
12/31/07,109750,26009,106210,-2686,26863,135759,133073,Maryland
3/31/08,108828,23855,105691,-1110,25882,132683,131573,Maryland
6/30/08,118682,26071,103810,-16438,24505,144753,128315,Maryland
9/30/08,114128,26101,104764,-10797,24668,140229,129432,Maryland
12/31/08,127701,28828,100791,-29075,26663,156529,127454,Maryland
3/31/09,124204,26878,94546,-33565,22971,151082,117517,Maryland
6/30/09,112453,25151,99730,-12509,25365,137604,125095,Maryland
9/30/09,109813,25910,94871,-18667,22185,135723,117056,Maryland
12/31/09,107084,23247,96734,-11944,21653,130331,118387,Maryland
3/31/10,101617,26212,100615,-1355,25859,127829,126474,Maryland
6/30/10,96213,21854,110304,19559,27322,118067,137626,Maryland
9/30/10,104815,23221,101798,-948,25290,128036,127088,Maryland
12/31/10,99958,24219,104052,4733,24858,124177,128910,Maryland
3/31/11,95454,24081,99618,3883,23800,119535,123418,Maryland
6/30/11,101044,26372,105688,3635,25363,127416,131051,Maryland
9/30/11,100040,25182,105108,8320,28434,125222,133542,Maryland
12/31/11,100489,21590,102590,6545,26034,122079,128624,Maryland
3/31/12,94634,20844,109852,21063,26689,115478,136541,Maryland
6/30/12,101597,20230,103301,6427,24953,121827,128254,Maryland
9/30/12,103741,24017,104413,1160,24505,127758,128918,Maryland
12/31/12,101547,25481,103337,2234,25925,127028,129262,Maryland
3/31/13,96374,22454,105241,10357,23944,118828,129185,Maryland
6/30/13,100513,24501,103768,1675,22921,125014,126689,Maryland
9/30/13,101462,21802,100127,2212,25349,123264,125476,Maryland
12/31/13,104741,24564,103315,-481,25509,129305,128824,Maryland
3/31/14,98369,21547,98235,2125,23806,119916,122041,Maryland
6/30/14,96486,22898,110205,16514,25693,119384,135898,Maryland
9/30/14,104417,24348,106987,4313,26091,128765,133078,Maryland
12/31/14,100717,26166,110275,11312,27920,126883,138195,Maryland
3/31/15,105803,22921,99786,-4022,24916,128724,124702,Maryland
6/30/15,98078,25851,118162,24341,30108,123929,148270,Maryland
9/30/15,104032,27264,106139,3894,29051,131296,135190,Maryland
12/31/15,97925,26385,113173,17419,28556,124310,141729,Maryland
3/31/16,104588,23444,106291,3626,25367,128032,131658,Maryland
6/30/16,103791,26963,110249,4558,25063,130754,135312,Maryland
9/30/16,103168,24226,113217,12529,26706,127394,139923,Maryland
12/31/16,104426,26923,112878,9420,27891,131349,140769,Maryland
3/31/17,103044,23314,105292,5182,26248,126358,131540,Maryland
6/30/17,108246,25038,112340,4268,25212,133284,137552,Maryland
9/30/17,107407,26620,108845,-668,24514,134027,133359,Maryland
12/31/17,107395,25239,111160,3214,24688,132634,135848,Maryland
9/30/92,118066,31859,135500,27529,41954,149925,177454,Massachusetts
12/31/92,127226,27159,131476,14504,37413,154385,168889,Massachusetts
3/31/93,134457,28504,139442,14482,38001,162961,177443,Massachusetts
6/30/93,134307,31211,130854,-1473,33191,165518,164045,Massachusetts
9/30/93,123701,27048,145945,35780,40584,150749,186529,Massachusetts
12/31/93,128695,29971,135143,17740,41263,158666,176406,Massachusetts
3/31/94,127023,28125,132503,11861,34506,155148,167009,Massachusetts
6/30/94,131467,29458,133789,5427,32563,160925,166352,Massachusetts
9/30/94,125189,28103,150130,35033,38195,153292,188325,Massachusetts
12/31/94,142762,28243,149527,17923,39401,171005,188928,Massachusetts
3/31/95,140816,30800,152557,23340,42399,171616,194956,Massachusetts
6/30/95,142513,34891,136092,-3737,37575,177404,173667,Massachusetts
9/30/95,131766,30778,154219,24524,32849,162544,187068,Massachusetts
12/31/95,140360,34829,150906,12970,37253,175189,188159,Massachusetts
3/31/96,141069,39407,148078,8603,41001,180476,189079,Massachusetts
6/30/96,141711,37582,145829,8711,42175,179293,188004,Massachusetts
9/30/96,134786,34880,153981,30715,46400,169666,200381,Massachusetts
12/31/96,145739,34475,151966,11708,39956,180214,191922,Massachusetts
3/31/97,132086,31192,160510,36914,39682,163278,200192,Massachusetts
6/30/97,152596,36544,141881,-10793,36466,189140,178347,Massachusetts
9/30/97,146471,44210,158284,11166,43563,190681,201847,Massachusetts
12/31/97,136069,34949,165585,40756,46189,171018,211774,Massachusetts
3/31/98,147480,39087,154107,11082,43542,186567,197649,Massachusetts
6/30/98,148575,42347,140792,9327,59457,190922,200249,Massachusetts
9/30/98,138473,33097,152268,20693,39995,171570,192263,Massachusetts
12/31/98,144198,33873,155282,8048,30837,178071,186119,Massachusetts
3/31/99,149002,40730,162382,18121,45471,189732,207853,Massachusetts
6/30/99,144378,47142,149236,6682,48966,191520,198202,Massachusetts
9/30/99,139415,35520,155648,15929,35216,174935,190864,Massachusetts
12/31/99,134206,32853,163356,32564,36267,167059,199623,Massachusetts
3/31/00,157491,36900,178367,22634,38658,194391,217025,Massachusetts
6/30/00,152968,40128,156603,20,36513,193096,193116,Massachusetts
9/30/00,146552,37534,167662,30136,46560,184086,214222,Massachusetts
12/31/00,148685,33698,170702,28978,40659,182383,211361,Massachusetts
3/31/01,165720,41988,171353,2314,38669,207708,210022,Massachusetts
6/30/01,177749,40193,146139,-37977,33826,217942,179965,Massachusetts
9/30/01,168220,38729,131626,-38520,36803,206949,168429,Massachusetts
12/31/01,163113,33950,137210,-25346,34507,197063,171717,Massachusetts
3/31/02,154199,37200,152194,4232,43437,191399,195631,Massachusetts
6/30/02,154616,37887,136782,-18537,37184,192503,173966,Massachusetts
9/30/02,144595,32653,129534,-15460,32254,177248,161788,Massachusetts
12/31/02,144721,39439,141560,-8430,34170,184160,175730,Massachusetts
3/31/03,155827,38570,135483,-18833,40081,194397,175564,Massachusetts
6/30/03,145389,35279,132864,-15983,31821,180668,164685,Massachusetts
9/30/03,136299,31438,131029,-1893,34815,167737,165844,Massachusetts
12/31/03,136072,32096,131130,-5591,31447,168168,162577,Massachusetts
3/31/04,130733,32855,141999,12004,33593,163588,175592,Massachusetts
6/30/04,136414,32037,137276,258,31433,168451,168709,Massachusetts
9/30/04,138535,38743,142342,-1268,33668,177278,176010,Massachusetts
12/31/04,137903,32688,134491,2574,38674,170591,173165,Massachusetts
3/31/05,140709,30501,132210,-2978,36022,171210,168232,Massachusetts
6/30/05,130987,33937,143325,12936,34535,164924,177860,Massachusetts
9/30/05,134759,31974,142403,5258,29588,166733,171991,Massachusetts
12/31/05,135302,32642,137683,4567,34828,167944,172511,Massachusetts
3/31/06,131276,30177,136034,4846,30265,161453,166299,Massachusetts
6/30/06,132336,34238,142251,11839,36162,166574,178413,Massachusetts
9/30/06,137560,30186,140833,3359,30272,167746,171105,Massachusetts
12/31/06,129688,30372,141259,11246,30047,160060,171306,Massachusetts
3/31/07,132722,28955,132710,3525,32492,161677,165202,Massachusetts
6/30/07,129732,28038,145292,18864,31342,157770,176634,Massachusetts
9/30/07,141775,33257,134947,-5343,34742,175032,169689,Massachusetts
12/31/07,134000,33170,137516,1250,30904,167170,168420,Massachusetts
3/31/08,129415,27786,134269,10788,33720,157201,167989,Massachusetts
6/30/08,137369,28525,138261,3216,30849,165894,169110,Massachusetts
9/30/08,143298,30234,128173,-16749,28610,173532,156783,Massachusetts
12/31/08,159599,33866,122215,-41218,30032,193465,152247,Massachusetts
3/31/09,155209,29654,102826,-56673,25364,184863,128190,Massachusetts
6/30/09,144320,28780,120999,-22363,29738,173100,150737,Massachusetts
9/30/09,130519,28207,121662,-8936,28128,158726,149790,Massachusetts
12/31/09,132689,29108,120928,-12324,28545,161797,149473,Massachusetts
3/31/10,122523,28970,127503,11761,35751,151493,163254,Massachusetts
6/30/10,116817,22392,129313,19476,29372,139209,158685,Massachusetts
9/30/10,124088,29197,130879,5899,28305,153285,159184,Massachusetts
12/31/10,120503,29829,131868,12828,31292,150332,163160,Massachusetts
3/31/11,117175,27225,121707,5096,27789,144400,149496,Massachusetts
6/30/11,120373,27986,130126,13970,32203,148359,162329,Massachusetts
9/30/11,118301,29085,138406,30492,39472,147386,177878,Massachusetts
12/31/11,123293,28814,123131,-274,28702,152107,151833,Massachusetts
3/31/12,116049,23943,128901,20385,31476,139992,160377,Massachusetts
6/30/12,114105,26637,134486,25308,31564,140742,166050,Massachusetts
9/30/12,130039,26023,123288,-1754,31020,156062,154308,Massachusetts
12/31/12,122243,28794,123612,4512,31937,151037,155549,Massachusetts
3/31/13,116554,25540,127101,13447,28440,142094,155541,Massachusetts
6/30/13,118756,25098,139258,29252,33848,143854,173106,Massachusetts
9/30/13,130386,26902,126046,1850,33092,157288,159138,Massachusetts
12/31/13,122661,30686,126700,1384,28031,153347,154731,Massachusetts
3/31/14,120674,28324,127021,9815,31792,148998,158813,Massachusetts
6/30/14,121450,31192,144638,30069,38073,152642,182711,Massachusetts
9/30/14,130553,28043,134968,9991,33619,158596,168587,Massachusetts
12/31/14,122008,31666,139401,24746,39019,153674,178420,Massachusetts
3/31/15,133143,29285,128151,-2205,32072,162428,160223,Massachusetts
6/30/15,124151,27888,153717,38098,36420,152039,190137,Massachusetts
9/30/15,138313,28978,133384,-3376,30531,167291,163915,Massachusetts
12/31/15,126314,30137,141879,20684,35256,156451,177135,Massachusetts
3/31/16,126469,28007,135826,9508,28158,154476,163984,Massachusetts
6/30/16,128482,30642,146164,23704,36664,159124,182828,Massachusetts
9/30/16,135698,31717,141634,7148,32929,167415,174563,Massachusetts
12/31/16,135183,30697,137904,5312,33288,165880,171192,Massachusetts
3/31/17,128860,28079,133131,11688,35496,156939,168627,Massachusetts
6/30/17,131318,30430,155445,28924,35227,161748,190672,Massachusetts
9/30/17,144329,30402,136902,-5065,32764,174731,169666,Massachusetts
12/31/17,138765,33017,140787,7613,38608,171782,179395,Massachusetts
9/30/92,169520,43050,205727,45359,52202,212570,257929,Michigan
12/31/92,180807,51582,177087,4867,60169,232389,237256,Michigan
3/31/93,186380,52250,186117,7114,59627,238630,245744,Michigan
6/30/93,178550,54788,188683,13061,57716,233338,246399,Michigan
9/30/93,174571,46671,208116,49548,62674,221242,270790,Michigan
12/31/93,170262,47280,207648,48598,58492,217542,266140,Michigan
3/31/94,167728,58875,217868,47230,55965,226603,273833,Michigan
6/30/94,186818,61537,198069,13021,63307,248355,261376,Michigan
9/30/94,172245,39389,222398,83800,73036,211634,295434,Michigan
12/31/94,183369,55622,206491,20705,53205,238991,259696,Michigan
3/31/95,185798,60195,221853,53236,77376,245993,299229,Michigan
6/30/95,197392,84586,200797,-13197,67984,281978,268781,Michigan
9/30/95,195449,51026,211491,38275,73259,246475,284750,Michigan
12/31/95,193174,57131,215705,29236,63836,250305,279541,Michigan
3/31/96,216922,55746,218773,22626,76521,272668,295294,Michigan
6/30/96,210435,74620,217498,-8709,58848,285055,276346,Michigan
9/30/96,200717,43086,215279,38140,66664,243803,281943,Michigan
12/31/96,191182,62009,224323,32064,60932,253191,285255,Michigan
3/31/97,197669,67650,229239,38723,74803,265319,304042,Michigan
6/30/97,215274,83467,206413,-29542,62786,298741,269199,Michigan
9/30/97,214430,67644,237849,32805,77030,282074,314879,Michigan
12/31/97,200216,136193,236628,-8635,91146,336409,327774,Michigan
3/31/98,213404,89261,239760,75381,138286,302665,378046,Michigan
6/30/98,221150,76970,203647,-21433,73040,298120,276687,Michigan
9/30/98,211836,101508,223220,-14822,75302,313344,298522,Michigan
12/31/98,191492,69503,229006,38536,70525,260995,299531,Michigan
3/31/99,209003,87137,224738,8643,80045,296140,304783,Michigan
6/30/99,221085,63133,218454,25597,91361,284218,309815,Michigan
9/30/99,215134,69800,216259,9835,78510,284934,294769,Michigan
12/31/99,199562,60724,238515,55367,77138,260286,315653,Michigan
3/31/00,220459,58119,245657,40678,73599,278578,319256,Michigan
6/30/00,232415,63176,225316,-2855,67420,295591,292736,Michigan
9/30/00,233906,66220,208248,-24086,67792,300126,276040,Michigan
12/31/00,223476,66762,221587,-3247,65404,290238,286991,Michigan
3/31/01,241359,89708,232756,-39055,59256,331067,292012,Michigan
6/30/01,234811,63915,194091,-47624,57011,298726,251102,Michigan
9/30/01,236314,71766,185651,-40541,81888,308080,267539,Michigan
12/31/01,225366,60960,188242,-37344,60740,286326,248982,Michigan
3/31/02,223153,65647,217100,-2018,69682,288800,286782,Michigan
6/30/02,211991,61703,204208,-8005,61481,273694,265689,Michigan
9/30/02,201916,63917,197966,-7169,60698,265833,258664,Michigan
12/31/02,206971,63202,190610,-19188,60375,270173,250985,Michigan
3/31/03,223404,64131,194079,-33165,60291,287535,254370,Michigan
6/30/03,205774,46556,189405,-7404,55521,252330,244926,Michigan
9/30/03,193948,59012,192764,-14282,45914,252960,238678,Michigan
12/31/03,193120,50464,187653,5304,61235,243584,248888,Michigan
3/31/04,206791,64219,194087,-14439,62484,271010,256571,Michigan
6/30/04,190012,49032,194680,10441,54805,239044,249485,Michigan
9/30/04,188204,60311,205268,7280,50527,248515,255795,Michigan
12/31/04,195601,49252,188547,-970,55336,244853,243883,Michigan
3/31/05,201012,59967,196632,-8002,56345,260979,252977,Michigan
6/30/05,199995,50338,193100,3552,60785,250333,253885,Michigan
9/30/05,188695,55641,200884,8355,51807,244336,252691,Michigan
12/31/05,201318,49096,182738,-19169,48507,250414,231245,Michigan
3/31/06,199691,50219,179103,-21837,48970,249910,228073,Michigan
6/30/06,194275,45151,186831,-1990,50605,239426,237436,Michigan
9/30/06,205820,45569,181702,-24909,44778,251389,226480,Michigan
12/31/06,204238,47152,180662,-22405,48323,251390,228985,Michigan
3/31/07,191829,48955,189592,-8729,42463,240784,232055,Michigan
6/30/07,187238,45268,188171,228,44563,232506,232734,Michigan
9/30/07,192394,51308,179238,-18747,45717,243702,224955,Michigan
12/31/07,191691,45729,183486,-7673,46261,237420,229747,Michigan
3/31/08,197409,52593,169729,-35672,44601,250002,214330,Michigan
6/30/08,195022,49827,174952,-23483,46414,244849,221366,Michigan
9/30/08,212125,48405,159601,-59348,41581,260530,201182,Michigan
12/31/08,239476,50792,160804,-86861,42603,290268,203407,Michigan
3/31/09,239669,58895,136563,-129622,32379,298564,168942,Michigan
6/30/09,255989,41379,149832,-95099,52437,297368,202269,Michigan
9/30/09,167934,48018,191229,11019,35742,215952,226971,Michigan
12/31/09,172799,48416,169502,-6598,45115,221215,214617,Michigan
3/31/10,161218,40738,150406,-16181,35369,201956,185775,Michigan
6/30/10,142306,38483,177460,37520,40849,180789,218309,Michigan
9/30/10,142310,43423,180032,31475,37176,185733,217208,Michigan
12/31/10,161264,43260,167527,4959,41956,204524,209483,Michigan
3/31/11,141926,39699,167541,23279,37363,181625,204904,Michigan
6/30/11,157329,37755,173593,22044,43535,195084,217128,Michigan
9/30/11,146111,37740,185516,46482,44817,183851,230333,Michigan
12/31/11,155353,39463,163843,6028,37001,194816,200844,Michigan
3/31/12,140012,33949,168744,32398,37615,173961,206359,Michigan
6/30/12,156064,35581,169724,12695,34616,191645,204340,Michigan
9/30/12,159434,34764,166886,14588,41900,194198,208786,Michigan
12/31/12,148588,34614,170159,20820,33863,183202,204022,Michigan
3/31/13,147648,26070,172462,37672,38928,173718,211390,Michigan
6/30/13,155660,40372,183508,18494,31018,196032,214526,Michigan
9/30/13,161483,36710,173071,9863,34985,198193,208056,Michigan
12/31/13,160308,33051,175442,16102,34019,193359,209461,Michigan
3/31/14,154745,25302,156669,12584,35962,180047,192631,Michigan
6/30/14,159306,31491,190816,34924,34905,190797,225721,Michigan
9/30/14,167422,36288,161231,-12075,30404,203710,191635,Michigan
12/31/14,153840,32448,185511,33627,34404,186288,219915,Michigan
3/31/15,158828,28006,157539,1280,30575,186834,188114,Michigan
6/30/15,159065,29218,192490,30631,26424,188283,218914,Michigan
9/30/15,168824,33974,163796,-8154,30848,202798,194644,Michigan
12/31/15,158784,33182,183398,26852,35420,191966,218818,Michigan
3/31/16,157662,21871,161849,14453,32137,179533,193986,Michigan
6/30/16,164324,31679,191925,21899,25977,196003,217902,Michigan
9/30/16,168250,34015,174993,6194,33466,202265,208459,Michigan
12/31/16,166979,33159,173527,4582,31193,200138,204720,Michigan
3/31/17,161789,22625,176452,26681,34643,184414,211095,Michigan
6/30/17,164662,34038,190567,15907,24040,198700,214607,Michigan
9/30/17,180967,40420,164422,-24644,32321,221387,196743,Michigan
12/31/17,166726,37707,176755,4568,32246,204433,209001,Michigan
9/30/92,98234,59526,120830,26497,63427,157760,184257,Minnesota
12/31/92,102903,26027,111008,11590,29512,128930,140520,Minnesota
3/31/93,101654,21576,108479,16343,31094,123230,139573,Minnesota
6/30/93,104422,27554,103058,-2211,26707,131976,129765,Minnesota
9/30/93,97230,27832,125007,26929,26984,125062,151991,Minnesota
12/31/93,106458,24765,116603,21653,36273,131223,152876,Minnesota
3/31/94,105154,26199,119385,23168,35136,131353,154521,Minnesota
6/30/94,103324,34761,113344,5142,29883,138085,143227,Minnesota
9/30/94,102310,41735,126213,16064,33896,144045,160109,Minnesota
12/31/94,109397,29771,118024,24628,45772,139168,163796,Minnesota
3/31/95,103082,37135,130373,35932,45776,140217,176149,Minnesota
6/30/95,115884,32213,109242,-5682,33173,148097,142415,Minnesota
9/30/95,105745,50723,119466,-5495,31507,156468,150973,Minnesota
12/31/95,105170,34525,116874,41277,64098,139695,180972,Minnesota
3/31/96,109040,36066,125564,22227,41769,145106,167333,Minnesota
6/30/96,123682,28749,111477,-2265,38689,152431,150166,Minnesota
9/30/96,112243,34170,124140,13886,36159,146413,160299,Minnesota
12/31/96,111563,33169,127806,15979,32905,144732,160711,Minnesota
3/31/97,112452,35831,126699,16685,38269,148283,164968,Minnesota
6/30/97,117155,36002,118349,3004,37812,153157,156161,Minnesota
9/30/97,111989,35899,136826,37061,48123,147888,184949,Minnesota
12/31/97,116415,31049,126506,19579,40537,147464,167043,Minnesota
3/31/98,110362,41906,142588,27154,36834,152268,179422,Minnesota
6/30/98,126557,37360,118768,1824,46973,163917,165741,Minnesota
9/30/98,113052,30177,120683,13097,35643,143229,156326,Minnesota
12/31/98,108541,35612,126512,13296,30937,144153,157449,Minnesota
3/31/99,114032,32881,127231,13412,33094,146913,160325,Minnesota
6/30/99,113229,28695,121956,14168,34136,141924,156092,Minnesota
9/30/99,116431,29907,128911,10824,28251,146338,157162,Minnesota
12/31/99,111629,32505,134796,24321,33659,144134,168455,Minnesota
3/31/00,121743,34332,130723,17255,42607,156075,173330,Minnesota
6/30/00,124406,27912,123950,5527,33895,152318,157845,Minnesota
9/30/00,122745,35107,124480,6990,40362,157852,164842,Minnesota
12/31/00,118492,32528,124175,17281,44126,151020,168301,Minnesota
3/31/01,126857,47696,128725,-11005,34823,174553,163548,Minnesota
6/30/01,146571,31692,117880,-31148,29235,178263,147115,Minnesota
9/30/01,135678,33061,119947,-16057,32735,168739,152682,Minnesota
12/31/01,128236,43140,114402,-11761,45213,171376,159615,Minnesota
3/31/02,128426,35241,122118,-944,40605,163667,162723,Minnesota
6/30/02,126151,34945,118231,-4338,38527,161096,156758,Minnesota
9/30/02,118092,23528,117445,5609,29784,141620,147229,Minnesota
12/31/02,115532,30620,114821,-4233,27098,146152,141919,Minnesota
3/31/03,125692,28435,112711,-6966,34450,154127,147161,Minnesota
6/30/03,119784,32040,114561,1690,38953,151824,153514,Minnesota
9/30/03,115575,28220,112303,-1663,29829,143795,142132,Minnesota
12/31/03,111628,33335,114319,-1347,29297,144963,143616,Minnesota
3/31/04,115634,30995,114979,302,31952,146629,146931,Minnesota
6/30/04,99151,25729,122764,32665,34781,124880,157545,Minnesota
9/30/04,117819,38797,112175,-6407,38034,156616,150209,Minnesota
12/31/04,107914,26258,119928,16145,30389,134172,150317,Minnesota
3/31/05,117832,31309,119547,-5376,24218,149141,143765,Minnesota
6/30/05,121092,18064,112147,1649,28658,139156,140805,Minnesota
9/30/05,110911,21502,137405,42079,37087,132413,174492,Minnesota
12/31/05,135030,12280,126959,15405,35756,147310,162715,Minnesota
3/31/06,118916,22939,123266,13567,32156,141855,155422,Minnesota
6/30/06,120065,37790,129028,-6327,22500,157855,151528,Minnesota
9/30/06,121373,47698,117596,-29632,21843,169071,139439,Minnesota
12/31/06,113061,31316,117617,7704,34464,144377,152081,Minnesota
3/31/07,114459,24497,107170,4231,36017,138956,143187,Minnesota
6/30/07,108829,38965,120588,-1097,26109,147794,146697,Minnesota
9/30/07,118725,22030,104598,10017,46174,140755,150772,Minnesota
12/31/07,112546,28884,115721,5238,30947,141430,146668,Minnesota
3/31/08,118330,25439,111118,1288,33939,143769,145057,Minnesota
6/30/08,113190,33096,109619,-10771,25896,146286,135515,Minnesota
9/30/08,117908,27406,104548,-19071,21695,145314,126243,Minnesota
12/31/08,125626,25253,94673,-29539,26667,150879,121340,Minnesota
3/31/09,141545,28623,95328,-54951,19889,170168,115217,Minnesota
6/30/09,137062,25064,100612,-34238,27276,162126,127888,Minnesota
9/30/09,117962,20914,98946,-11809,28121,138876,127067,Minnesota
12/31/09,106059,23828,109981,-1026,18880,129887,128861,Minnesota
3/31/10,106341,27347,98818,-6524,28346,133688,127164,Minnesota
6/30/10,93822,18423,111955,23380,23670,112245,135625,Minnesota
9/30/10,98430,23621,105920,2478,18609,122051,124529,Minnesota
12/31/10,102597,23932,107534,7779,26774,126529,134308,Minnesota
3/31/11,96071,19988,104359,13235,24935,116059,129294,Minnesota
6/30/11,95269,23601,113172,20857,26555,118870,139727,Minnesota
9/30/11,99418,16778,117804,29288,27680,116196,145484,Minnesota
12/31/11,108010,22185,105976,-5203,19016,130195,124992,Minnesota
3/31/12,108156,22592,117434,15221,28535,130748,145969,Minnesota
6/30/12,100893,21804,114674,14505,22528,122697,137202,Minnesota
9/30/12,105275,22095,109085,9670,27955,127370,137040,Minnesota
12/31/12,106951,22902,111549,4627,22931,129853,134480,Minnesota
3/31/13,99339,20281,117134,21421,23907,119620,141041,Minnesota
6/30/13,100985,20142,114772,17872,24227,121127,138999,Minnesota
9/30/13,107765,19162,110476,4919,21370,126927,131846,Minnesota
12/31/13,106403,23648,112450,1993,19594,130051,132044,Minnesota
3/31/14,106659,23235,106182,-6779,16933,129894,123115,Minnesota
6/30/14,98191,20227,118703,33588,33303,118418,152006,Minnesota
9/30/14,112177,21705,108803,-2196,22883,133882,131686,Minnesota
12/31/14,105183,23227,115514,8276,21172,128410,136686,Minnesota
3/31/15,103750,19312,111707,10140,21495,123062,133202,Minnesota
6/30/15,102168,19635,120443,26997,28357,121803,148800,Minnesota
9/30/15,116613,21177,107563,-7194,23033,137790,130596,Minnesota
12/31/15,110610,26629,119771,8088,25556,137239,145327,Minnesota
3/31/16,104771,22783,112123,5265,20696,127554,132819,Minnesota
6/30/16,111460,22441,118440,9682,25143,133901,143583,Minnesota
9/30/16,113839,20134,121480,14790,27283,133973,148763,Minnesota
12/31/16,114054,24909,117730,1557,22790,138963,140520,Minnesota
3/31/17,103972,13330,118667,25349,23984,117302,142651,Minnesota
6/30/17,107688,21378,122611,11639,18094,129066,140705,Minnesota
9/30/17,118554,22234,110227,-9100,21461,140788,131688,Minnesota
12/31/17,112930,24243,119533,5953,23593,137173,143126,Minnesota
9/30/92,41222,9541,46697,10803,14869,50763,61566,Mississippi
12/31/92,41938,10228,49366,10053,12853,52166,62219,Mississippi
3/31/93,40090,12881,45636,8171,15506,52971,61142,Mississippi
6/30/93,38690,9709,51770,16334,12963,48399,64733,Mississippi
9/30/93,42416,10304,52806,13119,13033,52720,65839,Mississippi
12/31/93,43743,11164,65229,23501,13179,54907,78408,Mississippi
3/31/94,50439,9957,58019,8490,10867,60396,68886,Mississippi
6/30/94,45604,12458,58932,13649,12779,58062,71711,Mississippi
9/30/94,50384,9051,64116,16832,12151,59435,76267,Mississippi
12/31/94,51479,10214,47575,-1928,12190,61693,59765,Mississippi
3/31/95,52890,11226,50581,-1921,11614,64116,62195,Mississippi
6/30/95,49445,12084,52869,4644,13304,61529,66173,Mississippi
9/30/95,48940,8705,53181,7518,11982,57645,65163,Mississippi
12/31/95,53369,9568,48437,-3808,10692,62937,59129,Mississippi
3/31/96,51423,14534,53711,2151,14397,65957,68108,Mississippi
6/30/96,47550,9279,54294,11200,13735,56829,68029,Mississippi
9/30/96,50687,10986,53940,4804,12537,61673,66477,Mississippi
12/31/96,52403,9392,47199,-3873,10723,61795,57922,Mississippi
3/31/97,48269,11843,50722,5187,14577,60112,65299,Mississippi
6/30/97,46722,10527,51792,7927,13384,57249,65176,Mississippi
9/30/97,48780,10979,52769,6474,13464,59759,66233,Mississippi
12/31/97,48092,9771,56880,10691,11674,57863,68554,Mississippi
3/31/98,52491,15317,55068,2207,14947,67808,70015,Mississippi
6/30/98,50434,12117,56460,7668,13759,62551,70219,Mississippi
9/30/98,51705,13570,54435,3876,14716,65275,69151,Mississippi
12/31/98,52591,13084,54975,2079,12779,65675,67754,Mississippi
3/31/99,55434,14554,60015,4877,14850,69988,74865,Mississippi
6/30/99,53703,10051,58431,8694,14017,63754,72448,Mississippi
9/30/99,53391,11286,53476,3760,14961,64677,68437,Mississippi
12/31/99,56020,11454,50417,-6663,10394,67474,60811,Mississippi
3/31/00,56069,12789,52778,-3701,12379,68858,65157,Mississippi
6/30/00,51494,11953,54431,3933,12949,63447,67380,Mississippi
9/30/00,56696,10170,47115,-7161,12590,66866,59705,Mississippi
12/31/00,59521,12399,49282,-11063,11575,71920,60857,Mississippi
3/31/01,57698,18037,51832,-11000,12903,75735,64735,Mississippi
6/30/01,54368,11509,49031,-4880,11966,65877,60997,Mississippi
9/30/01,52621,10880,47578,-5039,10884,63501,58462,Mississippi
12/31/01,54897,10276,45011,-8771,11391,65173,56402,Mississippi
3/31/02,48490,12050,51932,3787,12395,60540,64327,Mississippi
6/30/02,47560,11774,50823,3450,11961,59334,62784,Mississippi
9/30/02,51035,10141,46455,-3123,11598,61176,58053,Mississippi
12/31/02,52656,9570,42881,-9642,9703,62226,52584,Mississippi
3/31/03,50737,10797,45591,-4342,11601,61534,57192,Mississippi
6/30/03,51240,9358,45594,-3778,11226,60598,56820,Mississippi
9/30/03,43515,8630,47217,5475,10403,52145,57620,Mississippi
12/31/03,46186,8381,47527,3685,10725,54567,58252,Mississippi
3/31/04,46591,9337,46197,1306,11037,55928,57234,Mississippi
6/30/04,46502,11232,48990,1611,10355,57734,59345,Mississippi
9/30/04,48174,8839,49095,2877,10795,57013,59890,Mississippi
12/31/04,44825,10362,48059,2245,9373,55187,57432,Mississippi
3/31/05,45070,9039,49423,6769,11455,54109,60878,Mississippi
6/30/05,50163,12366,46140,-5777,10612,62529,56752,Mississippi
9/30/05,60232,21981,54077,-14264,13872,82213,67949,Mississippi
12/31/05,60331,13398,68245,14889,20373,73729,88618,Mississippi
3/31/06,49526,9076,56238,11649,14013,58602,70251,Mississippi
6/30/06,55112,9044,52014,815,12957,64156,64971,Mississippi
9/30/06,53084,9306,57563,6895,11722,62390,69285,Mississippi
12/31/06,51446,7993,53430,6033,12042,59439,65472,Mississippi
3/31/07,55108,9703,51592,-2722,10497,64811,62089,Mississippi
6/30/07,54510,10507,50553,-3511,10953,65017,61506,Mississippi
9/30/07,48381,9509,50437,4475,11928,57890,62365,Mississippi
12/31/07,50115,8494,52039,5788,12358,58609,64397,Mississippi
3/31/08,50443,10233,48938,-1459,10279,60676,59217,Mississippi
6/30/08,57546,10154,46208,-10446,11046,67700,57254,Mississippi
9/30/08,55342,10825,45305,-10993,9869,66167,55174,Mississippi
12/31/08,58989,11485,45578,-13915,10981,70474,56559,Mississippi
3/31/09,57220,10382,39592,-18534,9476,67602,49068,Mississippi
6/30/09,53011,10660,40402,-14038,9231,63671,49633,Mississippi
9/30/09,48138,10092,41911,-7006,9313,58230,51224,Mississippi
12/31/09,43367,9604,39749,-2392,10830,52971,50579,Mississippi
3/31/10,43112,8061,41664,245,9754,51173,51418,Mississippi
6/30/10,43108,8654,47064,7510,12208,51762,59272,Mississippi
9/30/10,46472,10984,46047,-896,10513,57456,56560,Mississippi
12/31/10,45064,10494,44196,8,11370,55558,55566,Mississippi
3/31/11,43443,8200,45397,3731,9977,51643,55374,Mississippi
6/30/11,46809,9661,42376,-4144,9950,56470,52326,Mississippi
9/30/11,43501,8853,43857,2185,10682,52354,54539,Mississippi
12/31/11,42397,8658,41831,306,9530,51055,51361,Mississippi
3/31/12,39811,7356,47452,9699,9414,47167,56866,Mississippi
6/30/12,46031,8828,41816,-4527,8516,54859,50332,Mississippi
9/30/12,43346,8757,44191,1324,9236,52103,53427,Mississippi
12/31/12,39989,12198,45665,4114,10636,52187,56301,Mississippi
3/31/13,40279,6952,42461,3782,8552,47231,51013,Mississippi
6/30/13,43538,7879,42405,-801,8211,51417,50616,Mississippi
9/30/13,40802,9012,43558,3151,9407,49814,52965,Mississippi
12/31/13,40642,8033,46361,7011,9325,48675,55686,Mississippi
3/31/14,44530,6586,41678,-925,8513,51116,50191,Mississippi
6/30/14,46331,10678,43107,-3824,10078,57009,53185,Mississippi
9/30/14,42933,8732,45599,2087,8153,51665,53752,Mississippi
12/31/14,39174,7687,50191,12572,9242,46861,59433,Mississippi
3/31/15,48610,7183,41246,-6054,8493,55793,49739,Mississippi
6/30/15,44163,7301,45969,4767,10262,51464,56231,Mississippi
9/30/15,42100,9448,46365,3046,8229,51548,54594,Mississippi
12/31/15,39962,8080,52658,14348,9732,48042,62390,Mississippi
3/31/16,46810,8313,42300,-3395,9428,55123,51728,Mississippi
6/30/16,50643,7499,41621,-7627,8894,58142,50515,Mississippi
9/30/16,41084,8392,46079,6550,9947,49476,56026,Mississippi
12/31/16,42150,8068,45519,6393,11092,50218,56611,Mississippi
3/31/17,44518,7698,41350,-702,10164,52216,51514,Mississippi
6/30/17,45139,7936,42457,-484,10134,53075,52591,Mississippi
9/30/17,43325,9042,43597,-1322,7448,52367,51045,Mississippi
12/31/17,40176,8525,47841,8304,9164,48701,57005,Mississippi
9/30/92,104453,23595,115756,21962,34254,128048,150010,Missouri
12/31/92,114529,29723,107672,-6817,29763,144252,137435,Missouri
3/31/93,114413,25843,116101,6296,30451,140256,146552,Missouri
6/30/93,98123,24737,121945,31301,32216,122860,154161,Missouri
9/30/93,112706,27639,125598,19022,33769,140345,159367,Missouri
12/31/93,112025,25299,120793,15082,31613,137324,152406,Missouri
3/31/94,110803,27184,123579,14013,28421,137987,152000,Missouri
6/30/94,109435,28139,127523,19220,29271,137574,156794,Missouri
9/30/94,112136,33349,135442,29048,39091,145485,174533,Missouri
12/31/94,117943,27250,122120,14395,37468,145193,159588,Missouri
3/31/95,128013,27694,133566,10554,32695,155707,166261,Missouri
6/30/95,129486,30916,122544,-4614,33244,160402,155788,Missouri
9/30/95,114755,32562,137908,26240,35649,147317,173557,Missouri
12/31/95,126248,37877,126115,-3433,34577,164125,160692,Missouri
3/31/96,122877,31541,124867,10781,40332,154418,165199,Missouri
6/30/96,122678,35777,120374,2514,40595,158455,160969,Missouri
9/30/96,115225,38586,132922,22686,43575,153811,176497,Missouri
12/31/96,122890,30576,129842,14120,37744,153466,167586,Missouri
3/31/97,120627,23309,129036,29643,44543,143936,173579,Missouri
6/30/97,121624,24222,122910,1026,23962,145846,146872,Missouri
9/30/97,120431,22418,129281,14985,28553,142849,157834,Missouri
12/31/97,123952,30060,132395,13205,34822,154012,167217,Missouri
3/31/98,133369,27660,137742,14843,38130,161029,175872,Missouri
6/30/98,133533,38599,134772,5168,42528,172132,177300,Missouri
9/30/98,122865,32611,129495,3797,29778,155476,159273,Missouri
12/31/98,121532,32304,133876,11520,31480,153836,165356,Missouri
3/31/99,127608,35944,126875,4270,40947,163552,167822,Missouri
6/30/99,124165,26692,129365,9999,31491,150857,160856,Missouri
9/30/99,123683,27402,132794,10489,28780,151085,161574,Missouri
12/31/99,125773,26882,134338,9594,27911,152655,162249,Missouri
3/31/00,127379,28474,135655,6768,26966,155853,162621,Missouri
6/30/00,128657,26132,130303,2744,27230,154789,157533,Missouri
9/30/00,138850,35533,135690,-7697,30996,174383,166686,Missouri
12/31/00,135016,29046,125933,-10759,27370,164062,153303,Missouri
3/31/01,122942,27075,128058,8191,30150,150017,158208,Missouri
6/30/01,137146,31125,120022,-19883,28366,168271,148388,Missouri
9/30/01,134222,31210,116118,-21724,27590,165432,143708,Missouri
12/31/01,126976,34418,117807,-17743,25844,161394,143651,Missouri
3/31/02,125033,27205,119761,6050,38527,152238,158288,Missouri
6/30/02,127791,32166,123745,-2655,33557,159957,157302,Missouri
9/30/02,121817,23558,118741,3004,29638,145375,148379,Missouri
12/31/02,120443,29072,113628,-9372,26515,149515,140143,Missouri
3/31/03,124506,27234,111080,-12903,27757,151740,138837,Missouri
6/30/03,122534,28588,114165,-8304,28653,151122,142818,Missouri
9/30/03,113955,27855,118652,2852,26010,141810,144662,Missouri
12/31/03,118657,24468,114224,-3265,25636,143125,139860,Missouri
3/31/04,115013,29651,128068,11650,28246,144664,156314,Missouri
6/30/04,109459,27639,117966,10408,29540,137098,147506,Missouri
9/30/04,115221,29450,118071,1064,27664,144671,145735,Missouri
12/31/04,108095,20814,117639,14296,25566,128909,143205,Missouri
3/31/05,113973,27417,124647,13066,29809,141390,154456,Missouri
6/30/05,111765,25694,114461,2545,25543,137459,140004,Missouri
9/30/05,111983,21610,117388,11129,27334,133593,144722,Missouri
12/31/05,114736,24393,117710,5176,26595,139129,144305,Missouri
3/31/06,107641,26081,125934,17361,25149,133722,151083,Missouri
6/30/06,123017,21674,115342,4539,33888,144691,149230,Missouri
9/30/06,118674,22430,112568,-3683,24853,141104,137421,Missouri
12/31/06,114648,29496,121464,6891,29571,144144,151035,Missouri
3/31/07,112959,25530,125426,15901,28964,138489,154390,Missouri
6/30/07,123051,23283,114405,-6173,25756,146334,140161,Missouri
9/30/07,121098,22536,117003,2683,29314,143634,146317,Missouri
12/31/07,116275,23043,119024,536,20830,139318,139854,Missouri
3/31/08,118298,23456,113612,1698,29840,141754,143452,Missouri
6/30/08,123442,26331,115873,-9599,24301,149773,140174,Missouri
9/30/08,125656,19584,112790,-12396,20054,145240,132844,Missouri
12/31/08,140240,28967,105471,-36607,27129,169207,132600,Missouri
3/31/09,136062,28795,101940,-39629,23288,164857,125228,Missouri
6/30/09,134337,22203,99252,-34819,22469,156540,121721,Missouri
9/30/09,117605,24570,102576,-17565,22034,142175,124610,Missouri
12/31/09,112419,19885,103743,-8627,19934,132304,123677,Missouri
3/31/10,106542,25135,109819,-4832,17026,131677,126845,Missouri
6/30/10,107669,21214,106945,1697,23635,128883,130580,Missouri
9/30/10,101984,21031,103091,4892,24816,123015,127907,Missouri
12/31/10,102602,17363,103886,4953,21032,119965,124918,Missouri
3/31/11,96789,24864,103503,4517,22667,121653,126170,Missouri
6/30/11,104895,18970,105915,6380,24330,123865,130245,Missouri
9/30/11,104155,18877,108745,8113,22400,123032,131145,Missouri
12/31/11,102245,19533,106552,8392,23618,121778,130170,Missouri
3/31/12,100430,18159,109657,12949,21881,118589,131538,Missouri
6/30/12,108473,28845,109770,-2056,25492,137318,135262,Missouri
9/30/12,109116,20374,104872,393,25011,129490,129883,Missouri
12/31/12,103716,19774,113031,15803,26262,123490,139293,Missouri
3/31/13,103809,20518,109454,7400,22273,124327,131727,Missouri
6/30/13,100102,18418,111275,13171,20416,118520,131691,Missouri
9/30/13,106159,19267,106706,4366,23086,125426,129792,Missouri
12/31/13,103834,20308,109828,8424,22738,124142,132566,Missouri
3/31/14,104254,19698,103686,1302,21568,123952,125254,Missouri
6/30/14,101295,18734,112923,14634,21740,120029,134663,Missouri
9/30/14,106796,19731,104713,-246,21568,126527,126281,Missouri
12/31/14,97489,18819,117828,25992,24472,116308,142300,Missouri
3/31/15,102781,21156,106140,3595,21392,123937,127532,Missouri
6/30/15,100981,18809,115059,19183,23914,119790,138973,Missouri
9/30/15,106228,20640,108639,4550,22779,126868,131418,Missouri
12/31/15,101187,19600,119718,24306,25375,120787,145093,Missouri
3/31/16,105732,19791,109506,5839,21856,125523,131362,Missouri
6/30/16,108124,19644,111939,5964,21793,127768,133732,Missouri
9/30/16,107747,17583,111391,6772,20711,125330,132102,Missouri
12/31/16,108933,24274,108450,860,25617,133207,134067,Missouri
3/31/17,100207,16117,110951,21850,27223,116324,138174,Missouri
6/30/17,108852,23759,109598,1335,24348,132611,133946,Missouri
9/30/17,110996,27476,111808,1767,28431,138472,140239,Missouri
12/31/17,101018,25718,110082,7125,23779,126736,133861,Missouri
9/30/92,16615,4924,17402,1180,5317,21539,22719,Montana
12/31/92,16603,4212,16543,-110,4162,20815,20705,Montana
3/31/93,15809,4507,17197,2085,5204,20316,22401,Montana
6/30/93,14977,4047,18879,5554,5699,19024,24578,Montana
9/30/93,16601,4928,18204,3105,6430,21529,24634,Montana
12/31/93,18185,5493,18558,377,5497,23678,24055,Montana
3/31/94,17768,4140,18792,1936,5052,21908,23844,Montana
6/30/94,15152,3966,19647,6541,6012,19118,25659,Montana
9/30/94,16673,5823,21767,6207,6936,22496,28703,Montana
12/31/94,19696,5852,19710,289,6127,25548,25837,Montana
3/31/95,19857,4681,23044,3160,4654,24538,27698,Montana
6/30/95,17075,7210,19833,1314,5766,24285,25599,Montana
9/30/95,18318,3628,21559,5632,6019,21946,27578,Montana
12/31/95,20081,4893,17755,-1674,5545,24974,23300,Montana
3/31/96,20021,4396,20637,2345,6125,24417,26762,Montana
6/30/96,19047,4942,20873,3049,6165,23989,27038,Montana
9/30/96,19538,6424,21912,3581,7631,25962,29543,Montana
12/31/96,21310,5656,19208,-1726,6032,26966,25240,Montana
3/31/97,20796,5591,19365,-1582,5440,26387,24805,Montana
6/30/97,18093,4983,21053,4971,6994,23076,28047,Montana
9/30/97,20657,6049,21776,1935,6865,26706,28641,Montana
12/31/97,20711,5321,20558,1783,7257,26032,27815,Montana
3/31/98,21824,5995,21146,2015,8688,27819,29834,Montana
6/30/98,21137,6572,21047,349,7011,27709,28058,Montana
9/30/98,19619,5912,21864,3865,7532,25531,29396,Montana
12/31/98,20382,4960,21981,2036,5397,25342,27378,Montana
3/31/99,21287,5316,21941,1604,6266,26603,28207,Montana
6/30/99,20488,7152,21556,145,6229,27640,27785,Montana
9/30/99,19759,6496,22351,2870,6774,26255,29125,Montana
12/31/99,19497,8286,21555,-1375,4853,27783,26408,Montana
3/31/00,20294,5611,21948,5658,9615,25905,31563,Montana
6/30/00,20730,8009,22526,736,6949,28739,29475,Montana
9/30/00,22393,8079,23156,-599,6717,30472,29873,Montana
12/31/00,21040,7475,21406,-1050,6059,28515,27465,Montana
3/31/01,21276,7424,24053,5365,10012,28700,34065,Montana
6/30/01,21988,6732,21660,-842,6218,28720,27878,Montana
9/30/01,21808,7406,21748,-1259,6207,29214,27955,Montana
12/31/01,20722,5102,20564,381,5641,25824,26205,Montana
3/31/02,20831,5950,21418,1641,7004,26781,28422,Montana
6/30/02,19781,5072,21783,3512,6582,24853,28365,Montana
9/30/02,21424,8056,21492,-980,7008,29480,28500,Montana
12/31/02,20768,5194,20789,1812,6985,25962,27774,Montana
3/31/03,20608,6631,21415,1312,7136,27239,28551,Montana
6/30/03,22096,7057,22096,-1086,5971,29153,28067,Montana
9/30/03,21709,6798,22066,29,6470,28507,28536,Montana
12/31/03,20576,6220,22517,3918,8197,26796,30714,Montana
3/31/04,19520,5319,22405,3906,6340,24839,28745,Montana
6/30/04,20851,5802,22953,2974,6674,26653,29627,Montana
9/30/04,20941,5443,21025,537,5896,26384,26921,Montana
12/31/04,20161,5254,24024,4787,6178,25415,30202,Montana
3/31/05,20594,5734,24227,3871,5972,26328,30199,Montana
6/30/05,22022,5955,22191,321,6107,27977,28298,Montana
9/30/05,21177,4965,22913,3611,6840,26142,29753,Montana
12/31/05,21390,5105,24176,3943,6262,26495,30438,Montana
3/31/06,20813,5639,27517,6909,5844,26452,33361,Montana
6/30/06,22929,4874,23952,2289,6140,27803,30092,Montana
9/30/06,24488,5867,22357,-2615,5383,30355,27740,Montana
12/31/06,21482,5281,26544,6010,6229,26763,32773,Montana
3/31/07,21236,5431,27488,6806,5985,26667,33473,Montana
6/30/07,25037,6053,23942,-1481,5667,31090,29609,Montana
9/30/07,24673,5398,23480,-669,5922,30071,29402,Montana
12/31/07,22786,5373,25206,4453,7406,28159,32612,Montana
3/31/08,24866,5895,25409,846,6198,30761,31607,Montana
6/30/08,26887,5918,22129,-5163,5513,32805,27642,Montana
9/30/08,24091,5249,22303,-1420,5617,29340,27920,Montana
12/31/08,25201,6125,21416,-3533,6377,31326,27793,Montana
3/31/09,29005,7145,19297,-11681,5172,36150,24469,Montana
6/30/09,23650,6159,20901,-2912,5996,29809,26897,Montana
9/30/09,22434,5245,20032,-2190,5457,27679,25489,Montana
12/31/09,23057,5556,22166,-559,5888,28613,28054,Montana
3/31/10,21990,6042,20820,-1820,5392,28032,26212,Montana
6/30/10,20685,5695,21006,436,5810,26380,26816,Montana
9/30/10,19934,5170,21733,2162,5533,25104,27266,Montana
12/31/10,22103,5366,21159,-221,6089,27469,27248,Montana
3/31/11,19202,5556,20498,349,4609,24758,25107,Montana
6/30/11,20580,5085,21419,1640,5886,25665,27305,Montana
9/30/11,19474,4712,23246,4797,5737,24186,28983,Montana
12/31/11,21286,5463,22095,1636,6290,26749,28385,Montana
3/31/12,20483,5612,22308,1480,5267,26095,27575,Montana
6/30/12,21303,4972,22799,2530,6006,26275,28805,Montana
9/30/12,20620,5050,21726,1905,5849,25670,27575,Montana
12/31/12,21417,5938,22649,1566,6272,27355,28921,Montana
3/31/13,21196,5515,22796,2069,5984,26711,28780,Montana
6/30/13,22361,5063,22710,1062,5776,27424,28486,Montana
9/30/13,21872,5034,21749,563,5720,26906,27469,Montana
12/31/13,21349,5316,23282,2852,6235,26665,29517,Montana
3/31/14,21510,7106,21050,-2390,5176,28616,26226,Montana
6/30/14,21565,5769,23286,2058,6106,27334,29392,Montana
9/30/14,23229,5562,22317,167,6641,28791,28958,Montana
12/31/14,20641,8310,24188,1561,6324,28951,30512,Montana
3/31/15,21205,5159,22604,7211,10971,26364,33575,Montana
6/30/15,22621,8089,23438,-1519,5753,30710,29191,Montana
9/30/15,22891,5234,21651,-214,6260,28125,27911,Montana
12/31/15,21945,4830,24821,4722,6676,26775,31497,Montana
3/31/16,21563,5716,24039,1812,5052,27279,29091,Montana
6/30/16,24638,7348,22735,-2427,6824,31986,29559,Montana
9/30/16,22546,6057,22329,-226,6048,28603,28377,Montana
12/31/16,22356,5486,22840,1234,6236,27842,29076,Montana
3/31/17,21426,5375,24872,3547,5476,26801,30348,Montana
6/30/17,23506,5600,23653,586,6039,29106,29692,Montana
9/30/17,23417,6320,21216,-2930,5591,29737,26807,Montana
12/31/17,22036,5725,25019,4066,6808,27761,31827,Montana
9/30/92,31538,6392,38698,7902,7134,37930,45832,Nebraska
12/31/92,34587,6785,32280,-1968,7124,41372,39404,Nebraska
3/31/93,31648,5312,35146,5126,6940,36960,42086,Nebraska
6/30/93,30728,6590,37478,6479,6319,37318,43797,Nebraska
9/30/93,33338,7092,40126,7569,7873,40430,47999,Nebraska
12/31/93,35470,7272,39113,3876,7505,42742,46618,Nebraska
3/31/94,36910,6766,37789,3277,9164,43676,46953,Nebraska
6/30/94,31844,9181,38937,10875,12963,41025,51900,Nebraska
9/30/94,33325,6255,39964,7578,7194,39580,47158,Nebraska
12/31/94,33906,6038,36245,4284,7983,39944,44228,Nebraska
3/31/95,32726,8015,50877,17473,7337,40741,58214,Nebraska
6/30/95,36075,9931,37649,-1589,6768,46006,44417,Nebraska
9/30/95,35371,6896,40338,5371,7300,42267,47638,Nebraska
12/31/95,35222,10562,41391,3305,7698,45784,49089,Nebraska
3/31/96,34481,10987,43953,14078,15593,45468,59546,Nebraska
6/30/96,39844,6129,36307,-3318,6348,45973,42655,Nebraska
9/30/96,35846,6801,37984,3028,7691,42647,45675,Nebraska
12/31/96,34891,6687,39772,4689,6495,41578,46267,Nebraska
3/31/97,35558,6581,41684,10572,11027,42139,52711,Nebraska
6/30/97,39803,6145,38169,-1470,6309,45948,44478,Nebraska
9/30/97,36315,8547,40367,4896,9391,44862,49758,Nebraska
12/31/97,36768,6409,40978,6202,8401,43177,49379,Nebraska
3/31/98,37332,7117,40632,3080,6897,44449,47529,Nebraska
6/30/98,34934,7720,42137,8007,8524,42654,50661,Nebraska
9/30/98,38279,6714,44449,5744,6288,44993,50737,Nebraska
12/31/98,35298,7898,42293,6605,7508,43196,49801,Nebraska
3/31/99,40274,8109,39732,-1014,7637,48383,47369,Nebraska
6/30/99,37903,7719,41054,4059,8627,45622,49681,Nebraska
9/30/99,37284,7902,39720,3513,8979,45186,48699,Nebraska
12/31/99,36058,7847,42080,5999,7824,43905,49904,Nebraska
3/31/00,39926,9224,46206,4611,7555,49150,53761,Nebraska
6/30/00,40035,7054,45374,8015,9730,47089,55104,Nebraska
9/30/00,42677,11401,39744,-3650,10684,54078,50428,Nebraska
12/31/00,40194,7127,39638,1271,8954,47321,48592,Nebraska
3/31/01,42207,9897,38766,-948,12390,52104,51156,Nebraska
6/30/01,46669,6531,40950,-3208,9042,53200,49992,Nebraska
9/30/01,40297,8457,35983,-2587,10184,48754,46167,Nebraska
12/31/01,40635,8268,38133,-2032,8738,48903,46871,Nebraska
3/31/02,44185,6652,36511,-6500,7826,50837,44337,Nebraska
6/30/02,37943,7231,37572,1652,9254,45174,46826,Nebraska
9/30/02,38340,6892,36353,-1371,7508,45232,43861,Nebraska
12/31/02,38779,7155,36495,-2632,6807,45934,43302,Nebraska
3/31/03,39653,7895,38796,751,9503,47548,48299,Nebraska
6/30/03,37285,6619,36641,405,7668,43904,44309,Nebraska
9/30/03,35278,6130,37789,3212,6831,41408,44620,Nebraska
12/31/03,35841,6594,36562,1336,7209,42435,43771,Nebraska
3/31/04,38775,7345,37357,661,9424,46120,46781,Nebraska
6/30/04,35164,6134,37936,4264,7626,41298,45562,Nebraska
9/30/04,36990,7301,37621,425,7095,44291,44716,Nebraska
12/31/04,36361,5911,37558,2902,7616,42272,45174,Nebraska
3/31/05,36767,6769,40737,5137,7936,43536,48673,Nebraska
6/30/05,37247,7954,37458,-569,7174,45201,44632,Nebraska
9/30/05,37675,6352,37229,1874,8672,44027,45901,Nebraska
12/31/05,36009,6201,37263,1536,6483,42210,43746,Nebraska
3/31/06,35125,6335,39565,4958,6853,41460,46418,Nebraska
6/30/06,38983,6972,38064,144,8035,45955,46099,Nebraska
9/30/06,38587,5970,39489,2334,7402,44557,46891,Nebraska
12/31/06,37354,7135,40552,3771,7708,44489,48260,Nebraska
3/31/07,37840,6353,40732,3934,7395,44193,48127,Nebraska
6/30/07,38471,6741,40960,3009,7261,45212,48221,Nebraska
9/30/07,37453,6484,40916,4822,7843,43937,48759,Nebraska
12/31/07,39928,6437,39792,1771,8344,46365,48136,Nebraska
3/31/08,36989,6627,42146,5167,6637,43616,48783,Nebraska
6/30/08,41100,7752,36772,-4682,7398,48852,44170,Nebraska
9/30/08,38621,6434,36192,194,9057,45055,45249,Nebraska
12/31/08,41955,7487,36589,-5888,6965,49442,43554,Nebraska
3/31/09,44222,6661,33215,-11608,6060,50883,39275,Nebraska
6/30/09,41825,6365,32682,-9215,6293,48190,38975,Nebraska
9/30/09,35030,6853,33559,-2369,5955,41883,39514,Nebraska
12/31/09,38831,6495,33519,-5344,6463,45326,39982,Nebraska
3/31/10,36456,5902,34179,-1731,6448,42358,40627,Nebraska
6/30/10,33934,6067,36921,4191,7271,40001,44192,Nebraska
9/30/10,35042,6568,35718,1551,7443,41610,43161,Nebraska
12/31/10,35356,6310,35214,479,6931,41666,42145,Nebraska
3/31/11,34303,5767,34146,1089,7013,40070,41159,Nebraska
6/30/11,34250,6392,35893,1872,6621,40642,42514,Nebraska
9/30/11,33956,5690,36610,3208,6244,39646,42854,Nebraska
12/31/11,34012,6206,36278,3347,7287,40218,43565,Nebraska
3/31/12,32371,5887,37092,10651,11817,38258,48909,Nebraska
6/30/12,33570,6525,36764,4737,8068,40095,44832,Nebraska
9/30/12,35202,7208,35743,938,7605,42410,43348,Nebraska
12/31/12,34020,7333,37645,4460,8168,41353,45813,Nebraska
3/31/13,35286,6744,35022,222,7230,42030,42252,Nebraska
6/30/13,34988,6679,37648,4507,8526,41667,46174,Nebraska
9/30/13,36128,7690,39180,4262,8900,43818,48080,Nebraska
12/31/13,37345,6962,39420,4769,9656,44307,49076,Nebraska
3/31/14,37808,6637,37355,1003,8093,44445,45448,Nebraska
6/30/14,37272,8688,39045,1570,8485,45960,47530,Nebraska
9/30/14,37207,7688,38333,2213,8775,44895,47108,Nebraska
12/31/14,35648,8263,41280,5633,8264,43911,49544,Nebraska
3/31/15,37862,7343,39801,3492,8896,45205,48697,Nebraska
6/30/15,36945,7987,39224,2517,8225,44932,47449,Nebraska
9/30/15,36781,8226,39239,2783,8551,45007,47790,Nebraska
12/31/15,37023,7146,40445,5078,8802,44169,49247,Nebraska
3/31/16,37432,7305,39384,2621,7974,44737,47358,Nebraska
6/30/16,38499,9213,37189,-1929,8594,47712,45783,Nebraska
9/30/16,38692,8623,42213,4174,9276,47315,51489,Nebraska
12/31/16,39745,10244,37412,-3831,8746,49989,46158,Nebraska
3/31/17,34899,7137,39244,6314,9106,42036,48350,Nebraska
6/30/17,40203,8763,37380,-3708,7878,48966,45258,Nebraska
9/30/17,38932,8824,38873,-276,8607,47756,47480,Nebraska
12/31/17,35900,8672,41170,5845,9247,44572,50417,Nebraska
9/30/92,31096,12487,38942,8092,12733,43583,51675,Nevada
12/31/92,34228,8360,32524,-108,9956,42588,42480,Nevada
3/31/93,32324,7079,36244,7484,10643,39403,46887,Nevada
6/30/93,30522,7779,38732,9970,9539,38301,48271,Nevada
9/30/93,31875,9322,41885,11459,10771,41197,52656,Nevada
12/31/93,34774,8052,51138,19592,11280,42826,62418,Nevada
3/31/94,34927,8499,41816,20498,22108,43426,63924,Nevada
6/30/94,34295,8449,45662,15907,12989,42744,58651,Nevada
9/30/94,37664,8980,48629,17082,15097,46644,63726,Nevada
12/31/94,38386,9092,45869,8008,9617,47478,55486,Nevada
3/31/95,42931,11702,48610,8932,14955,54633,63565,Nevada
6/30/95,42820,10546,46122,8806,16050,53366,62172,Nevada
9/30/95,40518,9086,50961,15611,14254,49604,65215,Nevada
12/31/95,41380,10875,48012,8723,12966,52255,60978,Nevada
3/31/96,40656,13409,49843,13860,18082,54065,67925,Nevada
6/30/96,41216,10088,52856,17474,15922,51304,68778,Nevada
9/30/96,42494,11069,53754,14646,14455,53563,68209,Nevada
12/31/96,45010,9927,49398,9459,14998,54937,64396,Nevada
3/31/97,47482,11689,56606,13097,15662,59171,72268,Nevada
6/30/97,49819,12150,48909,2499,15559,61969,64468,Nevada
9/30/97,46080,8269,52817,13625,15157,54349,67974,Nevada
12/31/97,45753,12055,51637,5885,12056,57808,63693,Nevada
3/31/98,49777,9275,47479,614,12187,59052,59666,Nevada
6/30/98,44283,11895,53131,9385,12432,56178,65563,Nevada
9/30/98,45146,9701,55008,11041,10880,54847,65888,Nevada
12/31/98,50359,8355,62638,16921,12997,58714,75635,Nevada
3/31/99,49308,9678,58412,16550,17124,58986,75536,Nevada
6/30/99,53960,9835,58146,7611,13260,63795,71406,Nevada
9/30/99,51911,10393,60599,10145,11850,62304,72449,Nevada
12/31/99,45534,11481,57241,12853,12627,57015,69868,Nevada
3/31/00,52278,10471,54325,5065,13489,62749,67814,Nevada
6/30/00,48480,12298,59982,10736,11532,60778,71514,Nevada
9/30/00,50983,12570,61787,12167,13933,63553,75720,Nevada
12/31/00,50912,10770,56564,6116,11234,61682,67798,Nevada
3/31/01,49992,12503,61672,13491,14314,62495,75986,Nevada
6/30/01,56202,12115,52394,-4000,11923,68317,64317,Nevada
9/30/01,54997,12416,51355,-2722,13336,67413,64691,Nevada
12/31/01,67847,12242,50853,-17534,11702,80089,62555,Nevada
3/31/02,52943,10921,57002,6818,13680,63864,70682,Nevada
6/30/02,51363,11423,53828,4155,13113,62786,66941,Nevada
9/30/02,49238,11614,55105,7878,13625,60852,68730,Nevada
12/31/02,52181,12350,53915,3413,14029,64531,67944,Nevada
3/31/03,48099,13297,62073,13677,13000,61396,75073,Nevada
6/30/03,56343,10146,52854,-540,13095,66489,65949,Nevada
9/30/03,45324,10061,61236,18953,13102,55385,74338,Nevada
12/31/03,47619,9831,60011,15326,12765,57450,72776,Nevada
3/31/04,48531,11035,59503,13743,13806,59566,73309,Nevada
6/30/04,48888,12712,67895,20098,13803,61600,81698,Nevada
9/30/04,53658,10269,67588,17186,13525,63927,81113,Nevada
12/31/04,51278,10770,65022,17770,14796,62048,79818,Nevada
3/31/05,53697,10029,64100,12636,12262,63726,76362,Nevada
6/30/05,56057,9861,70812,16661,11767,65918,82579,Nevada
9/30/05,52106,9554,68810,19267,12117,61660,80927,Nevada
12/31/05,57158,10091,68710,13586,12125,67249,80835,Nevada
3/31/06,55435,10205,71240,18282,12682,65640,83922,Nevada
6/30/06,63913,9468,66295,6249,13335,73381,79630,Nevada
9/30/06,65679,11189,62129,-2043,12696,76868,74825,Nevada
12/31/06,66720,10632,65767,1202,12787,77352,78554,Nevada
3/31/07,61575,10002,67123,9169,13623,71577,80746,Nevada
6/30/07,66343,11516,61503,-3457,12899,77859,74402,Nevada
9/30/07,71541,11135,57833,-12552,12291,82676,70124,Nevada
12/31/07,67474,10464,70594,7309,14653,77938,85247,Nevada
3/31/08,71523,16204,63567,-10802,13358,87727,76925,Nevada
6/30/08,72269,12988,59867,-13538,11852,85257,71719,Nevada
9/30/08,75217,12538,55255,-20750,11750,87755,67005,Nevada
12/31/08,86671,14474,49968,-39536,11641,101145,61609,Nevada
3/31/09,79358,13676,43583,-38933,10518,93034,54101,Nevada
6/30/09,70560,11579,44756,-27006,10377,82139,55133,Nevada
9/30/09,60516,12985,49226,-13821,10454,73501,59680,Nevada
12/31/09,56034,10771,58632,2624,10797,66805,69429,Nevada
3/31/10,55517,10477,42351,-14670,8973,65994,51324,Nevada
6/30/10,45597,9760,50752,5632,10237,55357,60989,Nevada
9/30/10,52219,10427,45472,-6751,10423,62646,55895,Nevada
12/31/10,48351,9967,56899,10026,11445,58318,68344,Nevada
3/31/11,46750,9614,47751,1115,9728,56364,57479,Nevada
6/30/11,46953,8186,51337,6190,9992,55139,61329,Nevada
9/30/11,46800,10504,50029,2919,10194,57304,60223,Nevada
12/31/11,44813,10493,46104,1873,11075,55306,57179,Nevada
3/31/12,43939,9209,48084,5175,10239,53148,58323,Nevada
6/30/12,44119,8953,52173,9655,10554,53072,62727,Nevada
9/30/12,47838,9231,48572,1291,9788,57069,58360,Nevada
12/31/12,46459,9901,49982,3838,10216,56360,60198,Nevada
3/31/13,45046,9175,52842,8750,10129,54221,62971,Nevada
6/30/13,47643,8718,54754,11083,12690,56361,67444,Nevada
9/30/13,49664,9018,51220,2527,9989,58682,61209,Nevada
12/31/13,45341,8718,52911,9782,10930,54059,63841,Nevada
3/31/14,46104,8900,58840,13569,9733,55004,68573,Nevada
6/30/14,50160,9206,58446,10398,11318,59366,69764,Nevada
9/30/14,50440,9678,58666,9679,11131,60118,69797,Nevada
12/31/14,48156,8808,58426,13369,11907,56964,70333,Nevada
3/31/15,49162,8736,57025,9562,10435,57898,67460,Nevada
6/30/15,53130,9678,55191,3941,11558,62808,66749,Nevada
9/30/15,50159,10704,56096,7296,12063,60863,68159,Nevada
12/31/15,48751,9852,63628,17498,12473,58603,76101,Nevada
3/31/16,55552,10556,59590,5939,12457,66108,72047,Nevada
6/30/16,51999,13363,59819,7533,13076,65362,72895,Nevada
9/30/16,51375,11854,62195,13813,14847,63229,77042,Nevada
12/31/16,53042,11740,57462,6766,14086,64782,71548,Nevada
3/31/17,49362,10166,62525,16394,13397,59528,75922,Nevada
6/30/17,58244,11508,60435,3876,13193,69752,73628,Nevada
9/30/17,57166,10897,59757,5179,13485,68063,73242,Nevada
12/31/17,50635,11121,64429,15695,13022,61756,77451,Nevada
9/30/92,23004,9476,30235,7659,9904,32480,40139,New Hampshire
12/31/92,27457,6252,26076,574,8207,33709,34283,New Hampshire
3/31/93,27801,7596,27557,-115,7725,35397,35282,New Hampshire
6/30/93,25529,8379,28406,3129,8631,33908,37037,New Hampshire
9/30/93,24187,6043,31411,10088,8907,30230,40318,New Hampshire
12/31/93,27515,6744,27806,2855,9308,34259,37114,New Hampshire
3/31/94,26495,7352,30819,5041,8069,33847,38888,New Hampshire
6/30/94,27098,6662,29734,3996,8022,33760,37756,New Hampshire
9/30/94,25852,6783,35644,11591,8582,32635,44226,New Hampshire
12/31/94,29759,6972,29512,2695,9914,36731,39426,New Hampshire
3/31/95,28260,7459,30270,4435,9884,35719,40154,New Hampshire
6/30/95,28840,6564,29344,1973,8033,35404,37377,New Hampshire
9/30/95,27283,7430,33765,7933,8881,34713,42646,New Hampshire
12/31/95,29101,6743,31168,2869,7545,35844,38713,New Hampshire
3/31/96,30294,10795,35544,2298,7843,41089,43387,New Hampshire
6/30/96,30412,7946,32054,1994,8298,38358,40352,New Hampshire
9/30/96,28288,7909,33520,4840,7517,36197,41037,New Hampshire
12/31/96,29433,6951,30801,2747,8330,36384,39131,New Hampshire
3/31/97,28278,7824,33395,5117,7824,36102,41219,New Hampshire
6/30/97,28515,6347,31275,3911,7498,34862,38773,New Hampshire
9/30/97,29460,6326,33170,6690,9306,35786,42476,New Hampshire
12/31/97,30251,7646,33538,4150,8509,37897,42047,New Hampshire
3/31/98,30075,7769,32887,5640,10597,37844,43484,New Hampshire
6/30/98,30476,8234,29813,-217,8680,38710,38493,New Hampshire
9/30/98,30722,8009,35238,5264,8757,38731,43995,New Hampshire
12/31/98,29202,7101,35479,7097,7921,36303,43400,New Hampshire
3/31/99,34364,7504,36179,3505,9194,41868,45373,New Hampshire
6/30/99,32169,7726,32692,1195,8398,39895,41090,New Hampshire
9/30/99,30731,10241,35252,3548,9268,40972,44520,New Hampshire
12/31/99,31046,8008,34436,4244,8862,39054,43298,New Hampshire
3/31/00,32527,8453,37940,7409,10449,40980,48389,New Hampshire
6/30/00,34875,7861,34742,116,8110,42736,42852,New Hampshire
9/30/00,32463,9471,33806,858,8986,41934,42792,New Hampshire
12/31/00,30742,8196,36622,6214,8530,38938,45152,New Hampshire
3/31/01,36173,8865,38245,4495,11288,45038,49533,New Hampshire
6/30/01,40391,10879,33381,-9183,8706,51270,42087,New Hampshire
9/30/01,37790,9537,30788,-7490,9049,47327,39837,New Hampshire
12/31/01,35584,7482,32116,-3178,7772,43066,39888,New Hampshire
3/31/02,33172,9235,35967,2406,8846,42407,44813,New Hampshire
6/30/02,35046,7764,29474,-4444,8892,42810,38366,New Hampshire
9/30/02,30560,7174,31150,440,7024,37734,38174,New Hampshire
12/31/02,34134,7404,31652,-2403,7483,41538,39135,New Hampshire
3/31/03,32322,7503,31201,-22,8602,39825,39803,New Hampshire
6/30/03,30205,7003,30264,-277,6667,37208,36931,New Hampshire
9/30/03,28969,6913,31510,4084,8456,35882,39966,New Hampshire
12/31/03,30355,6852,30710,1986,8483,37207,39193,New Hampshire
3/31/04,30418,6979,34159,4220,7458,37397,41617,New Hampshire
6/30/04,30499,6761,30958,1536,7838,37260,38796,New Hampshire
9/30/04,30857,6691,33185,3409,7772,37548,40957,New Hampshire
12/31/04,31250,8510,32092,160,7828,39760,39920,New Hampshire
3/31/05,33710,7055,31597,-1105,8063,40765,39660,New Hampshire
6/30/05,29699,7151,32784,3691,7757,36850,40541,New Hampshire
9/30/05,31102,7248,32626,1349,7073,38350,39699,New Hampshire
12/31/05,32534,6987,31356,-90,8075,39521,39431,New Hampshire
3/31/06,31313,5925,31769,4931,10400,37238,42169,New Hampshire
6/30/06,32480,7138,31998,-83,7537,39618,39535,New Hampshire
9/30/06,33977,6482,30866,-2403,7190,40459,38056,New Hampshire
12/31/06,30946,6115,32087,2436,7410,37061,39497,New Hampshire
3/31/07,31865,6282,31517,-6,6624,38147,38141,New Hampshire
6/30/07,30331,7139,32428,1981,7023,37470,39451,New Hampshire
9/30/07,32775,6832,30513,-2799,6295,39607,36808,New Hampshire
12/31/07,31250,6543,32169,1960,7584,37793,39753,New Hampshire
3/31/08,31268,7152,31732,-798,5890,38420,37622,New Hampshire
6/30/08,32495,7031,30290,-2173,7063,39526,37353,New Hampshire
9/30/08,32191,6722,27578,-3622,7713,38913,35291,New Hampshire
12/31/08,34753,7077,27076,-7966,6788,41830,33864,New Hampshire
3/31/09,34714,6913,26519,-9492,5616,41627,32135,New Hampshire
6/30/09,33129,7538,27757,-6221,6689,40667,34446,New Hampshire
9/30/09,29599,6729,27318,-2917,6093,36328,33411,New Hampshire
12/31/09,28854,6536,27288,-1345,6757,35390,34045,New Hampshire
3/31/10,30633,5922,28407,-1608,6540,36555,34947,New Hampshire
6/30/10,27144,5885,28654,2506,6881,33029,35535,New Hampshire
9/30/10,27041,6649,27583,-10,6097,33690,33680,New Hampshire
12/31/10,26863,6312,29316,2877,6736,33175,36052,New Hampshire
3/31/11,26441,5934,27388,703,5690,32375,33078,New Hampshire
6/30/11,27971,6062,28676,1038,6395,34033,35071,New Hampshire
9/30/11,27718,5544,27968,3079,8373,33262,36341,New Hampshire
12/31/11,27343,6367,28699,1797,6808,33710,35507,New Hampshire
3/31/12,26581,5905,29049,2832,6269,32486,35318,New Hampshire
6/30/12,28009,5979,29583,3019,7424,33988,37007,New Hampshire
9/30/12,30142,5595,27509,-1280,6948,35737,34457,New Hampshire
12/31/12,28472,5887,27906,72,6525,34359,34431,New Hampshire
3/31/13,26921,5283,28641,2175,5738,32204,34379,New Hampshire
6/30/13,26379,5348,29802,4305,6230,31727,36032,New Hampshire
9/30/13,28936,5211,26501,-1767,5879,34147,32380,New Hampshire
12/31/13,24835,6497,30093,4423,5662,31332,35755,New Hampshire
3/31/14,27109,5029,26349,-546,5243,32138,31592,New Hampshire
6/30/14,27105,5923,30530,3734,6232,33028,36762,New Hampshire
9/30/14,29014,5059,26249,-1983,5841,34073,32090,New Hampshire
12/31/14,26736,6071,30764,4273,6316,32807,37080,New Hampshire
3/31/15,26436,5058,26310,516,5700,31494,32010,New Hampshire
6/30/15,27537,5571,30890,4323,6541,33108,37431,New Hampshire
9/30/15,29208,5831,26833,-1437,6769,35039,33602,New Hampshire
12/31/15,25573,5530,30728,6144,6519,31103,37247,New Hampshire
3/31/16,28144,4708,28621,818,5049,32852,33670,New Hampshire
6/30/16,27404,5667,30361,3569,6279,33071,36640,New Hampshire
9/30/16,29190,6138,29230,806,6904,35328,36134,New Hampshire
12/31/16,27630,5705,29338,2070,6067,33335,35405,New Hampshire
3/31/17,26727,5293,26850,703,5873,32020,32723,New Hampshire
6/30/17,28789,5365,31361,3455,6248,34154,37609,New Hampshire
9/30/17,30604,6499,26702,-5175,5226,37103,31928,New Hampshire
12/31/17,27844,5814,29793,3919,7784,33658,37577,New Hampshire
9/30/92,154457,55453,167230,22691,65371,209910,232601,New Jersey
12/31/92,162980,50997,154029,-5086,54862,213977,208891,New Jersey
3/31/93,165218,40527,168072,17941,55614,205745,223686,New Jersey
6/30/93,163841,42552,167199,12245,51439,206393,218638,New Jersey
9/30/93,154472,48947,175815,19137,46741,203419,222556,New Jersey
12/31/93,163448,54060,164527,1681,54662,217508,219189,New Jersey
3/31/94,163448,44759,165821,3916,46302,208207,212123,New Jersey
6/30/94,165484,48383,173136,24785,65516,213867,238652,New Jersey
9/30/94,158954,47460,184445,44856,66825,206414,251270,New Jersey
12/31/94,179112,56512,171051,-4762,59811,235624,230862,New Jersey
3/31/95,166621,44184,178424,22441,54822,210805,233246,New Jersey
6/30/95,184576,55523,165053,-19464,55582,240099,220635,New Jersey
9/30/95,166013,81735,186706,-10591,50451,247748,237157,New Jersey
12/31/95,173576,40864,171016,41123,84547,214440,255563,New Jersey
3/31/96,180390,49060,175839,14429,68040,229450,243879,New Jersey
6/30/96,176692,50617,175826,174,51657,227309,227483,New Jersey
9/30/96,171678,49490,196394,29432,54206,221168,250600,New Jersey
12/31/96,174781,56412,185565,14665,60293,231193,245858,New Jersey
3/31/97,170308,55001,203161,33946,56094,225309,259255,New Jersey
6/30/97,187672,50099,175208,-1460,61103,237771,236311,New Jersey
9/30/97,164238,46217,195143,35957,51269,210455,246412,New Jersey
12/31/97,180077,74016,199459,11485,66119,254093,265578,New Jersey
3/31/98,184126,84274,211086,47557,104871,268400,315957,New Jersey
6/30/98,171585,50391,172926,4235,53285,221976,226211,New Jersey
9/30/98,171182,83574,193465,29073,90364,254756,283829,New Jersey
12/31/98,176100,78957,202435,32375,84997,255057,287432,New Jersey
3/31/99,191707,93221,211666,49465,122727,284928,334393,New Jersey
6/30/99,190317,59512,189508,6618,66939,249829,256447,New Jersey
9/30/99,186899,82799,212187,21279,78790,269698,290977,New Jersey
12/31/99,188085,72502,200376,5073,65284,260587,265660,New Jersey
3/31/00,201356,70837,237954,66742,100981,272193,338935,New Jersey
6/30/00,213626,68714,204025,-12163,66152,282340,270177,New Jersey
9/30/00,206917,66949,212477,1431,62820,273866,275297,New Jersey
12/31/00,188003,72842,209868,25782,76759,260845,286627,New Jersey
3/31/01,206360,61200,213165,6900,61295,267560,274460,New Jersey
6/30/01,216962,57766,198656,-14163,61909,274728,260565,New Jersey
9/30/01,222770,68343,184537,-35523,71053,291113,255590,New Jersey
12/31/01,208204,49500,198947,-26055,32702,257704,231649,New Jersey
3/31/02,205140,55064,214782,31517,76939,260204,291721,New Jersey
6/30/02,207590,61641,181990,-35579,51662,269231,233652,New Jersey
9/30/02,194336,49889,191069,-1012,52144,244225,243213,New Jersey
12/31/02,198212,46264,186193,-8348,49935,244476,236128,New Jersey
3/31/03,202862,56568,191030,-3780,64620,259430,255650,New Jersey
6/30/03,191948,40744,177348,-7849,47495,232692,224843,New Jersey
9/30/03,179131,44557,186488,15593,52793,223688,239281,New Jersey
12/31/03,187279,36099,175951,4068,51495,223378,227446,New Jersey
3/31/04,178200,51753,182635,-660,46658,229953,229293,New Jersey
6/30/04,182641,47978,183770,1513,48362,230619,232132,New Jersey
9/30/04,184549,51862,187681,11736,60466,236411,248147,New Jersey
12/31/04,182847,32326,184461,18028,48740,215173,233201,New Jersey
3/31/05,187504,46377,177979,-8868,47034,233881,225013,New Jersey
6/30/05,178808,44969,192683,17266,48360,223777,241043,New Jersey
9/30/05,186583,36188,179282,10094,53583,222771,232865,New Jersey
12/31/05,184872,39063,179912,361,44384,223935,224296,New Jersey
3/31/06,169425,34448,189187,29356,44042,203873,233229,New Jersey
6/30/06,185548,48948,181525,-7594,45377,234496,226902,New Jersey
9/30/06,186001,40374,172849,-6315,47211,226375,220060,New Jersey
12/31/06,179752,39105,177696,5069,46230,218857,223926,New Jersey
3/31/07,181109,40305,174690,-9025,37699,221414,212389,New Jersey
6/30/07,176951,41944,188073,13535,44357,218895,232430,New Jersey
9/30/07,188981,41719,166861,-11463,52376,230700,219237,New Jersey
12/31/07,180290,36750,183539,11849,45350,217040,228889,New Jersey
3/31/08,181244,36743,174480,-5605,37902,217987,212382,New Jersey
6/30/08,195379,39147,174197,-14605,45724,234526,219921,New Jersey
9/30/08,195181,38893,160505,-36613,36956,234074,197461,New Jersey
12/31/08,210549,42092,153245,-63328,36068,252641,189313,New Jersey
3/31/09,201736,36593,138974,-63827,35528,238329,174502,New Jersey
6/30/09,188765,41539,159932,-26175,44197,230304,204129,New Jersey
9/30/09,173009,39072,150902,-21812,39367,212081,190269,New Jersey
12/31/09,169689,36835,161300,-9260,35964,206524,197264,New Jersey
3/31/10,168094,33508,148718,-19332,33552,201602,182270,New Jersey
6/30/10,157815,34656,173316,22248,41403,192471,214719,New Jersey
9/30/10,165114,33627,155288,-8611,34842,198741,190130,New Jersey
12/31/10,160106,32804,166346,11788,38352,192910,204698,New Jersey
3/31/11,164592,37844,156494,-12270,33672,202436,190166,New Jersey
6/30/11,164035,32354,173736,22238,44891,196389,218627,New Jersey
9/30/11,167523,32808,170624,7145,36852,200331,207476,New Jersey
12/31/11,162410,33371,165769,8573,38585,195781,204354,New Jersey
3/31/12,159084,30839,171773,17054,35204,189923,206977,New Jersey
6/30/12,157185,33345,166687,17335,41178,190530,207865,New Jersey
9/30/12,170379,31165,160333,-3301,37910,201544,198243,New Jersey
12/31/12,162827,36002,165429,3827,37227,198829,202656,New Jersey
3/31/13,158101,34848,171567,14307,35689,192949,207256,New Jersey
6/30/13,150468,34760,167933,26112,43407,185228,211340,New Jersey
9/30/13,168354,32221,164208,1611,37978,200575,202186,New Jersey
12/31/13,172922,34977,168206,-1780,37913,207899,206119,New Jersey
3/31/14,167006,39423,160633,-10030,35766,206429,196399,New Jersey
6/30/14,157426,37404,180605,30866,45091,194830,225696,New Jersey
9/30/14,171893,34985,165820,-102,40956,206878,206776,New Jersey
12/31/14,162723,41471,180826,21965,45333,204194,226159,New Jersey
3/31/15,171185,36360,158049,-11305,38191,207545,196240,New Jersey
6/30/15,163379,37711,188120,34647,47617,201090,235737,New Jersey
9/30/15,168449,36608,171051,6886,40892,205057,211943,New Jersey
12/31/15,162905,34689,182444,29886,45036,197594,227480,New Jersey
3/31/16,168162,34230,163422,-4690,34280,202392,197702,New Jersey
6/30/16,157785,33829,178831,25776,38559,191614,217390,New Jersey
9/30/16,167808,32283,175765,12457,36783,200091,212548,New Jersey
12/31/16,170929,29585,178348,17085,39251,200514,217599,New Jersey
3/31/17,170526,28414,162461,-7860,28619,198940,191080,New Jersey
6/30/17,160021,27324,190635,43877,40587,187345,231222,New Jersey
9/30/17,182436,30929,166994,-6191,40180,213365,207174,New Jersey
12/31/17,167635,27138,185181,32731,42323,194773,227504,New Jersey
9/30/92,28775,7644,35573,8049,8895,36419,44468,New Mexico
12/31/92,32400,7817,31863,2074,10428,40217,42291,New Mexico
3/31/93,31136,7596,33369,5206,10569,38732,43938,New Mexico
6/30/93,29998,8381,35517,5574,8436,38379,43953,New Mexico
9/30/93,31313,8769,36851,9574,12805,40082,49656,New Mexico
12/31/93,32067,8197,35426,6681,11519,40264,46945,New Mexico
3/31/94,34000,10501,36870,3699,11330,44501,48200,New Mexico
6/30/94,31274,10158,35385,6487,12534,41432,47919,New Mexico
9/30/94,30229,8609,37930,12967,13875,38838,51805,New Mexico
12/31/94,34439,7696,37859,4861,9137,42135,46996,New Mexico
3/31/95,37393,4890,41258,12391,13416,42283,54674,New Mexico
6/30/95,36510,9396,39548,2465,8823,45906,48371,New Mexico
9/30/95,36108,10221,38530,2139,9938,46329,48468,New Mexico
12/31/95,35811,18619,38058,-8918,7454,54430,45512,New Mexico
3/31/96,36016,10411,39161,4802,12068,46427,51229,New Mexico
6/30/96,33183,10436,35619,3387,11387,43619,47006,New Mexico
9/30/96,35612,10902,36455,1901,11960,46514,48415,New Mexico
12/31/96,36412,10537,38014,3205,12140,46949,50154,New Mexico
3/31/97,37649,11377,36178,231,13079,49026,49257,New Mexico
6/30/97,33736,8553,36357,5238,11170,42289,47527,New Mexico
9/30/97,35351,11428,39925,2186,9040,46779,48965,New Mexico
12/31/97,37971,10834,39315,3756,13246,48805,52561,New Mexico
3/31/98,36596,10788,38623,2476,11237,47384,49860,New Mexico
6/30/98,36790,10567,37422,1818,11753,47357,49175,New Mexico
9/30/98,39266,8478,37516,-558,9670,47744,47186,New Mexico
12/31/98,37189,10265,37990,2012,11476,47454,49466,New Mexico
3/31/99,37623,11747,39434,165,10101,49370,49535,New Mexico
6/30/99,34127,8718,38492,5595,9948,42845,48440,New Mexico
9/30/99,36369,7942,38113,2522,8720,44311,46833,New Mexico
12/31/99,35747,10988,39034,917,8618,46735,47652,New Mexico
3/31/00,36135,9059,40870,5975,10299,45194,51169,New Mexico
6/30/00,34291,9748,39592,4927,9374,44039,48966,New Mexico
9/30/00,35907,9141,39449,3717,9316,45048,48765,New Mexico
12/31/00,36428,7276,39092,4170,8782,43704,47874,New Mexico
3/31/01,37577,16095,40345,-4675,8652,53672,48997,New Mexico
6/30/01,36349,11861,38547,1232,10895,48210,49442,New Mexico
9/30/01,40993,8335,35619,-5962,7747,49328,43366,New Mexico
12/31/01,37018,8218,36408,-189,8639,45236,45047,New Mexico
3/31/02,34202,8646,37301,4298,9845,42848,47146,New Mexico
6/30/02,35935,8077,35464,1390,9938,44012,45402,New Mexico
9/30/02,36335,9862,36884,146,9459,46197,46343,New Mexico
12/31/02,33990,10085,35460,4372,12987,44075,48447,New Mexico
3/31/03,34711,9801,36408,-350,7754,44512,44162,New Mexico
6/30/03,35290,7588,36233,2359,9004,42878,45237,New Mexico
9/30/03,34540,9536,35082,827,9821,44076,44903,New Mexico
12/31/03,33318,8245,35540,3756,9779,41563,45319,New Mexico
3/31/04,33748,11689,39644,3716,9509,45437,49153,New Mexico
6/30/04,31941,8505,37031,5441,8856,40446,45887,New Mexico
9/30/04,34469,7803,34350,1148,9070,42272,43420,New Mexico
12/31/04,32267,8795,38337,6655,9380,41062,47717,New Mexico
3/31/05,33538,9595,35674,1771,9230,43133,44904,New Mexico
6/30/05,33976,8142,37347,4271,9042,42118,46389,New Mexico
9/30/05,33282,8000,37008,5947,10221,41282,47229,New Mexico
12/31/05,33584,7582,37440,5642,9368,41166,46808,New Mexico
3/31/06,33323,8025,42162,10421,9607,41348,51769,New Mexico
6/30/06,36983,8169,38466,15766,22452,45152,60918,New Mexico
9/30/06,37423,8604,38063,986,8950,46027,47013,New Mexico
12/31/06,39636,7840,38188,1525,10813,47476,49001,New Mexico
3/31/07,33221,8050,39334,6674,8611,41271,47945,New Mexico
6/30/07,38399,9652,36643,-2432,8976,48051,45619,New Mexico
9/30/07,38345,9446,38177,-645,8969,47791,47146,New Mexico
12/31/07,36840,8194,37905,1682,8811,45034,46716,New Mexico
3/31/08,35548,7900,38162,3389,8675,43448,46837,New Mexico
6/30/08,40121,8671,35969,-4269,8554,48792,44523,New Mexico
9/30/08,37745,8077,37275,629,9176,45822,46451,New Mexico
12/31/08,43860,10637,32211,-14200,8086,54497,40297,New Mexico
3/31/09,43493,9898,28742,-16490,8159,53391,36901,New Mexico
6/30/09,39844,8675,30315,-9678,8526,48519,38841,New Mexico
9/30/09,34330,7848,32873,-2161,7144,42178,40017,New Mexico
12/31/09,37030,7261,29440,-6938,7913,44291,37353,New Mexico
3/31/10,32271,7155,31821,-555,7050,39426,38871,New Mexico
6/30/10,32396,7185,32258,1060,8383,39581,40641,New Mexico
9/30/10,31890,8324,31986,-244,7984,40214,39970,New Mexico
12/31/10,30919,7525,31892,1525,8077,38444,39969,New Mexico
3/31/11,29421,7005,30188,-109,6129,36426,36317,New Mexico
6/30/11,31762,7149,32264,1213,7860,38911,40124,New Mexico
9/30/11,31607,6994,33028,2846,8419,38601,41447,New Mexico
12/31/11,33479,7486,29219,-3340,8406,40965,37625,New Mexico
3/31/12,28466,7344,32619,5538,8729,35810,41348,New Mexico
6/30/12,34009,7283,32545,-736,8011,41292,40556,New Mexico
9/30/12,32149,7090,30841,-646,7752,39239,38593,New Mexico
12/31/12,30162,7357,38222,6447,5744,37519,43966,New Mexico
3/31/13,33771,6427,31411,-1341,7446,40198,38857,New Mexico
6/30/13,32277,8568,33268,1169,8746,40845,42014,New Mexico
9/30/13,33539,7509,31780,-324,8944,41048,40724,New Mexico
12/31/13,31610,7000,33342,3174,8442,38610,41784,New Mexico
3/31/14,32654,7371,30531,-537,8957,40025,39488,New Mexico
6/30/14,31347,6869,34052,2929,7093,38216,41145,New Mexico
9/30/14,30421,7682,33254,2396,7245,38103,40499,New Mexico
12/31/14,30449,7097,34434,6455,9567,37546,44001,New Mexico
3/31/15,33436,7842,32407,-443,8428,41278,40835,New Mexico
6/30/15,36104,6753,33466,-336,9055,42857,42521,New Mexico
9/30/15,33072,7896,32455,-203,8310,40968,40765,New Mexico
12/31/15,34007,8768,34055,401,9121,42775,43176,New Mexico
3/31/16,32841,6886,30708,87,9106,39727,39814,New Mexico
6/30/16,34604,7763,32743,-2152,7472,42367,40215,New Mexico
9/30/16,31899,6945,34747,4469,8566,38844,43313,New Mexico
12/31/16,32645,8094,32625,536,8650,40739,41275,New Mexico
3/31/17,32970,6162,32421,1010,7721,39132,40142,New Mexico
6/30/17,32239,7444,34695,2523,7511,39683,42206,New Mexico
9/30/17,32702,6935,32056,1250,8831,39637,40887,New Mexico
12/31/17,30464,7406,32913,2119,7076,37870,39989,New Mexico
9/30/92,359570,97412,367062,10922,100842,456982,467904,New York
12/31/92,386196,102698,341830,-41000,106064,488894,447894,New York
3/31/93,352278,131105,382395,25812,126800,483383,509195,New York
6/30/93,349329,120963,368524,12143,113911,470292,482435,New York
9/30/93,353250,110201,393650,42185,111986,463451,505636,New York
12/31/93,371802,102446,359851,-10741,103656,474248,463507,New York
3/31/94,360207,120066,376155,13850,117968,480273,494123,New York
6/30/94,355225,108006,376782,28178,114627,463231,491409,New York
9/30/94,358710,92749,402317,63431,112573,451459,514890,New York
12/31/94,377012,112047,369144,-8708,111207,489059,480351,New York
3/31/95,365408,118609,405044,50021,128994,484017,534038,New York
6/30/95,383163,112317,363608,-23481,108391,495480,471999,New York
9/30/95,354338,113871,390835,35930,113304,468209,504139,New York
12/31/95,390898,117466,362973,-28766,116625,508364,479598,New York
3/31/96,364819,126880,396708,51961,146952,491699,543660,New York
6/30/96,367659,120189,380939,11352,118261,487848,499200,New York
9/30/96,364946,123569,396719,35499,127295,488515,524014,New York
12/31/96,377933,122013,384204,16663,132405,499946,516609,New York
3/31/97,353097,133377,406784,54578,134268,486474,541052,New York
6/30/97,369535,129854,376033,-5651,117705,499389,493738,New York
9/30/97,342241,145252,404012,45414,128895,487493,532907,New York
12/31/97,371787,119161,391126,40528,140350,490948,531476,New York
3/31/98,368865,143740,422774,59233,149064,512605,571838,New York
6/30/98,377359,133762,399031,12414,124504,511121,523535,New York
9/30/98,371601,124817,404897,41136,132657,496418,537554,New York
12/31/98,367343,117834,402684,37674,120167,485177,522851,New York
3/31/99,395626,138683,458540,99724,175493,534309,634033,New York
6/30/99,442505,151774,453794,-3961,136524,594279,590318,New York
9/30/99,414736,161659,454885,16768,138278,576395,593163,New York
12/31/99,409904,134122,470427,64293,137892,544026,608319,New York
3/31/00,424235,126505,472407,80172,158505,550740,630912,New York
6/30/00,422671,131515,444072,7366,117480,554186,561552,New York
9/30/00,416896,131201,467539,50033,130591,548097,598130,New York
12/31/00,431529,130881,462690,24575,124295,562410,586985,New York
3/31/01,465202,120515,459063,4351,131005,585717,590068,New York
6/30/01,468456,152873,421263,-77504,122562,621329,543825,New York
9/30/01,475691,147237,367237,-139082,116609,622928,483846,New York
12/31/01,438771,123877,392070,-47024,123554,562648,515624,New York
3/31/02,424916,131194,415888,82,140304,556110,556192,New York
6/30/02,386472,109174,367146,-23051,105449,495646,472595,New York
9/30/02,394082,111790,376475,-8031,121366,505872,497841,New York
12/31/02,381960,118941,386020,-9032,105849,500901,491869,New York
3/31/03,393192,107638,381933,-14372,104525,500830,486458,New York
6/30/03,373498,102093,357801,-20702,97088,475591,454889,New York
9/30/03,367370,103282,370083,974,101543,470652,471626,New York
12/31/03,356026,98358,371152,17266,100498,454384,471650,New York
3/31/04,362830,98962,388478,26888,100202,461792,488680,New York
6/30/04,359922,102996,373457,15997,105458,462918,478915,New York
9/30/04,367395,103996,387377,33983,117997,471391,505374,New York
12/31/04,366710,101219,385945,22756,104740,467929,490685,New York
3/31/05,377837,103580,387046,8353,102724,481417,489770,New York
6/30/05,371780,95658,377122,20276,110592,467438,487714,New York
9/30/05,369594,94791,393259,36248,107374,464385,500633,New York
12/31/05,356347,94091,372672,11411,89177,450438,461849,New York
3/31/06,360377,97588,380322,16704,94347,457965,474669,New York
6/30/06,362522,84758,374186,36029,109123,447280,483309,New York
9/30/06,367605,83545,360745,4764,95169,451150,455914,New York
12/31/06,344966,86479,390455,48015,89005,431445,479460,New York
3/31/07,361036,90755,378818,15225,88198,451791,467016,New York
6/30/07,359872,82950,382949,40272,100145,442822,483094,New York
9/30/07,371783,89898,357827,-14198,89656,461681,447483,New York
12/31/07,349812,84882,397913,53537,90318,434694,488231,New York
3/31/08,362536,89772,367464,-986,83858,452308,451322,New York
6/30/08,374801,87140,373126,1925,90740,461941,463866,New York
9/30/08,382381,85607,355159,-22551,90278,467988,445437,New York
12/31/08,411612,92417,339564,-75924,88541,504029,428105,New York
3/31/09,423750,87595,299182,-134400,77763,511345,376945,New York
6/30/09,403738,87314,331323,-66449,93280,491052,424603,New York
9/30/09,355381,81163,330639,-34128,71777,436544,402416,New York
12/31/09,336580,83682,332207,-7753,80302,420262,412509,New York
3/31/10,329224,74495,314217,-14972,74530,403719,388747,New York
6/30/10,317673,75698,358238,51713,86846,393371,445084,New York
9/30/10,324921,79806,341980,27234,89981,404727,431961,New York
12/31/10,331527,81150,350840,30832,92669,412677,443509,New York
3/31/11,315195,71280,336687,32365,82153,386475,418840,New York
6/30/11,319447,87726,369565,52455,90063,407173,459628,New York
9/30/11,332555,84782,367924,42515,91928,417337,459852,New York
12/31/11,335922,85830,344473,11056,88335,421752,432808,New York
3/31/12,322169,78130,381929,69535,87905,400299,469834,New York
6/30/12,342779,87361,368603,32726,94263,430140,462866,New York
9/30/12,357856,83834,358673,13208,96225,441690,454898,New York
12/31/12,348240,91704,369130,25992,96806,439944,465936,New York
3/31/13,345244,83728,368536,29776,90212,428972,458748,New York
6/30/13,337522,85686,374139,48321,97390,423208,471529,New York
9/30/13,355201,87091,365401,27731,104622,442292,470023,New York
12/31/13,347609,91487,393280,50147,95963,439096,489243,New York
3/31/14,355104,87724,369779,15573,88622,442828,458401,New York
6/30/14,345142,86016,395220,64450,100388,431158,495608,New York
9/30/14,359914,88896,384460,29899,94249,448810,478709,New York
12/31/14,348104,90958,398926,53930,94066,439062,492992,New York
3/31/15,367431,83441,369937,6273,87208,450872,457145,New York
6/30/15,360150,82985,411480,63801,95456,443135,506936,New York
9/30/15,368858,92281,387332,18025,91832,461139,479164,New York
12/31/15,349429,95480,398087,47817,94639,444909,492726,New York
3/31/16,360074,84656,390895,30395,84230,444730,475125,New York
6/30/16,365617,87263,392151,29759,90488,452880,482639,New York
9/30/16,374850,83900,404174,31750,86326,458750,490500,New York
12/31/16,369514,91823,382616,11375,90096,461337,472712,New York
3/31/17,363653,82914,399721,36393,83239,446567,482960,New York
6/30/17,364620,87631,413571,59978,98658,452251,512229,New York
9/30/17,389915,95994,397700,2791,91000,485909,488700,New York
12/31/17,355184,102112,393114,26067,90249,457296,483363,New York
9/30/92,138570,24355,154313,26484,35096,162925,189409,North Carolina
12/31/92,142371,25963,146252,12517,34599,168334,180851,North Carolina
3/31/93,138005,25749,139014,10624,35364,163754,174378,North Carolina
6/30/93,126074,20618,161841,48478,33329,146692,195170,North Carolina
9/30/93,137101,26199,162412,31781,32669,163300,195081,North Carolina
12/31/93,143128,28796,158479,19407,32852,171924,191331,North Carolina
3/31/94,144965,25041,156991,15827,28842,170006,185833,North Carolina
6/30/94,133983,23592,163109,42792,37258,157575,200367,North Carolina
9/30/94,144184,26572,173449,37072,34379,170756,207828,North Carolina
12/31/94,149561,26435,157632,14145,32509,175996,190141,North Carolina
3/31/95,150772,24700,162439,20342,33375,175472,195814,North Carolina
6/30/95,164426,23693,164832,12461,35748,188119,200580,North Carolina
9/30/95,155076,28046,175294,34139,41967,183122,217261,North Carolina
12/31/95,162667,28303,169441,17773,39302,190970,208743,North Carolina
3/31/96,163009,32461,173664,14273,36079,195470,209743,North Carolina
6/30/96,170728,25504,172359,19064,42937,196232,215296,North Carolina
9/30/96,170726,30830,180842,21565,42279,201556,223121,North Carolina
12/31/96,160689,29893,181758,31857,40681,190582,222439,North Carolina
3/31/97,172799,33292,184074,27975,49992,206091,234066,North Carolina
6/30/97,170015,30186,175166,18356,43391,200201,218557,North Carolina
9/30/97,167094,32580,193836,39252,45090,199674,238926,North Carolina
12/31/97,174979,47448,189631,4592,37388,222427,227019,North Carolina
3/31/98,183244,53024,193157,-577,42534,236268,235691,North Carolina
6/30/98,195004,33748,188532,28470,68690,228752,257222,North Carolina
9/30/98,177907,40599,196382,32090,54214,218506,250596,North Carolina
12/31/98,174163,60719,191116,21355,65121,234882,256237,North Carolina
3/31/99,182073,44963,189805,17017,54248,227036,244053,North Carolina
6/30/99,175557,41170,177159,5885,45453,216727,222612,North Carolina
9/30/99,178718,44791,185980,16938,54467,223509,240447,North Carolina
12/31/99,169668,37724,188600,31531,50323,207392,238923,North Carolina
3/31/00,180641,46806,197403,17373,47417,227447,244820,North Carolina
6/30/00,180898,40721,181471,9877,50025,221619,231496,North Carolina
9/30/00,184389,44004,177134,-9184,42075,228393,219209,North Carolina
12/31/00,193758,46083,182390,-11432,46019,239841,228409,North Carolina
3/31/01,201873,50213,197405,-3758,50923,252086,248328,North Carolina
6/30/01,215865,50827,173727,-40911,52054,266692,225781,North Carolina
9/30/01,206441,47645,163846,-49616,40624,254086,204470,North Carolina
12/31/01,206223,46283,159056,-49537,43913,252506,202969,North Carolina
3/31/02,182098,44890,184734,4554,46808,226988,231542,North Carolina
6/30/02,183447,39538,169562,23496,76919,222985,246481,North Carolina
9/30/02,182087,49155,180803,-7553,42886,231242,223689,North Carolina
12/31/02,182466,46491,165530,-20876,42551,228957,208081,North Carolina
3/31/03,184717,46778,169813,-11892,49790,231495,219603,North Carolina
6/30/03,178461,40601,167828,-7764,43470,219062,211298,North Carolina
9/30/03,174031,38625,168696,-3737,40223,212656,208919,North Carolina
12/31/03,164654,39128,171107,10176,42851,203782,213958,North Carolina
3/31/04,163759,41635,182706,20894,43582,205394,226288,North Carolina
6/30/04,159887,42396,182846,22581,42018,202283,224864,North Carolina
9/30/04,168333,46120,176571,3627,41509,214453,218080,North Carolina
12/31/04,161700,39299,175837,22201,47363,200999,223200,North Carolina
3/31/05,166061,40532,184662,23962,45893,206593,230555,North Carolina
6/30/05,167185,48592,174642,3534,44669,215777,219311,North Carolina
9/30/05,170553,34608,187900,30136,47397,205161,235297,North Carolina
12/31/05,175418,41470,179153,7293,45028,216888,224181,North Carolina
3/31/06,162594,35361,185722,37175,49408,197955,235130,North Carolina
6/30/06,174820,39236,178201,14887,50742,214056,228943,North Carolina
9/30/06,177907,45158,185965,7475,44575,223065,230540,North Carolina
12/31/06,172757,37424,189245,58493,79429,210181,268674,North Carolina
3/31/07,168581,39047,192902,40837,55563,207628,248465,North Carolina
6/30/07,184752,44992,183093,482,47133,229744,230226,North Carolina
9/30/07,181095,41725,178088,2795,47527,222820,225615,North Carolina
12/31/07,176832,40762,184653,15176,48117,217594,232770,North Carolina
3/31/08,187892,43076,174183,-4058,52727,230968,226910,North Carolina
6/30/08,193281,55480,164733,-40699,43329,248761,208062,North Carolina
9/30/08,191733,45921,162546,-23623,51485,237654,214031,North Carolina
12/31/08,219988,46382,152871,-71273,42226,266370,195097,North Carolina
3/31/09,223917,43282,135311,-89728,42160,267199,177471,North Carolina
6/30/09,193115,52572,146746,-58522,40419,245687,187165,North Carolina
9/30/09,169934,41876,151362,-19718,40730,211810,192092,North Carolina
12/31/09,172296,41277,151382,-17960,44231,213573,195613,North Carolina
3/31/10,158484,36346,150584,-7799,36447,194830,187031,North Carolina
6/30/10,148397,43713,164811,10841,38140,192110,202951,North Carolina
9/30/10,150608,41234,157703,11537,45676,191842,203379,North Carolina
12/31/10,154678,39004,160548,14184,47318,193682,207866,North Carolina
3/31/11,145969,37475,166175,24571,41840,183444,208015,North Carolina
6/30/11,153371,41676,163195,7535,39387,195047,202582,North Carolina
9/30/11,150687,38729,160402,14760,43774,189416,204176,North Carolina
12/31/11,154636,37071,161796,10408,40319,191707,202115,North Carolina
3/31/12,147091,32930,169715,32971,43277,180021,212992,North Carolina
6/30/12,159245,37877,165344,7718,39496,197122,204840,North Carolina
9/30/12,154595,37685,162035,10337,40582,192280,202617,North Carolina
12/31/12,155166,35233,168753,19748,41394,190399,210147,North Carolina
3/31/13,152738,32641,162990,15306,37695,185379,200685,North Carolina
6/30/13,158925,32209,170992,15371,35513,191134,206505,North Carolina
9/30/13,151167,38075,169459,19419,39202,189242,208661,North Carolina
12/31/13,153780,35840,171438,22268,40450,189620,211888,North Carolina
3/31/14,156288,34047,163212,9887,37010,190335,200222,North Carolina
6/30/14,149677,37286,178884,29722,37801,186963,216685,North Carolina
9/30/14,160084,33357,167427,16720,42734,193441,210161,North Carolina
12/31/14,151018,32948,184697,39517,38786,183966,223483,North Carolina
3/31/15,161852,35889,164972,5295,38064,197741,203036,North Carolina
6/30/15,151491,39550,184518,31353,37876,191041,222394,North Carolina
9/30/15,161679,36002,175534,19620,41767,197681,217301,North Carolina
12/31/15,157142,34988,188440,40381,44071,192130,232511,North Carolina
3/31/16,162670,34948,173054,16240,40804,197618,213858,North Carolina
6/30/16,168670,38850,180361,15569,42728,207520,223089,North Carolina
9/30/16,169463,39056,180396,13223,41346,208519,221742,North Carolina
12/31/16,167887,37415,186236,20299,39365,205302,225601,North Carolina
3/31/17,165113,33943,179452,23134,42738,199056,222190,North Carolina
6/30/17,176877,37790,182984,13828,45511,214667,228495,North Carolina
9/30/17,182110,36231,176571,-3095,38675,218341,215246,North Carolina
12/31/17,160150,40185,189194,28723,39864,200335,229058,North Carolina
9/30/92,11693,2440,13050,2119,3202,14133,16252,North Dakota
12/31/92,12167,2296,13329,1419,2553,14463,15882,North Dakota
3/31/93,13158,2320,12659,606,3425,15478,16084,North Dakota
6/30/93,11691,2092,13994,3068,2857,13783,16851,North Dakota
9/30/93,11934,2392,14708,3288,2906,14326,17614,North Dakota
12/31/93,13100,2466,13140,1082,3508,15566,16648,North Dakota
3/31/94,12522,2194,13970,3320,4066,14716,18036,North Dakota
6/30/94,12417,2362,15073,3282,2988,14779,18061,North Dakota
9/30/94,12691,2579,16251,3801,2820,15270,19071,North Dakota
12/31/94,13567,2624,13804,847,3234,16191,17038,North Dakota
3/31/95,13617,2317,15291,2667,3310,15934,18601,North Dakota
6/30/95,14541,2678,14790,728,3157,17219,17947,North Dakota
9/30/95,13898,2727,15455,1635,2805,16625,18260,North Dakota
12/31/95,14408,2802,14639,871,3442,17210,18081,North Dakota
3/31/96,13679,2217,15993,3324,3227,15896,19220,North Dakota
6/30/96,14840,2933,16309,1790,3254,17773,19563,North Dakota
9/30/96,15543,4281,16330,457,3951,19824,20281,North Dakota
12/31/96,15433,3253,16420,1623,3889,18686,20309,North Dakota
3/31/97,14030,3281,15734,1935,3512,17311,19246,North Dakota
6/30/97,14917,3691,16387,885,3106,18608,19493,North Dakota
9/30/97,14456,4232,16829,1742,3601,18688,20430,North Dakota
12/31/97,14521,3177,16658,2839,3879,17698,20537,North Dakota
3/31/98,16058,3664,15555,-1552,2615,19722,18170,North Dakota
6/30/98,15625,3582,15159,-309,3739,19207,18898,North Dakota
9/30/98,16723,3839,16728,504,4338,20562,21066,North Dakota
12/31/98,15759,3307,17156,1017,2927,19066,20083,North Dakota
3/31/99,16219,3164,17041,848,3190,19383,20231,North Dakota
6/30/99,14512,3834,16761,2498,4083,18346,20844,North Dakota
9/30/99,15520,3190,16332,1150,3528,18710,19860,North Dakota
12/31/99,16545,3995,17189,488,3839,20540,21028,North Dakota
3/31/00,16082,3159,16774,1115,3582,19241,20356,North Dakota
6/30/00,15113,3241,15840,330,2844,18354,18684,North Dakota
9/30/00,16162,2925,15574,-410,3103,19087,18677,North Dakota
12/31/00,15729,3809,15058,-1813,2667,19538,17725,North Dakota
3/31/01,14739,9465,16466,-3338,4400,24204,20866,North Dakota
6/30/01,15238,3543,15302,444,3923,18781,19225,North Dakota
9/30/01,15641,2875,14061,-1561,2894,18516,16955,North Dakota
12/31/01,15398,3138,14752,-843,2941,18536,17693,North Dakota
3/31/02,15606,3644,15174,-1366,2710,19250,17884,North Dakota
6/30/02,14097,2391,15371,2261,3378,16488,18749,North Dakota
9/30/02,14241,2788,13823,-965,2241,17029,16064,North Dakota
12/31/02,14627,2599,14291,-426,2509,17226,16800,North Dakota
3/31/03,14975,2448,13758,-467,3198,17423,16956,North Dakota
6/30/03,12607,3587,15054,2336,3476,16194,18530,North Dakota
9/30/03,13979,2674,14880,1401,3174,16653,18054,North Dakota
12/31/03,14373,3071,14281,-235,2928,17444,17209,North Dakota
3/31/04,13681,2631,15410,2263,3165,16312,18575,North Dakota
6/30/04,12954,2911,16244,3488,3109,15865,19353,North Dakota
9/30/04,14644,2473,14473,944,3588,17117,18061,North Dakota
12/31/04,14221,2511,15081,1476,3127,16732,18208,North Dakota
3/31/05,15276,2580,15140,1276,3992,17856,19132,North Dakota
6/30/05,14069,2532,15800,2714,3515,16601,19315,North Dakota
9/30/05,14725,2493,15870,2006,3354,17218,19224,North Dakota
12/31/05,14811,2484,14348,549,3496,17295,17844,North Dakota
3/31/06,14161,3298,17956,4387,3890,17459,21846,North Dakota
6/30/06,16606,2751,16081,768,4044,19357,20125,North Dakota
9/30/06,15321,2453,15852,1451,3373,17774,19225,North Dakota
12/31/06,15629,2643,15447,750,3575,18272,19022,North Dakota
3/31/07,15502,2456,16403,1876,3431,17958,19834,North Dakota
6/30/07,15944,2960,16150,511,3265,18904,19415,North Dakota
9/30/07,15692,2461,15826,1038,3365,18153,19191,North Dakota
12/31/07,14720,2592,16956,3178,3534,17312,20490,North Dakota
3/31/08,14815,2694,18727,4701,3483,17509,22210,North Dakota
6/30/08,16359,2620,15873,203,3309,18979,19182,North Dakota
9/30/08,15924,2546,16876,1546,3140,18470,20016,North Dakota
12/31/08,16232,2801,16811,863,3085,19033,19896,North Dakota
3/31/09,18909,3265,14229,-4897,3048,22174,17277,North Dakota
6/30/09,17313,2233,15960,-401,3185,19546,19145,North Dakota
9/30/09,15985,2415,16026,957,3331,18400,19357,North Dakota
12/31/09,15990,2512,16851,1891,3542,18502,20393,North Dakota
3/31/10,16599,2624,17654,1301,2870,19223,20524,North Dakota
6/30/10,15966,2780,17049,1618,3315,18746,20364,North Dakota
9/30/10,14454,2728,17911,5275,4546,17182,22457,North Dakota
12/31/10,14953,2886,20443,7060,4456,17839,24899,North Dakota
3/31/11,15863,2921,20396,5169,3557,18784,23953,North Dakota
6/30/11,17388,2678,18581,2250,3735,20066,22316,North Dakota
9/30/11,15565,2867,24825,12710,6317,18432,31142,North Dakota
12/31/11,16743,3195,25321,11749,6366,19938,31687,North Dakota
3/31/12,16609,3736,27522,13914,6737,20345,34259,North Dakota
6/30/12,18081,3449,21959,5545,5116,21530,27075,North Dakota
9/30/12,21241,3887,22640,3400,5888,25128,28528,North Dakota
12/31/12,20227,3852,22974,4847,5952,24079,28926,North Dakota
3/31/13,19897,3533,23855,5938,5513,23430,29368,North Dakota
6/30/13,23093,3658,21463,-655,4633,26751,26096,North Dakota
9/30/13,21027,3809,24300,4876,5412,24836,29712,North Dakota
12/31/13,21132,3941,24309,4578,5342,25073,29651,North Dakota
3/31/14,20764,4031,26296,7120,5619,24795,31915,North Dakota
6/30/14,21930,3660,23468,2739,4861,25590,28329,North Dakota
9/30/14,21811,4209,25252,4352,5120,26020,30372,North Dakota
12/31/14,21831,3989,26950,7075,5945,25820,32895,North Dakota
3/31/15,28826,4360,21420,-5897,5869,33186,27289,North Dakota
6/30/15,34929,6116,20314,-16216,4515,41045,24829,North Dakota
9/30/15,26010,5009,19054,-5568,6397,31019,25451,North Dakota
12/31/15,24576,4325,19322,-4831,4748,28901,24070,North Dakota
3/31/16,26319,5004,18845,-7682,4796,31323,23641,North Dakota
6/30/16,26026,4907,18893,-7677,4363,30933,23256,North Dakota
9/30/16,20063,4569,22938,3358,5052,24632,27990,North Dakota
12/31/16,22249,4286,17667,-3514,5354,26535,23021,North Dakota
3/31/17,19036,3962,21071,3130,5057,22998,26128,North Dakota
6/30/17,19642,4184,19465,-584,3777,23826,23242,North Dakota
9/30/17,18573,4810,18855,-295,4233,23383,23088,North Dakota
12/31/17,19511,3595,18574,254,4786,23106,23360,North Dakota
9/30/92,214332,67513,236567,25106,70384,281845,306951,Ohio
12/31/92,223029,59287,231621,13544,64239,282316,295860,Ohio
3/31/93,237109,123958,238677,8879,131269,361067,369946,Ohio
6/30/93,207409,66643,243529,27496,58019,274052,301548,Ohio
9/30/93,219313,56815,270571,62785,68342,276128,338913,Ohio
12/31/93,224700,32346,245677,57036,68405,257046,314082,Ohio
3/31/94,225099,64017,261410,52759,80465,289116,341875,Ohio
6/30/94,233037,72669,256323,12285,61668,305706,317991,Ohio
9/30/94,219765,72829,277804,52057,66847,292594,344651,Ohio
12/31/94,236601,57528,254486,32501,72144,294129,326630,Ohio
3/31/95,225864,50228,269660,53190,59622,276092,329282,Ohio
6/30/95,240488,55102,248946,22358,69002,295590,317948,Ohio
9/30/95,234495,50820,262705,34992,57602,285315,320307,Ohio
12/31/95,247265,52142,243600,-369,55438,299407,299038,Ohio
3/31/96,261421,56822,268727,23453,72969,318243,341696,Ohio
6/30/96,252078,53501,255545,13012,63046,305579,318591,Ohio
9/30/96,239855,58204,259203,20430,59286,298059,318489,Ohio
12/31/96,247136,51674,255143,19570,63237,298810,318380,Ohio
3/31/97,237908,55365,265860,37295,64708,293273,330568,Ohio
6/30/97,247084,44760,247759,10525,54610,291844,302369,Ohio
9/30/97,240456,51690,273631,36022,54537,292146,328168,Ohio
12/31/97,244824,60160,257901,21127,68210,304984,326111,Ohio
3/31/98,241723,60807,270779,32300,64051,302530,334830,Ohio
6/30/98,261029,62187,257614,3576,69178,323216,326792,Ohio
9/30/98,249570,60935,260233,16444,66716,310505,326949,Ohio
12/31/98,252240,53376,269150,26326,62792,305616,331942,Ohio
3/31/99,280367,56189,277329,9141,68368,336556,345697,Ohio
6/30/99,259874,58017,260076,5734,63549,317891,323625,Ohio
9/30/99,269241,56321,299198,42974,69338,325562,368536,Ohio
12/31/99,251008,51729,284995,42720,60462,302737,345457,Ohio
3/31/00,267185,54219,288179,17829,51054,321404,339233,Ohio
6/30/00,279254,51081,263650,-12442,54243,330335,317893,Ohio
9/30/00,277355,53558,259422,-21365,50126,330913,309548,Ohio
12/31/00,262788,55056,268635,1527,50736,317844,319371,Ohio
3/31/01,287174,51290,271123,-11691,55650,338464,326773,Ohio
6/30/01,302423,53459,243270,-55326,57286,355882,300556,Ohio
9/30/01,287052,63948,230802,-61615,58583,351000,289385,Ohio
12/31/01,270718,54950,236045,-38320,51303,325668,287348,Ohio
3/31/02,263251,53558,256349,2503,62963,316809,319312,Ohio
6/30/02,262084,58074,234802,-30299,55057,320158,289859,Ohio
9/30/02,245596,51081,244195,-37,52445,296677,296640,Ohio
12/31/02,249571,50751,229006,-18179,53137,300322,282143,Ohio
3/31/03,251936,53756,225786,-31736,48170,305692,273956,Ohio
6/30/03,245208,47829,229084,-13205,50748,293037,279832,Ohio
9/30/03,233318,43092,231461,3683,48632,276410,280093,Ohio
12/31/03,238475,42553,230401,1070,51697,281028,282098,Ohio
3/31/04,231795,47521,244573,10567,45310,279316,289883,Ohio
6/30/04,239697,47339,235483,-2728,48825,287036,284308,Ohio
9/30/04,229622,48690,244565,17857,51604,278312,296169,Ohio
12/31/04,231150,43730,230938,5923,49865,274880,280803,Ohio
3/31/05,242296,45513,235148,-1115,51546,287809,286694,Ohio
6/30/05,233734,47592,236999,6322,50649,281326,287648,Ohio
9/30/05,232528,43578,241182,16196,51120,276106,292302,Ohio
12/31/05,236472,46426,230196,-7005,45697,282898,275893,Ohio
3/31/06,226286,44147,230486,15308,55255,270433,285741,Ohio
6/30/06,239761,45502,231117,-11309,42837,285263,273954,Ohio
9/30/06,242098,42103,225660,-15665,42876,284201,268536,Ohio
12/31/06,239034,43578,224705,-14681,43226,282612,267931,Ohio
3/31/07,225346,40795,230293,11612,47460,266141,277753,Ohio
6/30/07,231128,44437,235603,5970,45932,275565,281535,Ohio
9/30/07,236571,44273,213390,-25975,41479,280844,254869,Ohio
12/31/07,232414,43006,226509,-4595,44316,275420,270825,Ohio
3/31/08,238927,43440,210084,-35812,36471,282367,246555,Ohio
6/30/08,237340,42319,227627,-9538,42494,279659,270121,Ohio
9/30/08,241509,42055,209140,-37648,36776,283564,245916,Ohio
12/31/08,277415,44872,193864,-95731,32692,322287,226556,Ohio
3/31/09,279698,41708,170510,-112785,38111,321406,208621,Ohio
6/30/09,277007,43131,192132,-91305,36701,320138,228833,Ohio
9/30/09,220934,39394,201071,-24268,34989,260328,236060,Ohio
12/31/09,211644,39522,194814,-17907,38445,251166,233259,Ohio
3/31/10,199538,33677,189310,-10135,33770,233215,223080,Ohio
6/30/10,184626,30892,213605,32292,34205,215518,247810,Ohio
9/30/10,188680,31510,202442,22477,40225,220190,242667,Ohio
12/31/10,212040,36524,219832,13730,42462,248564,262294,Ohio
3/31/11,196437,34413,207284,7304,30870,230850,238154,Ohio
6/30/11,193671,36486,214666,25711,41202,230157,255868,Ohio
9/30/11,192325,32478,221050,40983,44736,224803,265786,Ohio
12/31/11,198858,40049,211248,12339,39998,238907,251246,Ohio
3/31/12,187182,37624,221796,37309,40319,224806,262115,Ohio
6/30/12,194836,35482,212984,21895,39229,230318,252213,Ohio
9/30/12,207760,40652,204141,-5086,39185,248412,243326,Ohio
12/31/12,200320,39083,220211,22361,41553,239403,261764,Ohio
3/31/13,201861,42867,222265,16510,38973,244728,261238,Ohio
6/30/13,200113,36450,228392,36393,44564,236563,272956,Ohio
9/30/13,211079,33877,210049,3172,38079,244956,248128,Ohio
12/31/13,201207,36318,225242,26574,38857,237525,264099,Ohio
3/31/14,207474,36659,215244,9246,38135,244133,253379,Ohio
6/30/14,196995,37635,231705,35712,38637,234630,270342,Ohio
9/30/14,211376,36690,211613,699,37152,248066,248765,Ohio
12/31/14,195885,37591,234230,40642,39888,233476,274118,Ohio
3/31/15,216801,35791,213866,-2634,36092,252592,249958,Ohio
6/30/15,204471,33534,232156,36626,42475,238005,274631,Ohio
9/30/15,218054,36893,212302,-5960,36685,254947,248987,Ohio
12/31/15,202667,34397,229258,37487,45293,237064,274551,Ohio
3/31/16,212076,25637,221257,17862,34318,237713,255575,Ohio
6/30/16,212156,51202,227011,-2348,33999,263358,261010,Ohio
9/30/16,224422,37011,220396,2328,43365,261433,263761,Ohio
12/31/16,213595,36159,220105,10255,39904,249754,260009,Ohio
3/31/17,205424,31489,225000,23209,35122,236913,260122,Ohio
6/30/17,212407,36446,226895,17679,39637,248853,266532,Ohio
9/30/17,224214,38132,205389,-23013,33944,262346,239333,Ohio
12/31/17,203650,36486,223306,20112,36942,240136,260248,Ohio
9/30/92,50303,13627,57977,10093,16046,63930,74023,Oklahoma
12/31/92,55504,17280,55818,183,17149,72784,72967,Oklahoma
3/31/93,51211,14093,55079,7927,18152,65304,73231,Oklahoma
6/30/93,52032,13683,61700,9933,13948,65715,75648,Oklahoma
9/30/93,52596,15894,60977,10246,17759,68490,78736,Oklahoma
12/31/93,56200,13334,59881,6893,16546,69534,76427,Oklahoma
3/31/94,56302,21181,61438,3387,19432,77483,80870,Oklahoma
6/30/94,50675,14420,62843,12890,15142,65095,77985,Oklahoma
9/30/94,54572,14237,63187,11927,17549,68809,80736,Oklahoma
12/31/94,57611,14551,59429,4714,17447,72162,76876,Oklahoma
3/31/95,59926,14805,60614,5938,20055,74731,80669,Oklahoma
6/30/95,53751,18697,62694,8877,18631,72448,81325,Oklahoma
9/30/95,57751,15210,62632,7438,17767,72961,80399,Oklahoma
12/31/95,55343,18301,65612,10380,18412,73644,84024,Oklahoma
3/31/96,56592,16924,65361,10495,18650,73516,84011,Oklahoma
6/30/96,56190,17316,63717,11220,21009,73506,84726,Oklahoma
9/30/96,60146,17769,63959,9503,23459,77915,87418,Oklahoma
12/31/96,58522,19747,65919,5309,17659,78269,83578,Oklahoma
3/31/97,58378,20175,68260,12222,22515,78553,90775,Oklahoma
6/30/97,61112,19955,67280,5998,19785,81067,87065,Oklahoma
9/30/97,61446,14078,73972,10424,11976,75524,85948,Oklahoma
12/31/97,66469,18011,81331,21176,24325,84480,105656,Oklahoma
3/31/98,67984,20475,77725,9414,20148,88459,97873,Oklahoma
6/30/98,64011,19946,74884,10480,19553,83957,94437,Oklahoma
9/30/98,69450,21456,70842,-5039,15025,90906,85867,Oklahoma
12/31/98,65503,25349,73110,1631,19373,90852,92483,Oklahoma
3/31/99,75548,23057,78116,12668,33157,98605,111273,Oklahoma
6/30/99,64596,24518,66492,-1397,21225,89114,87717,Oklahoma
9/30/99,66403,25153,74960,2531,19127,91556,94087,Oklahoma
12/31/99,67199,25700,76647,3730,19982,92899,96629,Oklahoma
3/31/00,67510,19686,69259,2159,20096,87196,89355,Oklahoma
6/30/00,67061,16093,73647,7179,16686,83154,90333,Oklahoma
9/30/00,66588,20700,71265,9367,25390,87288,96655,Oklahoma
12/31/00,71196,22189,70140,477,23722,93385,93862,Oklahoma
3/31/01,74574,25137,76239,-3483,19989,99711,96228,Oklahoma
6/30/01,73814,18683,74426,6812,24883,92497,99309,Oklahoma
9/30/01,76817,27002,64765,-8547,30507,103819,95272,Oklahoma
12/31/01,74498,26164,65683,-15917,19062,100662,84745,Oklahoma
3/31/02,71662,20990,65718,-3699,23235,92652,88953,Oklahoma
6/30/02,71997,20722,67874,-3399,21446,92719,89320,Oklahoma
9/30/02,70396,20894,61568,-5729,23993,91290,85561,Oklahoma
12/31/02,69122,22397,62422,-12002,17095,91519,79517,Oklahoma
3/31/03,67941,20257,61064,-10475,16659,88198,77723,Oklahoma
6/30/03,68820,19255,61801,-7607,18667,88075,80468,Oklahoma
9/30/03,62048,19639,66404,4793,20076,81687,86480,Oklahoma
12/31/03,63026,16530,60023,-1563,17970,79556,77993,Oklahoma
3/31/04,60832,19462,68112,7839,20021,80294,88133,Oklahoma
6/30/04,62891,21237,63146,3545,24527,84128,87673,Oklahoma
9/30/04,61203,17299,66719,4494,16277,78502,82996,Oklahoma
12/31/04,56922,15515,65866,9567,16138,72437,82004,Oklahoma
3/31/05,60531,16394,67655,8974,18244,76925,85899,Oklahoma
6/30/05,62229,14940,65451,5566,17284,77169,82735,Oklahoma
9/30/05,58533,16358,67693,10570,17768,74891,85461,Oklahoma
12/31/05,60185,13655,69360,12809,17289,73840,86649,Oklahoma
3/31/06,59563,12774,71819,15322,15840,72337,87659,Oklahoma
6/30/06,66670,20782,67410,-1559,18483,87452,85893,Oklahoma
9/30/06,65098,15032,65830,6436,20736,80130,86566,Oklahoma
12/31/06,63624,17906,69433,5568,17665,81530,87098,Oklahoma
3/31/07,60062,15103,70734,12799,17230,75165,87964,Oklahoma
6/30/07,66453,21453,64423,-2730,20753,87906,85176,Oklahoma
9/30/07,62070,13677,65041,6808,17514,75747,82555,Oklahoma
12/31/07,64277,14316,64362,3293,17524,78593,81886,Oklahoma
3/31/08,59959,14185,71079,12641,15706,74144,86785,Oklahoma
6/30/08,66815,15063,64449,705,18134,81878,82583,Oklahoma
9/30/08,63851,14671,64675,1383,15230,78522,79905,Oklahoma
12/31/08,69908,15602,63049,-6998,15463,85510,78512,Oklahoma
3/31/09,80373,21172,52989,-31178,17378,101545,70367,Oklahoma
6/30/09,76821,20405,52140,-30787,14299,97226,66439,Oklahoma
9/30/09,68309,15547,52216,-16494,15146,83856,67362,Oklahoma
12/31/09,59837,17183,52850,-7940,16230,77020,69080,Oklahoma
3/31/10,55300,12616,53674,1645,15887,67916,69561,Oklahoma
6/30/10,53109,12581,60214,8940,14416,65690,74630,Oklahoma
9/30/10,55376,17176,61028,2894,14418,72552,75446,Oklahoma
12/31/10,52124,11366,61164,14391,16717,63490,77881,Oklahoma
3/31/11,56884,14159,57477,756,14322,71043,71799,Oklahoma
6/30/11,56320,10476,61401,7953,13348,66796,74749,Oklahoma
9/30/11,54259,14175,63701,10818,15551,68434,79252,Oklahoma
12/31/11,54732,15325,59069,5660,16648,70057,75717,Oklahoma
3/31/12,51844,14141,62674,10738,14049,65985,76723,Oklahoma
6/30/12,57706,10266,60473,8259,15758,67972,76231,Oklahoma
9/30/12,58629,15395,59201,-524,14299,74024,73500,Oklahoma
12/31/12,56136,12285,65976,13382,15827,68421,81803,Oklahoma
3/31/13,58876,14893,58965,207,15011,73769,73976,Oklahoma
6/30/13,58711,13703,61553,6399,17260,72414,78813,Oklahoma
9/30/13,60652,9931,61625,8146,17104,70583,78729,Oklahoma
12/31/13,62857,14653,61262,-639,15609,77510,76871,Oklahoma
3/31/14,57892,14092,63005,5693,14672,71984,77677,Oklahoma
6/30/14,61059,13255,63936,4441,14819,74314,78755,Oklahoma
9/30/14,59791,10973,62643,6835,14956,70764,77599,Oklahoma
12/31/14,57082,12569,68578,15632,16705,69651,85283,Oklahoma
3/31/15,67371,12051,58728,-6601,14093,79422,72821,Oklahoma
6/30/15,69185,13966,62295,-6629,14227,83151,76522,Oklahoma
9/30/15,63621,14189,61696,-1491,14623,77810,76319,Oklahoma
12/31/15,65842,16214,63835,-2506,15715,82056,79550,Oklahoma
3/31/16,67418,13067,58511,-7860,14114,80485,72625,Oklahoma
6/30/16,68405,15964,57429,-12203,14737,84369,72166,Oklahoma
9/30/16,62366,12888,62505,4000,16749,75254,79254,Oklahoma
12/31/16,61925,16571,64197,3078,17377,78496,81574,Oklahoma
3/31/17,59638,21810,62627,-3021,15800,81448,78427,Oklahoma
6/30/17,60560,13576,62495,8718,20359,74136,82854,Oklahoma
9/30/17,60080,15654,64658,5979,17055,75734,81713,Oklahoma
12/31/17,58930,15165,65706,6852,15241,74095,80947,Oklahoma
9/30/92,82692,27361,77034,-8333,24686,110053,101720,Oregon
12/31/92,73574,16522,74581,1895,17410,90096,91991,Oregon
3/31/93,67612,13235,77729,12584,15702,80847,93431,Oregon
6/30/93,73714,14246,86279,18367,20048,87960,106327,Oregon
9/30/93,79187,16126,84970,10398,20741,95313,105711,Oregon
12/31/93,73970,17062,83274,11298,19056,91032,102330,Oregon
3/31/94,75627,17172,85591,12150,19358,92799,104949,Oregon
6/30/94,73710,17479,94096,26382,23475,91189,117571,Oregon
9/30/94,83755,18752,89918,6878,19467,102507,109385,Oregon
12/31/94,79230,16126,87143,12443,20656,95356,107799,Oregon
3/31/95,78968,17036,90594,13695,19105,96004,109699,Oregon
6/30/95,82628,18091,94105,13237,19851,100719,113956,Oregon
9/30/95,84010,20627,94573,9835,19899,104637,114472,Oregon
12/31/95,82854,20151,92441,11166,21730,103005,114171,Oregon
3/31/96,81736,21769,90940,10208,22773,103505,113713,Oregon
6/30/96,86649,21233,94828,11975,25029,107882,119857,Oregon
9/30/96,87346,22260,94313,11778,27071,109606,121384,Oregon
12/31/96,85423,18177,97297,17026,23329,103600,120626,Oregon
3/31/97,86161,22845,97253,14437,26190,109006,123443,Oregon
6/30/97,83496,16335,94834,16919,21916,99831,116750,Oregon
9/30/97,92952,20900,91245,-4380,18227,113852,109472,Oregon
12/31/97,83788,20541,96683,18344,25990,104329,122673,Oregon
3/31/98,88803,21104,90132,-432,19343,109907,109475,Oregon
6/30/98,92043,21879,92126,3422,25218,113922,117344,Oregon
9/30/98,90593,21783,89383,-1212,21781,112376,111164,Oregon
12/31/98,87554,23591,98836,4947,17256,111145,116092,Oregon
3/31/99,90266,26283,109511,17086,24124,116549,133635,Oregon
6/30/99,87105,22746,88880,-825,20146,109851,109026,Oregon
9/30/99,83388,24718,90896,6018,23228,108106,114124,Oregon
12/31/99,83562,18513,97825,17291,21541,102075,119366,Oregon
3/31/00,91412,25327,94512,819,23046,116739,117558,Oregon
6/30/00,87401,21581,91396,9595,27181,108982,118577,Oregon
9/30/00,90043,23855,90021,-3173,20704,113898,110725,Oregon
12/31/00,88198,18976,94694,7421,19901,107174,114595,Oregon
3/31/01,94525,26423,91533,-8774,20641,120948,112174,Oregon
6/30/01,99075,21038,86776,-14555,18782,120113,105558,Oregon
9/30/01,99677,23137,81149,-22158,19507,122814,100656,Oregon
12/31/01,90439,19886,77829,-12977,19519,110325,97348,Oregon
3/31/02,86788,22454,86943,387,22686,109242,109629,Oregon
6/30/02,81878,19248,85290,3250,19086,101126,104376,Oregon
9/30/02,82665,17541,85883,4256,18579,100206,104462,Oregon
12/31/02,85464,16462,79414,-3632,18880,101926,98294,Oregon
3/31/03,87562,19668,84090,-3597,19543,107230,103633,Oregon
6/30/03,86447,17994,78417,-7879,18145,104441,96562,Oregon
9/30/03,77133,18095,84300,8399,19327,95228,103627,Oregon
12/31/03,77152,16901,84316,9234,18971,94053,103287,Oregon
3/31/04,78646,16997,85629,7697,17711,95643,103340,Oregon
6/30/04,73556,18277,92854,19257,18236,91833,111090,Oregon
9/30/04,83101,19202,84016,-425,17862,102303,101878,Oregon
12/31/04,78073,14884,88253,12746,17450,92957,105703,Oregon
3/31/05,77072,19102,94160,15529,17543,96174,111703,Oregon
6/30/05,78421,14550,84098,6747,15620,92971,99718,Oregon
9/30/05,78750,14428,88008,11345,16515,93178,104523,Oregon
12/31/05,76881,15500,92986,18582,17977,92381,110963,Oregon
3/31/06,79476,15618,89090,13195,19199,95094,108289,Oregon
6/30/06,82165,15122,87957,7276,16606,97287,104563,Oregon
9/30/06,81601,16194,85762,4435,16468,97795,102230,Oregon
12/31/06,80278,15616,88630,10552,17816,95894,106446,Oregon
3/31/07,82896,14333,89678,10222,17773,97229,107451,Oregon
6/30/07,87107,18734,86923,-3199,15719,105841,102642,Oregon
9/30/07,85527,17870,84584,-1759,17054,103397,101638,Oregon
12/31/07,85179,17272,85841,3557,20167,102451,106008,Oregon
3/31/08,86095,15361,83652,-1612,16192,101456,99844,Oregon
6/30/08,95616,17950,74982,-21804,16780,113566,91762,Oregon
9/30/08,88778,17009,81110,-7220,17457,105787,98567,Oregon
12/31/08,106216,19943,69723,-40224,16212,126159,85935,Oregon
3/31/09,108252,21057,63549,-50971,14789,129309,78338,Oregon
6/30/09,89393,17192,73063,-18943,14579,106585,87642,Oregon
9/30/09,78850,17943,71293,-10021,15479,96793,86772,Oregon
12/31/09,79193,16572,72652,-6082,17031,95765,89683,Oregon
3/31/10,73891,16076,74451,-327,15189,89967,89640,Oregon
6/30/10,70750,14588,75030,5449,15757,85338,90787,Oregon
9/30/10,69411,15558,78095,10055,16929,84969,95024,Oregon
12/31/10,73479,16983,78541,3546,15467,90462,94008,Oregon
3/31/11,72393,14247,75804,5242,16078,86640,91882,Oregon
6/30/11,71228,14435,72881,2466,15248,85663,88129,Oregon
9/30/11,65593,13797,84303,22509,17596,79390,101899,Oregon
12/31/11,75662,16140,77312,1893,16383,91802,93695,Oregon
3/31/12,73510,15203,77339,5263,16637,88713,93976,Oregon
6/30/12,71869,17122,78747,5353,15597,88991,94344,Oregon
9/30/12,71380,14512,80843,11548,16597,85892,97440,Oregon
12/31/12,75591,15054,78430,5111,17326,90645,95756,Oregon
3/31/13,71525,14132,82870,14285,17072,85657,99942,Oregon
6/30/13,72151,14800,84762,13287,15476,86951,100238,Oregon
9/30/13,73696,14210,82361,12278,17823,87906,100184,Oregon
12/31/13,76172,16201,81289,5217,16301,92373,97590,Oregon
3/31/14,74313,14275,84385,11748,15951,88588,100336,Oregon
6/30/14,75930,15656,84186,9121,16521,91586,100707,Oregon
9/30/14,74354,13652,85809,14171,16368,88006,102177,Oregon
12/31/14,75673,16700,86406,11255,17222,92373,103628,Oregon
3/31/15,72253,13811,86594,17271,16741,86064,103335,Oregon
6/30/15,76532,14675,87081,12305,16431,91207,103512,Oregon
9/30/15,79516,16409,86619,9114,18420,95925,105039,Oregon
12/31/15,77055,16446,88105,13153,18549,93501,106654,Oregon
3/31/16,75439,13926,91660,19646,17351,89365,109011,Oregon
6/30/16,83620,19150,87562,2381,17589,102770,105151,Oregon
9/30/16,81800,17522,86639,7038,19721,99322,106360,Oregon
12/31/16,78493,18013,84478,6650,18678,96506,103156,Oregon
3/31/17,75212,14295,90747,19070,17830,89507,108577,Oregon
6/30/17,79787,14977,87599,9187,16352,94764,103951,Oregon
9/30/17,83700,15594,84226,3472,18540,99294,102766,Oregon
12/31/17,78874,16465,88935,12566,18970,95339,107905,Oregon
9/30/92,216025,72591,243926,33153,77843,288616,321769,Pennsylvania
12/31/92,230964,57583,217626,-10143,60778,288547,278404,Pennsylvania
3/31/93,228322,61295,226861,1637,64393,289617,291254,Pennsylvania
6/30/93,217487,65230,223075,2004,61646,282717,284721,Pennsylvania
9/30/93,206432,60287,246083,47446,68082,266719,314165,Pennsylvania
12/31/93,225408,62430,225984,-201,61653,287838,287637,Pennsylvania
3/31/94,231905,69639,224157,-2469,74918,301544,299075,Pennsylvania
6/30/94,214466,76524,236896,21182,75276,290990,312172,Pennsylvania
9/30/94,214196,54156,252416,54459,70395,268352,322811,Pennsylvania
12/31/94,225614,54859,231961,5832,54344,280473,286305,Pennsylvania
3/31/95,235967,53490,227267,-819,61371,289457,288638,Pennsylvania
6/30/95,231567,59610,221904,4750,74023,291177,295927,Pennsylvania
9/30/95,221648,50250,235173,29171,65896,271898,301069,Pennsylvania
12/31/95,229703,58218,229411,-2822,55688,287921,285099,Pennsylvania
3/31/96,240100,53920,233880,1263,61403,294020,295283,Pennsylvania
6/30/96,232978,54510,238366,23922,73044,287488,311410,Pennsylvania
9/30/96,217625,62477,245936,29547,63713,280102,309649,Pennsylvania
12/31/96,238158,53831,238219,18433,72203,291989,310422,Pennsylvania
3/31/97,231985,56304,243159,25277,70407,288289,313566,Pennsylvania
6/30/97,220027,54816,233092,24812,66563,274843,299655,Pennsylvania
9/30/97,229034,57095,243325,45988,88792,286129,332117,Pennsylvania
12/31/97,226270,64488,248265,29679,72172,290758,320437,Pennsylvania
3/31/98,234952,72351,250789,22988,79502,307303,330291,Pennsylvania
6/30/98,240273,64567,241679,14125,77286,304840,318965,Pennsylvania
9/30/98,233792,62204,243494,11201,63703,295996,307197,Pennsylvania
12/31/98,232287,52321,253900,37344,68052,284608,321952,Pennsylvania
3/31/99,244340,65534,258830,20563,71607,309874,330437,Pennsylvania
6/30/99,243755,65978,257249,20150,72634,309733,329883,Pennsylvania
9/30/99,254916,70673,261003,12983,77569,325589,338572,Pennsylvania
12/31/99,247658,65733,271069,27722,70044,313391,341113,Pennsylvania
3/31/00,248035,63328,271616,45042,84789,311363,356405,Pennsylvania
6/30/00,255257,46661,246711,10012,65219,301918,311930,Pennsylvania
9/30/00,252111,59842,261258,26261,76956,311953,338214,Pennsylvania
12/31/00,251802,64721,260648,12632,68507,316523,329155,Pennsylvania
3/31/01,264538,60234,271374,7454,60852,324772,332226,Pennsylvania
6/30/01,289472,73473,250424,-38304,74217,362945,324641,Pennsylvania
9/30/01,275407,71816,242986,-33954,70283,347223,313269,Pennsylvania
12/31/01,277339,68810,238960,-34186,73003,346149,311963,Pennsylvania
3/31/02,259500,60606,261001,21364,80469,320106,341470,Pennsylvania
6/30/02,256005,67204,244172,-16044,62993,323209,307165,Pennsylvania
9/30/02,253912,60086,249156,-7818,57024,313998,306180,Pennsylvania
12/31/02,263621,70176,241679,-28947,63171,333797,304850,Pennsylvania
3/31/03,261622,54199,244320,-4608,66893,315821,311213,Pennsylvania
6/30/03,251629,60460,242341,-15332,54416,312089,296757,Pennsylvania
9/30/03,243388,54652,239099,1309,60250,298040,299349,Pennsylvania
12/31/03,242122,55109,238209,4284,63306,297231,301515,Pennsylvania
3/31/04,235517,53141,247736,19640,60562,288658,308298,Pennsylvania
6/30/04,229699,58566,242474,8317,54108,288265,296582,Pennsylvania
9/30/04,234407,54143,243451,12330,57429,288550,300880,Pennsylvania
12/31/04,231000,51554,242087,18588,59055,282554,301142,Pennsylvania
3/31/05,232286,53092,232530,8498,61346,285378,293876,Pennsylvania
6/30/05,236819,64037,248191,1671,54336,300856,302527,Pennsylvania
9/30/05,235403,46492,247208,29475,64162,281895,311370,Pennsylvania
12/31/05,242842,47737,239025,2491,54045,290579,293070,Pennsylvania
3/31/06,218438,49840,245702,33620,56196,268278,301898,Pennsylvania
6/30/06,234859,46775,237938,4664,48360,281634,286298,Pennsylvania
9/30/06,231224,42588,234008,10472,50276,273812,284284,Pennsylvania
12/31/06,234608,42377,239081,10068,47972,276985,287053,Pennsylvania
3/31/07,231672,45042,245727,16558,47545,276714,293272,Pennsylvania
6/30/07,230787,47022,248653,20039,49195,277809,297848,Pennsylvania
9/30/07,238319,45994,223012,-12974,48327,284313,271339,Pennsylvania
12/31/07,233968,44166,241803,13220,49551,278134,291354,Pennsylvania
3/31/08,227325,46792,225207,-1885,47025,274117,272232,Pennsylvania
6/30/08,241868,47542,234263,-3931,51216,289410,285479,Pennsylvania
9/30/08,247361,44750,222080,-21445,48586,292111,270666,Pennsylvania
12/31/08,270367,46132,213297,-60112,43090,316499,256387,Pennsylvania
3/31/09,273023,47559,186506,-93925,40151,320582,226657,Pennsylvania
6/30/09,260831,45113,206657,-55587,43700,305944,250357,Pennsylvania
9/30/09,234047,47961,215333,-23916,42759,282008,258092,Pennsylvania
12/31/09,228092,42925,222775,-3272,44970,271017,267745,Pennsylvania
3/31/10,213353,42262,214926,194,40883,255615,255809,Pennsylvania
6/30/10,206585,33999,230279,35360,45665,240584,275944,Pennsylvania
9/30/10,212350,38231,228681,23408,45308,250581,273989,Pennsylvania
12/31/10,215447,41993,235764,29384,51060,257440,286824,Pennsylvania
3/31/11,204622,39285,220226,14909,38590,243907,258816,Pennsylvania
6/30/11,206348,43280,227693,26571,48506,249628,276199,Pennsylvania
9/30/11,216787,48418,229900,3102,38407,265205,268307,Pennsylvania
12/31/11,204734,44853,218617,27304,58274,249587,276891,Pennsylvania
3/31/12,205673,41231,242070,45184,50018,246904,292088,Pennsylvania
6/30/12,223750,43228,216631,-2767,47580,266978,264211,Pennsylvania
9/30/12,221345,44034,219401,-360,45618,265379,265019,Pennsylvania
12/31/12,212407,41139,213090,10635,51091,253546,264181,Pennsylvania
3/31/13,208101,57231,228812,5820,42340,265332,271152,Pennsylvania
6/30/13,210407,43943,216356,7508,45502,254350,261858,Pennsylvania
9/30/13,216548,40804,212639,-366,44347,257352,256986,Pennsylvania
12/31/13,211585,42454,221625,12900,45314,254039,266939,Pennsylvania
3/31/14,209027,36394,214059,11723,43085,245421,257144,Pennsylvania
6/30/14,205248,36689,231423,32469,42983,241937,274406,Pennsylvania
9/30/14,214222,39811,218724,2625,37934,254033,256658,Pennsylvania
12/31/14,203854,38208,235448,36583,43197,242062,278645,Pennsylvania
3/31/15,223383,42009,202816,-23599,38977,265392,241793,Pennsylvania
6/30/15,210201,37398,235284,31628,43943,247599,279227,Pennsylvania
9/30/15,225750,40738,223669,-450,42369,266488,266038,Pennsylvania
12/31/15,216571,42478,241463,29286,46872,259049,288335,Pennsylvania
3/31/16,225217,40776,230046,7810,43757,265993,273803,Pennsylvania
6/30/16,234362,39094,226099,-5160,42197,273456,268296,Pennsylvania
9/30/16,221540,37199,239132,26899,46506,258739,285638,Pennsylvania
12/31/16,220151,40689,229901,13941,44880,260840,274781,Pennsylvania
3/31/17,217004,37342,225943,14213,42616,254346,268559,Pennsylvania
6/30/17,225454,38368,238869,17635,42588,263822,281457,Pennsylvania
9/30/17,223048,41091,241191,15171,38119,264139,279310,Pennsylvania
12/31/17,210154,40831,235131,29895,45749,250985,280880,Pennsylvania
9/30/92,37780,12710,47880,4990,7600,50490,55480,Puerto Rico
12/31/92,54787,9141,33548,-20615,9765,63928,43313,Puerto Rico
3/31/93,34067,7053,47575,16467,10012,41120,57587,Puerto Rico
6/30/93,37422,6255,47891,14113,9899,43677,57790,Puerto Rico
9/30/93,38562,7560,49234,11001,7889,46122,57123,Puerto Rico
12/31/93,51198,14670,36122,-22562,7184,65868,43306,Puerto Rico
3/31/94,34828,12421,46839,12476,12886,47249,59725,Puerto Rico
6/30/94,37908,9419,48043,10192,9476,47327,57519,Puerto Rico
9/30/94,40144,9249,48119,7136,8410,49393,56529,Puerto Rico
12/31/94,47327,12344,37534,-9036,13101,59671,50635,Puerto Rico
3/31/95,36807,8029,48971,12893,8758,44836,57729,Puerto Rico
6/30/95,41604,10277,50034,8002,9849,51881,59883,Puerto Rico
9/30/95,44139,7605,48438,7637,10943,51744,59381,Puerto Rico
12/31/95,47244,9731,42862,-2023,12090,56975,54952,Puerto Rico
3/31/96,40527,9190,50899,18016,16834,49717,67733,Puerto Rico
6/30/96,42573,9324,49426,6330,8801,51897,58227,Puerto Rico
9/30/96,46943,8925,46436,463,9895,55868,56331,Puerto Rico
12/31/96,46623,9484,45704,3141,13544,56107,59248,Puerto Rico
3/31/97,41598,9971,52929,13743,12383,51569,65312,Puerto Rico
6/30/97,43547,15703,49243,1941,11948,59250,61191,Puerto Rico
9/30/97,46496,17574,46755,-4907,12408,64070,59163,Puerto Rico
12/31/97,56832,10684,41646,-8160,17710,67516,59356,Puerto Rico
3/31/98,41915,7114,52614,14815,11230,49029,63844,Puerto Rico
6/30/98,40109,10020,50901,6889,6117,50129,57018,Puerto Rico
9/30/98,45689,7288,51516,9594,11055,52977,62571,Puerto Rico
12/31/98,58066,10476,40526,-18275,9741,68542,50267,Puerto Rico
3/31/99,38820,6528,57095,21624,9877,45348,66972,Puerto Rico
6/30/99,44898,10455,56577,24284,23060,55353,79637,Puerto Rico
9/30/99,44244,12657,50920,7381,13362,56901,64282,Puerto Rico
12/31/99,50510,8826,39913,-10381,9042,59336,48955,Puerto Rico
3/31/00,43753,8705,52519,10231,10170,52458,62689,Puerto Rico
6/30/00,46546,8777,50831,8781,13273,55323,64104,Puerto Rico
9/30/00,48153,7864,45332,-2961,7724,56017,53056,Puerto Rico
12/31/00,48095,8209,46601,2696,12399,56304,59000,Puerto Rico
3/31/01,47311,12859,45345,-7410,7415,60170,52760,Puerto Rico
6/30/01,49655,13116,42129,-14074,6568,62771,48697,Puerto Rico
9/30/01,47047,11869,46608,-1629,10679,58916,57287,Puerto Rico
12/31/01,48264,12663,41536,-13405,5986,60927,47522,Puerto Rico
3/31/02,44212,10676,43875,-3873,7140,54888,51015,Puerto Rico
6/30/02,44307,9052,41879,-5682,5798,53359,47677,Puerto Rico
9/30/02,39079,11138,43555,-3045,3617,50217,47172,Puerto Rico
12/31/02,37976,7814,41681,2766,6875,45790,48556,Puerto Rico
3/31/03,42983,13283,41606,-9326,5334,56266,46940,Puerto Rico
6/30/03,43191,9057,45312,-3546,3390,52248,48702,Puerto Rico
9/30/03,39105,8279,41872,-2438,3074,47384,44946,Puerto Rico
12/31/03,37297,5050,39531,55746,58562,42347,98093,Puerto Rico
3/31/04,42494,9292,46519,2287,7554,51786,54073,Puerto Rico
6/30/04,40753,6433,47023,12056,12219,47186,59242,Puerto Rico
9/30/04,43729,6820,43427,2701,9823,50549,53250,Puerto Rico
12/31/04,40545,10211,46697,3299,7358,50756,54055,Puerto Rico
3/31/05,44667,10769,43118,1255,13573,55436,56691,Puerto Rico
6/30/05,44083,11523,42938,-1179,11489,55606,54427,Puerto Rico
9/30/05,42223,8319,42633,1416,9325,50542,51958,Puerto Rico
12/31/05,38859,6066,42722,4975,7178,44925,49900,Puerto Rico
3/31/06,43322,10075,44417,-1582,7398,53397,51815,Puerto Rico
6/30/06,47321,8201,39445,-7290,8787,55522,48232,Puerto Rico
9/30/06,44546,11778,42176,-6739,7409,56324,49585,Puerto Rico
12/31/06,39470,10026,44701,4537,9332,49496,54033,Puerto Rico
3/31/07,45825,9759,39479,-7265,8840,55584,48319,Puerto Rico
6/30/07,40640,10026,39189,352,11829,50666,51018,Puerto Rico
9/30/07,42476,8865,41183,-339,9819,51341,51002,Puerto Rico
12/31/07,40585,8726,40114,-2124,7073,49311,47187,Puerto Rico
3/31/08,44051,10296,34250,-9399,10698,54347,44948,Puerto Rico
6/30/08,41803,9562,35660,-4841,10864,51365,46524,Puerto Rico
9/30/08,40607,9287,36067,-6908,6919,49894,42986,Puerto Rico
12/31/08,42860,10003,35731,-8775,8357,52863,44088,Puerto Rico
3/31/09,45582,10610,30567,-16765,8860,56192,39427,Puerto Rico
6/30/09,42401,8014,30971,-11303,8141,50415,39112,Puerto Rico
9/30/09,37783,7205,31323,-5092,8573,44988,39896,Puerto Rico
12/31/09,33272,8163,35507,3570,9498,41435,45005,Puerto Rico
3/31/10,37265,6937,32455,-4536,7211,44202,39666,Puerto Rico
6/30/10,35422,7541,31215,-5549,6199,42963,37414,Puerto Rico
9/30/10,33945,7439,33164,-985,7235,41384,40399,Puerto Rico
12/31/10,30511,7526,37353,6899,7583,38037,44936,Puerto Rico
3/31/11,34635,5988,32476,-2285,5862,40623,38338,Puerto Rico
6/30/11,34332,8047,32217,-3924,6238,42379,38455,Puerto Rico
9/30/11,31041,6865,37680,6547,6773,37906,44453,Puerto Rico
12/31/11,31279,7667,36335,5592,8203,38946,44538,Puerto Rico
3/31/12,34028,6169,34552,1707,7352,40197,41904,Puerto Rico
6/30/12,32105,6200,38917,8060,7448,38305,46365,Puerto Rico
9/30/12,36551,7144,34591,-1240,7864,43695,42455,Puerto Rico
12/31/12,34683,7258,39400,4217,6758,41941,46158,Puerto Rico
3/31/13,36954,6357,32823,-3893,6595,43311,39418,Puerto Rico
6/30/13,35504,6455,34791,-212,6956,41959,41747,Puerto Rico
9/30/13,38800,6603,33021,-3340,9042,45403,42063,Puerto Rico
12/31/13,30406,6429,37567,7985,7253,36835,44820,Puerto Rico
3/31/14,37783,6828,30535,-8160,5916,44611,36451,Puerto Rico
6/30/14,35840,6570,30666,-4664,7080,42410,37746,Puerto Rico
9/30/14,34684,6069,31005,-2687,7061,40753,38066,Puerto Rico
12/31/14,26983,6712,36782,9802,6715,33695,43497,Puerto Rico
3/31/15,36553,6843,30444,-7055,5897,43396,36341,Puerto Rico
6/30/15,34472,7335,32188,-3157,6462,41807,38650,Puerto Rico
9/30/15,36087,6944,34032,-2630,6369,43031,40401,Puerto Rico
12/31/15,32963,5603,33914,3471,8123,38566,42037,Puerto Rico
3/31/16,35008,5213,32391,-1844,5986,40221,38377,Puerto Rico
6/30/16,31703,5571,32051,481,5704,37274,37755,Puerto Rico
9/30/16,32752,5857,32473,479,6615,38609,39088,Puerto Rico
12/31/16,30241,6026,33194,2685,5758,36267,38952,Puerto Rico
3/31/17,33047,5254,27190,-3952,7159,38301,34349,Puerto Rico
6/30/17,31145,3898,28926,-223,5894,35043,34820,Puerto Rico
9/30/17,33602,8186,22514,-14609,4665,41788,27179,Puerto Rico
12/31/17,64007,12395,35864,-30415,10123,76402,45987,Puerto Rico
9/30/92,20654,8307,25244,3700,7417,28961,32661,Rhode Island
12/31/92,22871,5416,23750,2900,7437,28287,31187,Rhode Island
3/31/93,24370,7181,21528,-415,9608,31551,31136,Rhode Island
6/30/93,19531,6771,20171,624,6755,26302,26926,Rhode Island
9/30/93,20006,5142,24348,5977,6777,25148,31125,Rhode Island
12/31/93,23153,5483,21591,-631,6414,28636,28005,Rhode Island
3/31/94,22616,5853,21070,-2196,5203,28469,26273,Rhode Island
6/30/94,21302,6501,21929,-135,5739,27803,27668,Rhode Island
9/30/94,18779,10183,25178,2097,5881,28962,31059,Rhode Island
12/31/94,21420,7508,22469,3175,9634,28928,32103,Rhode Island
3/31/95,22009,4739,21613,4762,9897,26748,31510,Rhode Island
6/30/95,23549,5805,19713,-3125,6516,29354,26229,Rhode Island
9/30/95,21267,6140,24805,4693,7295,27407,32100,Rhode Island
12/31/95,23630,5481,20712,-2425,5974,29111,26686,Rhode Island
3/31/96,21316,6430,23893,2545,6398,27746,30291,Rhode Island
6/30/96,20758,6507,21609,634,6290,27265,27899,Rhode Island
9/30/96,22607,7113,22249,-142,7329,29720,29578,Rhode Island
12/31/96,21657,6289,22403,906,6449,27946,28852,Rhode Island
3/31/97,20880,6778,24083,4283,7858,27658,31941,Rhode Island
6/30/97,20924,7487,21931,-645,5835,28411,27766,Rhode Island
9/30/97,20688,6008,24738,4685,6643,26696,31381,Rhode Island
12/31/97,21968,5244,21891,131,5452,27212,27343,Rhode Island
3/31/98,21139,7704,25503,1988,5328,28843,30831,Rhode Island
6/30/98,22825,5425,22216,2151,8185,28250,30401,Rhode Island
9/30/98,21901,6545,23228,1595,6813,28446,30041,Rhode Island
12/31/98,21517,6334,22870,2341,7322,27851,30192,Rhode Island
3/31/99,22159,7900,24839,2868,8088,30059,32927,Rhode Island
6/30/99,22077,4854,21885,1867,6913,26931,28798,Rhode Island
9/30/99,22234,5785,23850,3308,7477,28019,31327,Rhode Island
12/31/99,22060,5357,24802,5373,7988,27417,32790,Rhode Island
3/31/00,23502,6747,27896,5256,7609,30249,35505,Rhode Island
6/30/00,25317,10633,26292,-2967,6691,35950,32983,Rhode Island
9/30/00,22991,6385,24398,1599,6577,29376,30975,Rhode Island
12/31/00,22066,5924,26805,4339,5524,27990,32329,Rhode Island
3/31/01,27101,5826,27299,1520,7148,32927,34447,Rhode Island
6/30/01,25655,9486,22934,-6393,5814,35141,28748,Rhode Island
9/30/01,24054,5340,21190,-1571,6633,29394,27823,Rhode Island
12/31/01,22603,6312,22772,-1419,4724,28915,27496,Rhode Island
3/31/02,23317,5194,25075,4371,7807,28511,32882,Rhode Island
6/30/02,23827,6879,22219,-2609,5878,30706,28097,Rhode Island
9/30/02,21401,5933,21230,497,6601,27334,27831,Rhode Island
12/31/02,19726,5938,21841,1297,5120,25664,26961,Rhode Island
3/31/03,22935,5143,21903,436,6611,28078,28514,Rhode Island
6/30/03,20843,5341,22194,2086,6076,26184,28270,Rhode Island
9/30/03,20113,4386,21305,2142,5336,24499,26641,Rhode Island
12/31/03,20502,5354,22497,2452,5811,25856,28308,Rhode Island
3/31/04,21757,6135,22140,-257,5495,27892,27635,Rhode Island
6/30/04,20432,6926,21170,329,6517,27358,27687,Rhode Island
9/30/04,22033,7031,23218,1264,7110,29064,30328,Rhode Island
12/31/04,21617,5372,22741,2642,6890,26989,29631,Rhode Island
3/31/05,21742,6303,22274,-153,5618,28045,27892,Rhode Island
6/30/05,21642,5391,21760,642,5915,27033,27675,Rhode Island
9/30/05,21646,5042,22034,1345,5999,26688,28033,Rhode Island
12/31/05,23015,5876,21966,-1462,5463,28891,27429,Rhode Island
3/31/06,19738,6647,21202,328,5511,26385,26713,Rhode Island
6/30/06,22080,4756,21427,1808,7217,26836,28644,Rhode Island
9/30/06,21744,6155,22009,2085,7975,27899,29984,Rhode Island
12/31/06,22252,5585,22526,1067,6378,27837,28904,Rhode Island
3/31/07,21935,5654,20783,-671,6135,27589,26918,Rhode Island
6/30/07,21374,6164,20768,37,6807,27538,27575,Rhode Island
9/30/07,23609,5638,18942,-5159,5146,29247,24088,Rhode Island
12/31/07,22374,5760,20694,-1876,5564,28134,26258,Rhode Island
3/31/08,21996,4995,18898,-2407,5686,26991,24584,Rhode Island
6/30/08,22798,6319,20289,-3482,5346,29117,25635,Rhode Island
9/30/08,22795,5443,19748,-2754,5736,28238,25484,Rhode Island
12/31/08,24421,6068,17047,-8046,5396,30489,22443,Rhode Island
3/31/09,24443,5860,17166,-8088,5049,30303,22215,Rhode Island
6/30/09,21178,6350,17984,-3596,5948,27528,23932,Rhode Island
9/30/09,20169,6089,18206,-3120,4932,26258,23138,Rhode Island
12/31/09,19484,4931,17943,-938,5534,24415,23477,Rhode Island
3/31/10,17629,4962,18223,777,5145,22591,23368,Rhode Island
6/30/10,20082,5886,19469,-833,5666,25968,25135,Rhode Island
9/30/10,19056,4408,19557,1836,5743,23464,25300,Rhode Island
12/31/10,18694,5573,18460,-286,5521,24267,23981,Rhode Island
3/31/11,18625,4574,18016,-418,4765,23199,22781,Rhode Island
6/30/11,19820,4456,20500,1641,5417,24276,25917,Rhode Island
9/30/11,18716,4521,18519,436,5154,23237,23673,Rhode Island
12/31/11,20060,4995,18647,-1079,5329,25055,23976,Rhode Island
3/31/12,19666,4312,20502,1590,5066,23978,25568,Rhode Island
6/30/12,18228,5137,19802,1559,5122,23365,24924,Rhode Island
9/30/12,19921,4839,18800,-866,5094,24760,23894,Rhode Island
12/31/12,18682,5070,19169,791,5374,23752,24543,Rhode Island
3/31/13,18522,4730,19037,1021,5236,23252,24273,Rhode Island
6/30/13,18056,4555,20557,3069,5123,22611,25680,Rhode Island
9/30/13,19846,4324,19772,923,5321,24170,25093,Rhode Island
12/31/13,18057,4965,19747,1367,4642,23022,24389,Rhode Island
3/31/14,18460,4195,18346,294,4603,22655,22949,Rhode Island
6/30/14,18203,4064,20879,3814,5202,22267,26081,Rhode Island
9/30/14,18989,4325,19667,917,4564,23314,24231,Rhode Island
12/31/14,17913,5059,21302,3366,5036,22972,26338,Rhode Island
3/31/15,19903,4382,17510,-2363,4412,24285,21922,Rhode Island
6/30/15,19222,4907,22019,3276,5386,24129,27405,Rhode Island
9/30/15,19017,4765,18680,286,5388,23782,24068,Rhode Island
12/31/15,19022,4483,21757,3752,5500,23505,27257,Rhode Island
3/31/16,19622,4927,19430,-578,4541,24549,23971,Rhode Island
6/30/16,21045,4684,20131,-351,5247,25729,25378,Rhode Island
9/30/16,20018,4372,18666,-1132,4592,24390,23258,Rhode Island
12/31/16,19342,4562,19670,85,4319,23904,23989,Rhode Island
3/31/17,19592,5193,21073,1432,5144,24785,26217,Rhode Island
6/30/17,19719,5056,22188,2602,5189,24775,27377,Rhode Island
9/30/17,21888,4675,19288,-1671,5604,26563,24892,Rhode Island
12/31/17,19437,5935,21682,2108,5798,25372,27480,Rhode Island
9/30/92,65122,14941,73782,10771,17052,80063,90834,South Carolina
12/31/92,68432,15404,66863,-221,16752,83836,83615,South Carolina
3/31/93,68533,16194,70050,4494,19171,84727,89221,South Carolina
6/30/93,61952,13975,78001,21840,19766,75927,97767,South Carolina
9/30/93,67770,15102,76636,12614,18850,82872,95486,South Carolina
12/31/93,72956,17698,73200,3311,20765,90654,93965,South Carolina
3/31/94,70109,13751,72790,8792,19862,83860,92652,South Carolina
6/30/94,68233,16238,80271,15737,19937,84471,100208,South Carolina
9/30/94,68697,14248,81175,17421,19191,82945,100366,South Carolina
12/31/94,76726,15550,79624,7341,19993,92276,99617,South Carolina
3/31/95,76325,15172,81445,11396,21448,91497,102893,South Carolina
6/30/95,78517,16642,80486,8751,23424,95159,103910,South Carolina
9/30/95,78255,17741,83683,11031,23344,95996,107027,South Carolina
12/31/95,80597,16670,79288,5359,23338,97267,102626,South Carolina
3/31/96,83479,19073,84080,3970,22442,102552,106522,South Carolina
6/30/96,76478,21301,89144,15186,23821,97779,112965,South Carolina
9/30/96,79656,16029,89485,14241,20441,95685,109926,South Carolina
12/31/96,81503,18316,88626,7992,19185,99819,107811,South Carolina
3/31/97,80913,17786,88386,15765,26078,98699,114464,South Carolina
6/30/97,81466,21687,84534,3970,22589,103153,107123,South Carolina
9/30/97,80810,27876,97153,10732,22265,108686,119418,South Carolina
12/31/97,82481,21743,92248,14740,26716,104224,118964,South Carolina
3/31/98,83974,26034,92022,6047,24033,110008,116055,South Carolina
6/30/98,94875,27168,89577,6905,39371,122043,128948,South Carolina
9/30/98,84363,25582,99613,16936,27268,109945,126881,South Carolina
12/31/98,89783,25496,93965,11129,32443,115279,126408,South Carolina
3/31/99,93226,28557,97304,9331,33810,121783,131114,South Carolina
6/30/99,87347,24931,91182,5296,26392,112278,117574,South Carolina
9/30/99,94127,22322,94997,1550,23002,116449,117999,South Carolina
12/31/99,86771,19372,103312,20472,23303,106143,126615,South Carolina
3/31/00,87429,20519,93388,6726,21286,107948,114674,South Carolina
6/30/00,88362,22891,94591,8274,24936,111253,119527,South Carolina
9/30/00,94861,42594,89438,-27691,20326,137455,109764,South Carolina
12/31/00,90266,20446,88004,14018,36726,110712,124730,South Carolina
3/31/01,95500,29716,86649,-12700,25867,125216,112516,South Carolina
6/30/01,89175,14796,70471,-19481,14019,103971,84490,South Carolina
9/30/01,100542,21852,91927,668,31135,122394,123062,South Carolina
12/31/01,96541,23741,78142,-23040,19100,120282,97242,South Carolina
3/31/02,87169,26304,87696,1793,27570,113473,115266,South Carolina
6/30/02,88374,22195,86621,5582,29530,110569,116151,South Carolina
9/30/02,85844,19604,81541,-2357,21550,105448,103091,South Carolina
12/31/02,87733,17059,82707,235,22320,104792,105027,South Carolina
3/31/03,88802,16482,85040,2751,22995,105284,108035,South Carolina
6/30/03,87262,14191,80720,-3674,17059,101453,97779,South Carolina
9/30/03,82906,16884,82865,1216,18141,99790,101006,South Carolina
12/31/03,81671,17016,83100,5550,21137,98687,104237,South Carolina
3/31/04,78073,21445,87565,5717,17670,99518,105235,South Carolina
6/30/04,81785,17330,86560,10412,22967,99115,109527,South Carolina
9/30/04,80854,20262,86239,3979,18856,101116,105095,South Carolina
12/31/04,82330,18465,87140,7412,21067,100795,108207,South Carolina
3/31/05,84963,18745,87029,2432,19111,103708,106140,South Carolina
6/30/05,84436,22520,86567,-224,20165,106956,106732,South Carolina
9/30/05,78107,20118,89403,13220,22042,98225,111445,South Carolina
12/31/05,84814,27826,89450,-53,23137,112640,112587,South Carolina
3/31/06,75807,22063,88981,15427,24316,97870,113297,South Carolina
6/30/06,84952,25555,84282,2810,29035,110507,113317,South Carolina
9/30/06,81051,22096,84027,20322,39442,103147,123469,South Carolina
12/31/06,82719,14094,89282,13237,20768,96813,110050,South Carolina
3/31/07,85012,16663,93864,15051,22862,101675,116726,South Carolina
6/30/07,86758,19203,88059,-2193,15709,105961,103768,South Carolina
9/30/07,85183,15394,80769,-1264,18544,100577,99313,South Carolina
12/31/07,88359,17643,84557,-2918,18527,106002,103084,South Carolina
3/31/08,84625,17431,83174,-1065,17817,102056,100991,South Carolina
6/30/08,92618,16096,75131,-16205,17378,108714,92509,South Carolina
9/30/08,90802,17984,72232,-20419,16135,108786,88367,South Carolina
12/31/08,103721,21130,69806,-38223,16822,124851,86628,South Carolina
3/31/09,103039,20098,63502,-43259,16376,123137,79878,South Carolina
6/30/09,92473,16997,68284,-24547,16639,109470,84923,South Carolina
9/30/09,79042,16170,68216,-11284,15712,95212,83928,South Carolina
12/31/09,77007,16053,70735,-6461,15864,93060,86599,South Carolina
3/31/10,70771,16373,73135,2561,16570,87144,89705,South Carolina
6/30/10,71416,14722,79946,9832,16024,86138,95970,South Carolina
9/30/10,70829,14183,74621,5552,15943,85012,90564,South Carolina
12/31/10,68800,15097,74119,5639,15417,83897,89536,South Carolina
3/31/11,66290,14019,72522,7478,15265,80309,87787,South Carolina
6/30/11,71424,13903,76194,7239,16372,85327,92566,South Carolina
9/30/11,73806,12970,73742,4489,17523,86776,91265,South Carolina
12/31/11,70431,13309,73426,6191,16505,83740,89931,South Carolina
3/31/12,67091,13484,79419,14273,15429,80575,94848,South Carolina
6/30/12,73622,13213,74996,2290,14129,86835,89125,South Carolina
9/30/12,72842,13798,70800,-675,15165,86640,85965,South Carolina
12/31/12,67834,13038,79637,14323,15558,80872,95195,South Carolina
3/31/13,70823,13635,74835,4384,14007,84458,88842,South Carolina
6/30/13,68799,12117,78393,14851,17374,80916,95767,South Carolina
9/30/13,72235,11698,79033,10045,14945,83933,93978,South Carolina
12/31/13,68699,14903,85761,16489,14330,83602,100091,South Carolina
3/31/14,76687,12253,79618,8582,17904,88940,97522,South Carolina
6/30/14,74433,15654,83792,8926,15221,90087,99013,South Carolina
9/30/14,74851,14886,78504,4746,15979,89737,94483,South Carolina
12/31/14,66270,12698,90440,27628,16156,78968,106596,South Carolina
3/31/15,76303,12402,76091,2320,14934,88705,91025,South Carolina
6/30/15,74172,13160,87302,16390,16420,87332,103722,South Carolina
9/30/15,79347,14669,80840,4710,17886,94016,98726,South Carolina
12/31/15,71820,13841,93497,29473,21637,85661,115134,South Carolina
3/31/16,83806,14477,80841,671,18113,98283,98954,South Carolina
6/30/16,80078,14789,86202,8047,16712,94867,102914,South Carolina
9/30/16,77641,15472,86159,11291,18245,93113,104404,South Carolina
12/31/16,75416,14732,88928,18528,19748,90148,108676,South Carolina
3/31/17,79937,12886,83601,8068,17290,92823,100891,South Carolina
6/30/17,85345,14442,84964,2589,17412,99787,102376,South Carolina
9/30/17,90272,16072,80205,-10304,15835,106344,96040,South Carolina
12/31/17,70563,15399,95560,30061,20463,85962,116023,South Carolina
9/30/92,13907,3005,16262,3111,3761,16912,20023,South Dakota
12/31/92,14494,3171,14566,0,3099,17665,17665,South Dakota
3/31/93,14070,2948,15982,3410,4446,17018,20428,South Dakota
6/30/93,14860,3267,15669,1216,3674,18127,19343,South Dakota
9/30/93,13559,3058,16905,4493,4205,16617,21110,South Dakota
12/31/93,14419,2649,16336,3201,3933,17068,20269,South Dakota
3/31/94,13653,3535,17022,4215,4381,17188,21403,South Dakota
6/30/94,13733,2966,16314,2816,3201,16699,19515,South Dakota
9/30/94,14236,3397,17079,4396,4950,17633,22029,South Dakota
12/31/94,15299,2850,16850,2942,4241,18149,21091,South Dakota
3/31/95,14355,2401,18840,6495,4411,16756,23251,South Dakota
6/30/95,16475,3687,16291,-169,3702,20162,19993,South Dakota
9/30/95,15714,3648,18413,3413,4362,19362,22775,South Dakota
12/31/95,16233,3433,16635,1006,4037,19666,20672,South Dakota
3/31/96,15971,3240,16642,1571,4140,19211,20782,South Dakota
6/30/96,16156,3045,16303,806,3704,19201,20007,South Dakota
9/30/96,16194,3133,18627,2862,3562,19327,22189,South Dakota
12/31/96,17053,3316,16034,-307,4028,20369,20062,South Dakota
3/31/97,15820,2690,18267,3161,3404,18510,21671,South Dakota
6/30/97,16549,2855,17686,2494,4212,19404,21898,South Dakota
9/30/97,17155,4555,18733,1297,4274,21710,23007,South Dakota
12/31/97,17213,3623,17536,961,4261,20836,21797,South Dakota
3/31/98,17922,3648,17044,578,5104,21570,22148,South Dakota
6/30/98,17744,4625,18135,1093,5327,22369,23462,South Dakota
9/30/98,17790,3627,17909,1716,5224,21417,23133,South Dakota
12/31/98,16483,3991,18772,2398,4100,20474,22872,South Dakota
3/31/99,17184,3983,18718,2205,4654,21167,23372,South Dakota
6/30/99,16230,3489,19062,3280,3937,19719,22999,South Dakota
9/30/99,18311,3856,18496,1421,5092,22167,23588,South Dakota
12/31/99,16175,3041,19116,4323,4423,19216,23539,South Dakota
3/31/00,17481,3274,20044,4802,5513,20755,25557,South Dakota
6/30/00,19483,3748,17834,-1668,3729,23231,21563,South Dakota
9/30/00,18647,3901,17657,379,5270,22548,22927,South Dakota
12/31/00,17995,5328,17181,-517,5625,23323,22806,South Dakota
3/31/01,17897,10345,18951,-4015,5276,28242,24227,South Dakota
6/30/01,19202,3958,16511,-2526,4123,23160,20634,South Dakota
9/30/01,18836,3899,17478,-1252,4005,22735,21483,South Dakota
12/31/01,17914,3554,16525,-993,3950,21468,20475,South Dakota
3/31/02,18523,4468,17956,-878,4157,22991,22113,South Dakota
6/30/02,17099,3478,17513,1252,4316,20577,21829,South Dakota
9/30/02,16841,3738,17197,155,3537,20579,20734,South Dakota
12/31/02,16787,3211,16495,532,4035,19998,20530,South Dakota
3/31/03,17770,3717,16040,-1986,3461,21487,19501,South Dakota
6/30/03,17460,4240,17264,-274,4162,21700,21426,South Dakota
9/30/03,16364,3641,16909,340,3436,20005,20345,South Dakota
12/31/03,16764,3235,17615,2230,4614,19999,22229,South Dakota
3/31/04,17188,3501,17634,425,3480,20689,21114,South Dakota
6/30/04,16116,3192,17991,2822,4139,19308,22130,South Dakota
9/30/04,16505,3525,17158,1376,4248,20030,21406,South Dakota
12/31/04,17667,3033,17418,867,4149,20700,21567,South Dakota
3/31/05,16725,3386,18212,2278,4177,20111,22389,South Dakota
6/30/05,16459,3439,17679,1559,3778,19898,21457,South Dakota
9/30/05,16265,3183,17739,2048,3757,19448,21496,South Dakota
12/31/05,16750,3216,18374,2444,4036,19966,22410,South Dakota
3/31/06,16920,3334,18829,2349,3774,20254,22603,South Dakota
6/30/06,17315,2774,17660,1428,3857,20089,21517,South Dakota
9/30/06,17093,3183,17999,1498,3775,20276,21774,South Dakota
12/31/06,16599,3147,18282,2774,4238,19746,22520,South Dakota
3/31/07,16303,3082,18172,2391,3604,19385,21776,South Dakota
6/30/07,17272,2937,17937,1442,3714,20209,21651,South Dakota
9/30/07,16866,3511,17691,650,3336,20377,21027,South Dakota
12/31/07,17213,3046,17843,1205,3621,20259,21464,South Dakota
3/31/08,16306,3209,19209,2923,3229,19515,22438,South Dakota
6/30/08,18594,3630,16812,-1340,4072,22224,20884,South Dakota
9/30/08,17765,3143,17331,355,3932,20908,21263,South Dakota
12/31/08,19133,3587,17779,-1254,3687,22720,21466,South Dakota
3/31/09,21016,2940,14919,-5862,3175,23956,18094,South Dakota
6/30/09,20216,4391,16335,-4385,3887,24607,20222,South Dakota
9/30/09,17082,4284,16216,-1452,3698,21366,19914,South Dakota
12/31/09,17173,3681,15672,-1180,4002,20854,19674,South Dakota
3/31/10,17810,3570,15272,-1856,4252,21380,19524,South Dakota
6/30/10,16390,3033,17540,2096,3979,19423,21519,South Dakota
9/30/10,16011,3384,17343,1567,3619,19395,20962,South Dakota
12/31/10,16403,3056,17759,1713,3413,19459,21172,South Dakota
3/31/11,17007,3327,15606,-1222,3506,20334,19112,South Dakota
6/30/11,15925,3225,17599,2262,3813,19150,21412,South Dakota
9/30/11,15653,3246,17993,3435,4341,18899,22334,South Dakota
12/31/11,16080,3267,17570,2063,3840,19347,21410,South Dakota
3/31/12,16715,3170,17803,1892,3974,19885,21777,South Dakota
6/30/12,17852,2961,18877,1479,3415,20813,22292,South Dakota
9/30/12,17219,3402,17478,542,3685,20621,21163,South Dakota
12/31/12,17076,3377,17179,374,3648,20453,20827,South Dakota
3/31/13,17227,3300,17539,324,3312,20527,20851,South Dakota
6/30/13,16358,2617,17693,2599,3881,18975,21574,South Dakota
9/30/13,17123,3716,17349,-302,3188,20839,20537,South Dakota
12/31/13,16474,3605,19236,2751,3594,20079,22830,South Dakota
3/31/14,17098,3265,18160,1491,3694,20363,21854,South Dakota
6/30/14,16848,3308,17958,1404,3602,20156,21560,South Dakota
9/30/14,17234,2865,17262,729,3566,20099,20828,South Dakota
12/31/14,16674,3162,17671,1452,3617,19836,21288,South Dakota
3/31/15,16544,2926,18321,2278,3427,19470,21748,South Dakota
6/30/15,17209,3079,17743,1079,3624,20288,21367,South Dakota
9/30/15,18163,2856,16885,-597,3537,21019,20422,South Dakota
12/31/15,17181,3187,19031,2628,3965,20368,22996,South Dakota
3/31/16,18204,2976,17295,367,4252,21180,21547,South Dakota
6/30/16,18537,3056,18246,328,3675,21593,21921,South Dakota
9/30/16,18351,3047,18429,840,3809,21398,22238,South Dakota
12/31/16,18009,3224,17166,-189,3878,21233,21044,South Dakota
3/31/17,17267,3389,18118,1553,4091,20656,22209,South Dakota
6/30/17,18791,3162,18333,-83,3537,21953,21870,South Dakota
9/30/17,17595,3202,16528,-945,3324,20797,19852,South Dakota
12/31/17,16837,3292,18163,2255,4221,20129,22384,South Dakota
9/30/92,103040,25952,114649,14067,28410,128992,143059,Tennessee
12/31/92,104457,17354,110997,17996,28810,121811,139807,Tennessee
3/31/93,103766,26084,111039,11527,30338,129850,141377,Tennessee
6/30/93,92643,16284,123680,33725,18972,108927,142652,Tennessee
9/30/93,102513,18714,119476,20718,22469,121227,141945,Tennessee
12/31/93,104150,18551,113861,15685,24525,122701,138386,Tennessee
3/31/94,103841,24541,132406,25803,21779,128382,154185,Tennessee
6/30/94,100784,16886,131876,34504,20298,117670,152174,Tennessee
9/30/94,112675,17239,129334,24564,25144,129914,154478,Tennessee
12/31/94,116762,16579,125072,12591,20860,133341,145932,Tennessee
3/31/95,113936,20742,133551,21110,22237,134678,155788,Tennessee
6/30/95,119958,20950,125748,13018,28178,140908,153926,Tennessee
9/30/95,125128,20563,133426,13487,25752,145691,159178,Tennessee
12/31/95,127483,21292,128066,14246,34955,148775,163021,Tennessee
3/31/96,136093,23006,122678,-5563,30858,159099,153536,Tennessee
6/30/96,124450,31766,124520,-5931,25765,156216,150285,Tennessee
9/30/96,118626,20848,135262,30238,34450,139474,169712,Tennessee
12/31/96,125456,27807,127585,-1029,24649,153263,152234,Tennessee
3/31/97,125988,20867,131599,13279,28535,146855,160134,Tennessee
6/30/97,121956,20726,130126,16537,29093,142682,159219,Tennessee
9/30/97,124609,22593,141519,24772,30455,147202,171974,Tennessee
12/31/97,131236,30711,136575,3257,28629,161947,165204,Tennessee
3/31/98,130492,28772,138218,5049,26095,159264,164313,Tennessee
6/30/98,130348,24028,143384,23615,34607,154376,177991,Tennessee
9/30/98,130282,30497,137662,8852,31969,160779,169631,Tennessee
12/31/98,127360,21802,134147,15260,30275,149162,164422,Tennessee
3/31/99,137599,36759,144522,3561,33397,174358,177919,Tennessee
6/30/99,127400,21949,133237,15196,31308,149349,164545,Tennessee
9/30/99,125906,25111,149511,25591,27097,151017,176608,Tennessee
12/31/99,129651,33398,141560,7850,29339,163049,170899,Tennessee
3/31/00,134841,30646,146899,12564,31152,165487,178051,Tennessee
6/30/00,128285,28809,138484,4005,22615,157094,161099,Tennessee
9/30/00,135082,20953,134495,2743,24283,156035,158778,Tennessee
12/31/00,140255,24403,121240,-20673,22745,164658,143985,Tennessee
3/31/01,139712,24682,139103,-1268,24023,164394,163126,Tennessee
6/30/01,142297,23955,120767,-21406,24079,166252,144846,Tennessee
9/30/01,136742,25317,116210,-24184,21665,162059,137875,Tennessee
12/31/01,138531,25392,112378,-27092,24453,163923,136831,Tennessee
3/31/02,125289,28053,132764,4169,24747,153342,157511,Tennessee
6/30/02,124179,27784,126557,193,25599,151963,152156,Tennessee
9/30/02,118056,22937,130129,10652,21516,140993,151645,Tennessee
12/31/02,130416,22488,118237,-7990,26677,152904,144914,Tennessee
3/31/03,127371,24504,115439,-7106,29330,151875,144769,Tennessee
6/30/03,117473,20375,115158,-1399,21291,137848,136449,Tennessee
9/30/03,112611,20199,115843,6347,23314,132810,139157,Tennessee
12/31/03,109814,25364,118411,6647,23414,135178,141825,Tennessee
3/31/04,109085,20828,128750,23164,24327,129913,153077,Tennessee
6/30/04,117705,18122,122108,6918,20637,135827,142745,Tennessee
9/30/04,115408,21756,124357,8717,21524,137164,145881,Tennessee
12/31/04,117222,19469,123829,10228,23090,136691,146919,Tennessee
3/31/05,117169,21434,129921,15746,24428,138603,154349,Tennessee
6/30/05,115713,20954,121471,6270,21466,136667,142937,Tennessee
9/30/05,112864,22792,128419,17753,24990,135656,153409,Tennessee
12/31/05,119783,18714,120691,5064,22870,138497,143561,Tennessee
3/31/06,109124,19044,129201,24609,23576,128168,152777,Tennessee
6/30/06,127131,24956,123148,-5734,23205,152087,146353,Tennessee
9/30/06,121688,18835,123960,4373,20936,140523,144896,Tennessee
12/31/06,126030,33141,129953,-6368,22850,159171,152803,Tennessee
3/31/07,131626,15881,129933,9158,26732,147507,156665,Tennessee
6/30/07,126310,17960,120268,-2782,21220,144270,141488,Tennessee
9/30/07,119722,19237,119865,4674,23768,138959,143633,Tennessee
12/31/07,118867,18709,118623,3099,22052,137576,140675,Tennessee
3/31/08,131336,18141,124747,-3502,21228,149477,145975,Tennessee
6/30/08,129931,23041,110872,-22471,19629,152972,130501,Tennessee
9/30/08,139004,20559,106626,-33220,19717,159563,126343,Tennessee
12/31/08,148266,19873,98531,-52105,17503,168139,116034,Tennessee
3/31/09,147983,18554,88079,-62152,16306,166537,104385,Tennessee
6/30/09,135846,19916,97548,-40469,17745,155762,115293,Tennessee
9/30/09,115291,19074,100361,-17423,16581,134365,116942,Tennessee
12/31/09,103787,16481,102081,-388,17799,120268,119880,Tennessee
3/31/10,101977,14643,99389,-2640,14591,116620,113980,Tennessee
6/30/10,101705,17518,112367,13561,20417,119223,132784,Tennessee
9/30/10,108549,17591,107913,-2555,15672,126140,123585,Tennessee
12/31/10,98991,15421,110477,13223,17158,114412,127635,Tennessee
3/31/11,95820,13803,108176,14280,15727,109623,123903,Tennessee
6/30/11,98253,13304,111443,16689,16803,111557,128246,Tennessee
9/30/11,101492,14595,112095,14443,18435,116087,130530,Tennessee
12/31/11,102586,15667,116437,14212,16028,118253,132465,Tennessee
3/31/12,97205,15625,118966,22898,16762,112830,135728,Tennessee
6/30/12,109922,15506,114928,8655,19155,125428,134083,Tennessee
9/30/12,108023,15521,107975,1506,17075,123544,125050,Tennessee
12/31/12,100272,15611,118226,20074,17731,115883,135957,Tennessee
3/31/13,101980,14159,108259,10552,18432,116139,126691,Tennessee
6/30/13,103583,18431,109927,5479,17566,122014,127493,Tennessee
9/30/13,104087,14855,107897,6202,17247,118942,125144,Tennessee
12/31/13,95655,14853,124504,31925,17929,110508,142433,Tennessee
3/31/14,108788,13376,112090,5650,15724,122164,127814,Tennessee
6/30/14,102883,15053,113016,13145,18065,117936,131081,Tennessee
9/30/14,103841,15035,114344,14358,18890,118876,133234,Tennessee
12/31/14,97628,16920,129128,32169,17589,114548,146717,Tennessee
3/31/15,111919,14203,102520,-1938,21664,126122,124184,Tennessee
6/30/15,99994,14703,126236,29022,17483,114697,143719,Tennessee
9/30/15,109262,15301,120233,15039,19369,124563,139602,Tennessee
12/31/15,102079,14072,134138,36813,18826,116151,152964,Tennessee
3/31/16,114189,14427,115477,3658,16797,128616,132274,Tennessee
6/30/16,117467,15344,122669,9099,19241,132811,141910,Tennessee
9/30/16,114061,16022,126490,17397,20990,130083,147480,Tennessee
12/31/16,111256,14894,123713,18525,20962,126150,144675,Tennessee
3/31/17,112439,10838,113022,5204,15459,123277,128481,Tennessee
6/30/17,113952,15585,117662,6741,18616,129537,136278,Tennessee
9/30/17,114739,13964,115323,5769,19149,128703,134472,Tennessee
12/31/17,109224,14558,126434,23634,20982,123782,147416,Tennessee
9/30/92,336153,124940,356261,8388,113220,461093,469481,Texas
12/31/92,338523,99806,342695,46680,142314,438329,485009,Texas
3/31/93,338716,122629,356367,49577,154555,461345,510922,Texas
6/30/93,329865,91577,370270,55313,106485,421442,476755,Texas
9/30/93,337280,87275,383055,83149,124649,424555,507704,Texas
12/31/93,343927,89048,362144,26061,96892,432975,459036,Texas
3/31/94,354622,103337,372848,19178,104289,457959,477137,Texas
6/30/94,335797,97080,398611,105009,139275,432877,537886,Texas
9/30/94,360061,95458,393220,91279,153578,455519,546798,Texas
12/31/94,362403,80310,372973,60632,130372,442713,503345,Texas
3/31/95,368527,94370,402071,44793,105619,462897,507690,Texas
6/30/95,371325,75902,395268,57796,109755,447227,505023,Texas
9/30/95,358806,88492,395693,59367,110972,447298,506665,Texas
12/31/95,368837,84146,402697,45349,95635,452983,498332,Texas
3/31/96,363321,92717,387412,30059,98685,456038,486097,Texas
6/30/96,353943,85298,394122,69489,114608,439241,508730,Texas
9/30/96,374646,83811,395810,52503,115150,458457,510960,Texas
12/31/96,371671,74221,397516,96518,144894,445892,542410,Texas
3/31/97,377151,89082,422410,87059,130882,466233,553292,Texas
6/30/97,374580,75796,435102,97616,112890,450376,547992,Texas
9/30/97,386326,97117,458060,91851,117234,483443,575294,Texas
12/31/97,397266,90434,446034,84690,126356,487700,572390,Texas
3/31/98,407249,102510,469195,70765,111329,509759,580524,Texas
6/30/98,392063,108812,453217,75750,123408,500875,576625,Texas
9/30/98,397502,98104,458104,82018,119520,495606,577624,Texas
12/31/98,415108,92911,462625,48104,93498,508019,556123,Texas
3/31/99,426818,99159,459214,36746,103509,525977,562723,Texas
6/30/99,466502,102253,462758,4994,110991,568755,573749,Texas
9/30/99,398252,95400,446907,52054,98799,493652,545706,Texas
12/31/99,412443,95032,461088,60507,106894,507475,567982,Texas
3/31/00,401609,92864,471490,89855,112838,494473,584328,Texas
6/30/00,402070,96706,472178,75482,102080,498776,574258,Texas
9/30/00,425476,94715,465356,53898,108733,520191,574089,Texas
12/31/00,424556,97762,445684,13485,90119,522318,535803,Texas
3/31/01,430433,99384,453120,29805,106502,529817,559622,Texas
6/30/01,466318,101485,431263,-21798,114742,567803,546005,Texas
9/30/01,472396,116019,405841,-72279,110295,588415,516136,Texas
12/31/01,488346,111871,394135,-92343,113739,600217,507874,Texas
3/31/02,433088,106548,430896,6647,115387,539636,546283,Texas
6/30/02,425691,109745,413476,-7642,114318,535436,527794,Texas
9/30/02,433688,100465,405123,-11139,117891,534153,523014,Texas
12/31/02,442268,105487,379421,-58030,110304,547755,489725,Texas
3/31/03,418094,101178,401505,-23422,94345,519272,495850,Texas
6/30/03,407497,98876,386856,-15682,103835,506373,490691,Texas
9/30/03,383743,85617,397285,24201,96276,469360,493561,Texas
12/31/03,402788,99941,408497,8827,103059,502729,511556,Texas
3/31/04,373767,94710,409393,40877,99961,468477,509354,Texas
6/30/04,382455,95857,405872,25046,97486,478312,503358,Texas
9/30/04,369607,94893,413258,49662,100904,464500,514162,Texas
12/31/04,369966,88464,418230,53413,93613,458430,511843,Texas
3/31/05,378881,90645,431032,66884,105378,469526,536410,Texas
6/30/05,380297,97020,424937,55013,107393,477317,532330,Texas
9/30/05,368949,91080,457745,104435,106719,460029,564464,Texas
12/31/05,383050,86111,451064,82265,100362,469161,551426,Texas
3/31/06,370538,84387,463647,103638,94916,454925,558563,Texas
6/30/06,418171,90558,452397,49179,105511,508729,557908,Texas
9/30/06,396434,82571,449581,68539,97963,479005,547544,Texas
12/31/06,392692,83093,455239,86140,106686,475785,561925,Texas
3/31/07,402658,79792,466745,81406,97111,482450,563856,Texas
6/30/07,402933,83755,461270,68953,94371,486688,555641,Texas
9/30/07,417130,86043,445276,35876,93773,503173,539049,Texas
12/31/07,399292,86232,467776,81895,99643,485524,567419,Texas
3/31/08,407493,90451,445135,45484,98293,497944,543428,Texas
6/30/08,432756,84005,430812,14095,100044,516761,530856,Texas
9/30/08,448010,89340,416556,-32638,88156,537350,504712,Texas
12/31/08,469455,92447,445070,-24045,92787,561902,537857,Texas
3/31/09,536440,83718,351824,-180353,87981,620158,439805,Texas
6/30/09,506687,79972,353244,-150138,83277,586659,436521,Texas
9/30/09,433630,77168,362342,-72441,76015,510798,438357,Texas
12/31/09,407644,75905,394194,-2008,87347,483549,481541,Texas
3/31/10,380312,67370,390050,25318,82950,447682,473000,Texas
6/30/10,371916,75274,417247,47334,77277,447190,494524,Texas
9/30/10,371229,78217,416213,45936,79169,449446,495382,Texas
12/31/10,362167,73866,433460,84584,87157,436033,520617,Texas
3/31/11,363757,69371,415296,66934,84766,433128,500062,Texas
6/30/11,371501,71148,430606,71727,83770,442649,514376,Texas
9/30/11,374253,72095,459709,98911,85550,446348,545259,Texas
12/31/11,385533,73493,431695,61313,88644,459026,520339,Texas
3/31/12,378722,66159,451450,92707,86138,444881,537588,Texas
6/30/12,389558,70829,465138,90878,86127,460387,551265,Texas
9/30/12,397665,76074,446453,58128,85414,473739,531867,Texas
12/31/12,379755,72368,461623,100287,90787,452123,552410,Texas
3/31/13,403825,67172,454947,71887,87937,470997,542884,Texas
6/30/13,393750,76300,450281,65946,85715,470050,535996,Texas
9/30/13,410892,73967,461992,66298,89165,484859,551157,Texas
12/31/13,408199,79851,472937,76346,91459,488050,564396,Texas
3/31/14,406516,75141,467598,77923,91982,481657,559580,Texas
6/30/14,391208,80682,484837,101116,88169,471890,573006,Texas
9/30/14,416556,75525,485468,84985,91598,492081,577066,Texas
12/31/14,399103,83008,522071,137952,97992,482111,620063,Texas
3/31/15,477173,79082,459542,7417,104130,556255,563672,Texas
6/30/15,466628,80749,487139,34230,94468,547377,581607,Texas
9/30/15,466548,83315,493496,36488,92855,549863,586351,Texas
12/31/15,454742,89346,506645,57217,94660,544088,601305,Texas
3/31/16,481551,90249,436152,-36296,99352,571800,535504,Texas
6/30/16,459312,86236,461580,24101,108069,545548,569649,Texas
9/30/16,453606,87646,505110,76205,112347,541252,617457,Texas
12/31/16,451103,87623,486154,50076,102648,538726,588802,Texas
3/31/17,438476,80900,483576,61040,96840,519376,580416,Texas
6/30/17,453039,86149,488811,48882,99259,539188,588070,Texas
9/30/17,480360,99271,493496,15984,102119,579631,595615,Texas
12/31/17,434454,103002,533139,103721,108038,537456,641177,Texas
9/30/92,34750,7226,41435,9001,9542,41976,50977,Utah
12/31/92,36184,8771,41154,6387,10188,44955,51342,Utah
3/31/93,36576,8416,41178,8988,12802,44992,53980,Utah
6/30/93,34444,8683,46355,14326,11098,43127,57453,Utah
9/30/93,35287,10703,45974,12679,12695,45990,58669,Utah
12/31/93,36485,8672,45157,10491,10491,45157,55648,Utah
3/31/94,38832,8182,45234,10291,12071,47014,57305,Utah
6/30/94,36486,9602,48031,14858,12915,46088,60946,Utah
9/30/94,40062,11121,50839,13513,13857,51183,64696,Utah
12/31/94,43245,9176,47824,7207,11804,52421,59628,Utah
3/31/95,41904,10100,50503,13243,14744,52004,65247,Utah
6/30/95,43252,10668,50174,9135,12881,53920,63055,Utah
9/30/95,42143,9310,53681,18323,16095,51453,69776,Utah
12/31/95,47138,10465,52833,8856,13626,57603,66459,Utah
3/31/96,50690,8658,54965,10259,14642,59348,69607,Utah
6/30/96,47516,11603,53261,10153,16011,59119,69272,Utah
9/30/96,48868,11684,56666,12424,16310,60552,72976,Utah
12/31/96,48808,11711,53516,8205,15208,60519,68724,Utah
3/31/97,48237,12835,54563,11542,18051,61072,72614,Utah
6/30/97,51103,11500,53381,5447,14669,62603,68050,Utah
9/30/97,51514,11462,56099,8242,15119,62976,71218,Utah
12/31/97,51606,11391,53880,5071,14188,62997,68068,Utah
3/31/98,50782,13658,56261,7244,15423,64440,71684,Utah
6/30/98,51622,12346,53441,6933,17460,63968,70901,Utah
9/30/98,50879,13888,55059,7004,16712,64767,71771,Utah
12/31/98,54980,12990,56683,4139,15426,67970,72109,Utah
3/31/99,53377,14872,56656,7205,18798,68249,75454,Utah
6/30/99,50642,11937,55290,7636,14925,62579,70215,Utah
9/30/99,53882,13069,55152,5359,17158,66951,72310,Utah
12/31/99,53411,14744,57912,5396,15639,68155,73551,Utah
3/31/00,54161,14019,58369,6492,16303,68180,74672,Utah
6/30/00,51859,13342,56824,6221,14598,65201,71422,Utah
9/30/00,54671,13372,56407,5047,16683,68043,73090,Utah
12/31/00,53789,12518,57858,5944,14393,66307,72251,Utah
3/31/01,56085,14771,53450,237,17643,70856,71093,Utah
6/30/01,58720,15583,53697,-4136,16470,74303,70167,Utah
9/30/01,57947,15596,53724,-5522,14297,73543,68021,Utah
12/31/01,61983,15614,52763,-10139,14695,77597,67458,Utah
3/31/02,57984,13983,56623,-88,15256,71967,71879,Utah
6/30/02,55874,14564,53092,-1507,15839,70438,68931,Utah
9/30/02,52612,16159,51017,-1334,16420,68771,67437,Utah
12/31/02,52127,12843,51313,2371,16028,64970,67341,Utah
3/31/03,55903,14489,49392,-5562,15438,70392,64830,Utah
6/30/03,49744,13435,51113,2835,14901,63179,66014,Utah
9/30/03,49608,12350,51121,4593,15430,61958,66551,Utah
12/31/03,47591,12754,55935,10296,14706,60345,70641,Utah
3/31/04,51421,13364,55229,6572,16128,64785,71357,Utah
6/30/04,48315,14984,57613,9851,15537,63299,73150,Utah
9/30/04,53081,12213,54622,5573,16245,65294,70867,Utah
12/31/04,49053,13361,57263,10546,15697,62414,72960,Utah
3/31/05,50233,12947,58466,11460,16174,63180,74640,Utah
6/30/05,50625,17171,57702,5197,15291,67796,72993,Utah
9/30/05,49096,12157,62467,18016,16802,61253,79269,Utah
12/31/05,54360,11115,59879,10043,15639,65475,75518,Utah
3/31/06,52086,13325,65814,19487,19084,65411,84898,Utah
6/30/06,51559,13283,61480,12737,16099,64842,77579,Utah
9/30/06,55494,12925,62286,9647,15780,68419,78066,Utah
12/31/06,52825,12151,64088,15546,16434,64976,80522,Utah
3/31/07,52101,12344,66827,18463,16081,64445,82908,Utah
6/30/07,57179,13715,61852,5945,14987,70894,76839,Utah
9/30/07,60468,16130,60556,-2315,13727,76598,74283,Utah
12/31/07,61898,14111,66231,6108,15886,76009,82117,Utah
3/31/08,59774,14188,59611,-660,13691,73962,73302,Utah
6/30/08,62898,15374,55909,-8185,14178,78272,70087,Utah
9/30/08,61442,13162,53803,-5897,14904,74604,68707,Utah
12/31/08,69543,15479,51003,-19705,14314,85022,65317,Utah
3/31/09,70954,15653,45077,-29317,12213,86607,57290,Utah
6/30/09,66811,15227,49109,-19520,13409,82038,62518,Utah
9/30/09,57202,14334,49194,-8353,13989,71536,63183,Utah
12/31/09,53990,14328,51841,-2433,14044,68318,65885,Utah
3/31/10,52509,13664,52197,-1647,12329,66173,64526,Utah
6/30/10,48835,12639,52348,4468,13594,61474,65942,Utah
9/30/10,50957,13766,51981,1900,14642,64723,66623,Utah
12/31/10,50414,13539,53651,5970,16272,63953,69923,Utah
3/31/11,48573,13540,52036,2839,12916,62113,64952,Utah
6/30/11,49998,11944,55248,7314,14008,61942,69256,Utah
9/30/11,47941,11027,56920,11339,13387,58968,70307,Utah
12/31/11,48891,12732,54426,6920,14117,61623,68543,Utah
3/31/12,47040,12201,55268,9521,13494,59241,68762,Utah
6/30/12,49059,10821,58212,12543,14211,59880,72423,Utah
9/30/12,50849,11443,55212,6624,13704,62292,68916,Utah
12/31/12,50751,11287,59331,12833,15540,62038,74871,Utah
3/31/13,53736,11399,60903,7763,11995,65135,72898,Utah
6/30/13,56891,10292,59397,5992,13778,67183,73175,Utah
9/30/13,56007,10153,57916,5321,13565,66160,71481,Utah
12/31/13,51576,12495,64085,13597,13583,64071,77668,Utah
3/31/14,53361,10990,57561,5306,12096,64351,69657,Utah
6/30/14,58698,12396,60702,4924,15316,71094,76018,Utah
9/30/14,53038,11818,63654,11760,12962,64856,76616,Utah
12/31/14,52588,11104,63088,14144,14748,63692,77836,Utah
3/31/15,55628,10952,68366,15193,13407,66580,81773,Utah
6/30/15,56975,12131,63459,8335,13982,69106,77441,Utah
9/30/15,54677,13240,64484,10656,14089,67917,78573,Utah
12/31/15,54825,13378,66301,13597,15499,68203,81800,Utah
3/31/16,57265,11706,69730,15269,14510,68971,84240,Utah
6/30/16,61493,12978,65715,4589,13345,74471,79060,Utah
9/30/16,61802,15992,69215,8666,17245,77794,86460,Utah
12/31/16,61349,14614,64232,3296,15027,75963,79259,Utah
3/31/17,60207,12160,74614,19279,17032,72367,91646,Utah
6/30/17,60693,13311,66671,7423,14756,74004,81427,Utah
9/30/17,62718,13185,66526,6716,16093,75903,82619,Utah
12/31/17,57559,12949,67523,14182,17167,70508,84690,Utah
9/30/92,11767,3674,16443,5677,4675,15441,21118,Vermont
12/31/92,14670,2931,12505,-1330,3766,17601,16271,Vermont
3/31/93,13537,3327,15060,2525,4329,16864,19389,Vermont
6/30/93,14648,2708,14468,936,3824,17356,18292,Vermont
9/30/93,12356,3068,17264,5786,3946,15424,21210,Vermont
12/31/93,15144,2991,13495,-1731,2909,18135,16404,Vermont
3/31/94,13183,3208,16800,4370,3961,16391,20761,Vermont
6/30/94,15126,3725,14740,-394,3717,18851,18457,Vermont
9/30/94,13062,2873,17160,4717,3492,15935,20652,Vermont
12/31/94,15158,3041,14251,-40,3908,18199,18159,Vermont
3/31/95,14206,3148,18588,4695,3461,17354,22049,Vermont
6/30/95,17163,3178,14991,-1635,3715,20341,18706,Vermont
9/30/95,13755,3352,17502,4279,3884,17107,21386,Vermont
12/31/95,16116,3077,13679,-1635,3879,19193,17558,Vermont
3/31/96,14800,3174,16397,2128,3705,17974,20102,Vermont
6/30/96,15080,2852,15321,997,3608,17932,18929,Vermont
9/30/96,14898,3023,17543,2803,3181,17921,20724,Vermont
12/31/96,16653,3057,14161,-1902,3647,19710,17808,Vermont
3/31/97,15655,3258,15931,1120,4102,18913,20033,Vermont
6/30/97,14632,3073,15713,1630,3622,17705,19335,Vermont
9/30/97,15737,3148,17793,2529,3621,18885,21414,Vermont
12/31/97,15740,2892,15309,-87,3236,18632,18545,Vermont
3/31/98,14297,3550,16947,3204,4104,17847,21051,Vermont
6/30/98,15104,3248,16082,1030,3300,18352,19382,Vermont
9/30/98,14750,2950,17107,2145,2738,17700,19845,Vermont
12/31/98,15644,3184,15095,-1126,2607,18828,17702,Vermont
3/31/99,15336,2869,18634,5276,4847,18205,23481,Vermont
6/30/99,16123,2667,15973,698,3515,18790,19488,Vermont
9/30/99,16206,2429,16715,1020,2940,18635,19655,Vermont
12/31/99,15362,2649,16419,2422,4014,18011,20433,Vermont
3/31/00,17280,3113,20167,3654,3880,20393,24047,Vermont
6/30/00,15860,2650,16904,1600,3206,18510,20110,Vermont
9/30/00,17054,2502,16456,168,3268,19556,19724,Vermont
12/31/00,15554,2765,17098,1939,3160,18319,20258,Vermont
3/31/01,16218,3473,17129,110,2672,19691,19801,Vermont
6/30/01,17204,3049,15511,-2191,2551,20253,18062,Vermont
9/30/01,17521,3453,15134,-2218,3622,20974,18756,Vermont
12/31/01,16528,2681,14079,-1060,4070,19209,18149,Vermont
3/31/02,16183,3272,18398,3543,4600,19455,22998,Vermont
6/30/02,16348,2609,15212,-358,3387,18957,18599,Vermont
9/30/02,17378,3235,15432,-1925,3256,20613,18688,Vermont
12/31/02,15993,3678,15299,-1165,3207,19671,18506,Vermont
3/31/03,15453,2993,15129,-96,3221,18446,18350,Vermont
6/30/03,15053,3910,15688,93,3368,18963,19056,Vermont
9/30/03,15332,2477,14822,-138,2849,17809,17671,Vermont
12/31/03,14752,3059,15481,1241,3571,17811,19052,Vermont
3/31/04,15489,3190,16699,2106,4086,18679,20785,Vermont
6/30/04,14320,3264,16630,2238,3192,17584,19822,Vermont
9/30/04,16345,2651,14903,-692,3401,18996,18304,Vermont
12/31/04,15680,5291,16311,-850,3810,20971,20121,Vermont
3/31/05,15780,3010,16050,566,3306,18790,19356,Vermont
6/30/05,15292,2851,15391,306,3058,18143,18449,Vermont
9/30/05,16306,2909,15049,-1100,3066,19215,18115,Vermont
12/31/05,14593,2725,16012,1946,3252,17318,19264,Vermont
3/31/06,15552,2747,15003,214,3510,18299,18513,Vermont
6/30/06,14878,3065,15961,1104,3086,17943,19047,Vermont
9/30/06,16436,3105,13618,-3044,2879,19541,16497,Vermont
12/31/06,14410,4084,15303,-199,2992,18494,18295,Vermont
3/31/07,15641,2792,15330,394,3497,18433,18827,Vermont
6/30/07,15546,3619,15784,-298,3083,19165,18867,Vermont
9/30/07,16093,4333,14388,-1469,4569,20426,18957,Vermont
12/31/07,15204,3359,15967,1087,3683,18563,19650,Vermont
3/31/08,15999,3294,14906,-847,3540,19293,18446,Vermont
6/30/08,15208,3185,14951,-268,3174,18393,18125,Vermont
9/30/08,15583,3778,14359,-2201,2801,19361,17160,Vermont
12/31/08,16807,3433,14744,-2642,2854,20240,17598,Vermont
3/31/09,17972,3757,12744,-5687,3298,21729,16042,Vermont
6/30/09,16481,3720,14158,-2656,3387,20201,17545,Vermont
9/30/09,13598,3866,13760,-654,3050,17464,16810,Vermont
12/31/09,14735,3285,15418,1097,3699,18020,19117,Vermont
3/31/10,14444,3206,13270,-1068,3312,17650,16582,Vermont
6/30/10,15981,2718,14624,-383,3692,18699,18316,Vermont
9/30/10,13350,3224,15972,2239,2841,16574,18813,Vermont
12/31/10,13595,3281,15539,1886,3223,16876,18762,Vermont
3/31/11,14251,2838,13481,-831,2777,17089,16258,Vermont
6/30/11,14232,3976,15309,241,3140,18208,18449,Vermont
9/30/11,13767,4818,14988,374,3971,18585,18959,Vermont
12/31/11,13487,3033,15573,3531,4478,16520,20051,Vermont
3/31/12,14344,3009,15009,831,3175,17353,18184,Vermont
6/30/12,14126,3398,14768,589,3345,17524,18113,Vermont
9/30/12,14156,2995,13599,35,3587,17151,17186,Vermont
12/31/12,14261,3387,15595,1023,3076,17648,18671,Vermont
3/31/13,14114,2891,14388,616,3233,17005,17621,Vermont
6/30/13,16078,3220,14763,-1067,3468,19298,18231,Vermont
9/30/13,14824,3362,14059,-564,3563,18186,17622,Vermont
12/31/13,13632,3067,15552,2149,3296,16699,18848,Vermont
3/31/14,14285,2849,14010,63,3187,17134,17197,Vermont
6/30/14,14177,3144,14995,1064,3390,17321,18385,Vermont
9/30/14,15262,2966,14079,-890,3259,18228,17338,Vermont
12/31/14,14128,2894,15864,1931,3089,17022,18953,Vermont
3/31/15,13979,3150,14369,586,3346,17129,17715,Vermont
6/30/15,14300,3270,15556,1034,3048,17570,18604,Vermont
9/30/15,15379,3940,13836,-1674,3809,19319,17645,Vermont
12/31/15,13317,3386,15200,1438,2941,16703,18141,Vermont
3/31/16,14617,3125,13826,-683,3233,17742,17059,Vermont
6/30/16,14723,3512,15474,544,3305,18235,18779,Vermont
9/30/16,15491,3304,14164,-441,4190,18795,18354,Vermont
12/31/16,14412,3224,14905,362,3093,17636,17998,Vermont
3/31/17,14214,3044,13464,-431,3363,17258,16827,Vermont
6/30/17,14106,3324,16603,2654,3481,17430,20084,Vermont
9/30/17,16624,3456,14007,-3014,3059,20080,17066,Vermont
12/31/17,13386,3159,15201,2106,3450,16545,18651,Vermont
9/30/92,1696,776,2419,1434,1487,2472,3906,Virgin Islands
12/31/92,1814,532,2565,1267,1048,2346,3613,Virgin Islands
3/31/93,1657,511,3171,1735,732,2168,3903,Virgin Islands
6/30/93,1859,1149,2280,1285,2013,3008,4293,Virgin Islands
9/30/93,3789,519,3241,-292,775,4308,4016,Virgin Islands
12/31/93,5375,2091,1636,-4365,1465,7466,3101,Virgin Islands
3/31/94,2774,681,1873,-919,663,3455,2536,Virgin Islands
6/30/94,2261,626,1980,-98,809,2887,2789,Virgin Islands
9/30/94,1800,624,1939,42,527,2424,2466,Virgin Islands
12/31/94,2031,476,1474,-417,616,2507,2090,Virgin Islands
3/31/95,1981,712,1564,-593,536,2693,2100,Virgin Islands
6/30/95,2166,1041,1663,-386,1158,3207,2821,Virgin Islands
9/30/95,1847,1182,1448,-386,1195,3029,2643,Virgin Islands
12/31/95,5289,1152,1750,-3507,1184,6441,2934,Virgin Islands
3/31/96,2015,1183,2482,44,760,3198,3242,Virgin Islands
6/30/96,1832,577,2417,837,829,2409,3246,Virgin Islands
9/30/96,2339,534,2224,701,1350,2873,3574,Virgin Islands
12/31/96,1992,971,2510,43,496,2963,3006,Virgin Islands
3/31/97,2472,1238,1678,-744,1288,3710,2966,Virgin Islands
6/30/97,1612,711,1698,635,1260,2323,2958,Virgin Islands
9/30/97,1847,503,1702,175,823,2350,2525,Virgin Islands
12/31/97,1781,1326,1960,-319,828,3107,2788,Virgin Islands
3/31/98,1888,1025,1868,-248,797,2913,2665,Virgin Islands
6/30/98,1637,649,1867,173,592,2286,2459,Virgin Islands
9/30/98,1633,549,1558,-28,596,2182,2154,Virgin Islands
12/31/98,1678,1036,1653,-589,472,2714,2125,Virgin Islands
3/31/99,1550,489,1801,644,882,2039,2683,Virgin Islands
6/30/99,1743,677,1583,-409,428,2420,2011,Virgin Islands
9/30/99,1519,743,1536,-292,434,2262,1970,Virgin Islands
12/31/99,1978,517,1961,-24,510,2495,2471,Virgin Islands
3/31/00,1743,1260,1711,-903,389,3003,2100,Virgin Islands
6/30/00,1409,572,2995,2835,1821,1981,4816,Virgin Islands
9/30/00,1678,691,2299,745,815,2369,3114,Virgin Islands
12/31/00,1927,485,2628,838,622,2412,3250,Virgin Islands
3/31/01,2096,225,2200,907,1028,2321,3228,Virgin Islands
6/30/01,1635,335,2448,915,437,1970,2885,Virgin Islands
9/30/01,2906,429,1655,-1206,474,3335,2129,Virgin Islands
12/31/01,2279,511,1545,-667,578,2790,2123,Virgin Islands
3/31/02,2042,439,1742,2,741,2481,2483,Virgin Islands
6/30/02,2552,570,2222,-528,372,3122,2594,Virgin Islands
9/30/02,2710,542,1976,-877,399,3252,2375,Virgin Islands
12/31/02,2241,627,2183,-118,567,2868,2750,Virgin Islands
3/31/03,2320,594,1524,-844,546,2914,2070,Virgin Islands
6/30/03,1659,341,1567,-26,407,2000,1974,Virgin Islands
9/30/03,1339,577,1673,113,356,1916,2029,Virgin Islands
12/31/03,1415,369,1542,430,672,1784,2214,Virgin Islands
3/31/04,1809,414,1570,133,786,2223,2356,Virgin Islands
6/30/04,1602,384,1638,266,614,1986,2252,Virgin Islands
9/30/04,1363,451,1913,951,852,1814,2765,Virgin Islands
12/31/04,1650,556,1859,-52,295,2206,2154,Virgin Islands
3/31/05,1787,420,1932,360,635,2207,2567,Virgin Islands
6/30/05,1767,535,1819,54,537,2302,2356,Virgin Islands
9/30/05,1511,298,2223,959,545,1809,2768,Virgin Islands
12/31/05,1939,264,1834,86,455,2203,2289,Virgin Islands
3/31/06,1456,554,1913,613,710,2010,2623,Virgin Islands
6/30/06,1817,428,1984,52,313,2245,2297,Virgin Islands
9/30/06,1814,985,1922,-336,541,2799,2463,Virgin Islands
12/31/06,1699,238,1560,441,818,1937,2378,Virgin Islands
3/31/07,2012,407,1742,-115,562,2419,2304,Virgin Islands
6/30/07,1957,421,3269,1407,516,2378,3785,Virgin Islands
9/30/07,3043,408,1728,-1054,669,3451,2397,Virgin Islands
12/31/07,1813,372,1605,-29,551,2185,2156,Virgin Islands
3/31/08,1651,534,1866,120,439,2185,2305,Virgin Islands
6/30/08,2027,448,1735,-200,540,2475,2275,Virgin Islands
9/30/08,1869,386,1662,-117,476,2255,2138,Virgin Islands
12/31/08,2012,393,1426,-456,523,2405,1949,Virgin Islands
3/31/09,2242,571,1345,-1059,409,2813,1754,Virgin Islands
6/30/09,2089,500,1312,-831,446,2589,1758,Virgin Islands
9/30/09,1734,456,1423,-218,549,2190,1972,Virgin Islands
12/31/09,1373,540,1884,417,446,1913,2330,Virgin Islands
3/31/10,1548,375,2358,821,386,1923,2744,Virgin Islands
6/30/10,2333,394,1712,-573,442,2727,2154,Virgin Islands
9/30/10,1327,473,1947,672,525,1800,2472,Virgin Islands
12/31/10,1529,303,1867,546,511,1832,2378,Virgin Islands
3/31/11,1742,331,1802,139,410,2073,2212,Virgin Islands
6/30/11,2073,455,1497,-644,387,2528,1884,Virgin Islands
9/30/11,1886,319,1476,-355,374,2205,1850,Virgin Islands
12/31/11,1545,390,1545,-56,334,1935,1879,Virgin Islands
3/31/12,1676,413,1388,-406,295,2089,1683,Virgin Islands
6/30/12,3560,492,1159,-2165,728,4052,1887,Virgin Islands
9/30/12,1708,423,1103,-605,423,2131,1526,Virgin Islands
12/31/12,1250,382,1619,347,360,1632,1979,Virgin Islands
3/31/13,1500,342,1242,-181,419,1842,1661,Virgin Islands
6/30/13,1496,370,1052,-509,305,1866,1357,Virgin Islands
9/30/13,1460,336,1308,-215,273,1796,1581,Virgin Islands
12/31/13,1313,375,1204,-204,280,1688,1484,Virgin Islands
3/31/14,1317,344,1047,-279,335,1661,1382,Virgin Islands
6/30/14,1266,448,1204,-58,452,1714,1656,Virgin Islands
9/30/14,1213,282,1408,291,378,1495,1786,Virgin Islands
12/31/14,1294,236,1297,175,408,1530,1705,Virgin Islands
3/31/15,1282,308,1180,-14,396,1590,1576,Virgin Islands
6/30/15,1289,556,1499,-75,271,1845,1770,Virgin Islands
9/30/15,1539,441,1233,-337,410,1980,1643,Virgin Islands
12/31/15,1143,302,1498,521,468,1445,1966,Virgin Islands
3/31/16,1258,319,1367,74,284,1577,1651,Virgin Islands
6/30/16,1303,283,1453,206,339,1586,1792,Virgin Islands
9/30/16,1481,375,1356,-134,366,1856,1722,Virgin Islands
12/31/16,1302,363,1289,-21,355,1665,1644,Virgin Islands
3/31/17,1236,261,1241,-34,222,1497,1463,Virgin Islands
6/30/17,1128,157,1435,422,272,1285,1707,Virgin Islands
9/30/17,1360,906,974,-1134,158,2266,1132,Virgin Islands
12/31/17,4667,1251,1369,-3863,686,5918,2055,Virgin Islands
9/30/92,127286,24397,143580,23500,31603,151683,175183,Virginia
12/31/92,135666,23917,135977,9260,32866,159583,168843,Virginia
3/31/93,139085,25534,133769,2810,33660,164619,167429,Virginia
6/30/93,124496,21154,144891,33811,34570,145650,179461,Virginia
9/30/93,128534,28109,147526,22921,32038,156643,179564,Virginia
12/31/93,142367,26809,146016,12351,35511,169176,181527,Virginia
3/31/94,147170,27968,160355,17190,31973,175138,192328,Virginia
6/30/94,143134,25172,152485,24766,40587,168306,193072,Virginia
9/30/94,140405,25148,162339,32725,35939,165553,198278,Virginia
12/31/94,148496,28917,150634,8618,35397,177413,186031,Virginia
3/31/95,148219,28319,160781,22333,38090,176538,198871,Virginia
6/30/95,145014,29812,153733,16106,37199,174826,190932,Virginia
9/30/95,143849,35580,158535,17201,38095,179429,196630,Virginia
12/31/95,158028,33568,158453,11650,44793,191596,203246,Virginia
3/31/96,147157,31857,159464,19172,38722,179014,198186,Virginia
6/30/96,160349,39135,167670,8913,40727,199484,208397,Virginia
9/30/96,155781,36560,170679,25791,47453,192341,218132,Virginia
12/31/96,150427,32554,165325,31683,49339,182981,214664,Virginia
3/31/97,164745,26471,168259,22769,45726,191216,213985,Virginia
6/30/97,157137,37966,157263,9374,47214,195103,204477,Virginia
9/30/97,149253,31925,168484,35521,48215,181178,216699,Virginia
12/31/97,155207,38649,168751,14397,39502,193856,208253,Virginia
3/31/98,164208,44566,172276,7937,44435,208774,216711,Virginia
6/30/98,161515,33081,170067,25705,50234,194596,220301,Virginia
9/30/98,154437,33686,174511,27893,41505,188123,216016,Virginia
12/31/98,158315,46410,170899,7462,41288,204725,212187,Virginia
3/31/99,167025,44503,170362,12141,53307,211528,223669,Virginia
6/30/99,163694,31444,169379,21885,47644,195138,217023,Virginia
9/30/99,162050,34979,190596,30376,36809,197029,227405,Virginia
12/31/99,156795,41345,184311,27087,40916,198140,225227,Virginia
3/31/00,163508,38044,189637,35546,47461,201552,237098,Virginia
6/30/00,169998,31529,174488,9521,36560,201527,211048,Virginia
9/30/00,155897,36727,177241,21613,36996,192624,214237,Virginia
12/31/00,164448,30951,177757,15029,32671,195399,210428,Virginia
3/31/01,174363,35724,180943,6871,36015,210087,216958,Virginia
6/30/01,179570,34258,154888,-20892,38048,213828,192936,Virginia
9/30/01,169700,34275,152673,-18426,32876,203975,185549,Virginia
12/31/01,176126,33539,151584,-27577,30504,209665,182088,Virginia
3/31/02,161941,33734,161531,3264,37408,195675,198939,Virginia
6/30/02,159973,35979,154417,-6453,35082,195952,189499,Virginia
9/30/02,157496,31114,155436,-1479,31695,188610,187131,Virginia
12/31/02,155179,29643,149237,-2165,33420,184822,182657,Virginia
3/31/03,159206,36487,149442,-11035,35216,195693,184658,Virginia
6/30/03,153350,30018,159373,7698,31693,183368,191066,Virginia
9/30/03,150890,27705,157190,11459,32864,178595,190054,Virginia
12/31/03,150724,28834,163134,18690,35114,179558,198248,Virginia
3/31/04,144682,28107,170039,30332,33082,172789,203121,Virginia
6/30/04,145146,32334,160465,18175,35190,177480,195655,Virginia
9/30/04,148091,27180,156420,12171,31022,175271,187442,Virginia
12/31/04,146093,25126,161413,23652,33458,171219,194871,Virginia
3/31/05,146584,30207,162259,18798,33330,176791,195589,Virginia
6/30/05,152299,28334,161742,12513,31404,180633,193146,Virginia
9/30/05,151773,25071,167176,28420,38088,176844,205264,Virginia
12/31/05,156259,29978,154577,4247,35907,186237,190484,Virginia
3/31/06,144099,26196,170825,30490,29960,170295,200785,Virginia
6/30/06,164851,30644,160168,-1435,33892,195495,194060,Virginia
9/30/06,162479,30162,149684,-12432,30525,192641,180209,Virginia
12/31/06,154316,28233,157068,7342,32823,182549,189891,Virginia
3/31/07,148284,30711,164979,23678,37694,178995,202673,Virginia
6/30/07,157205,31043,155193,2106,35161,188248,190354,Virginia
9/30/07,156937,30222,143700,-9526,33933,187159,177633,Virginia
12/31/07,156396,30440,155293,-4964,26579,186836,181872,Virginia
3/31/08,153919,32402,144322,6227,48226,186321,192548,Virginia
6/30/08,161650,32123,151554,-5918,36301,193773,187855,Virginia
9/30/08,161024,35850,141599,-18368,36907,196874,178506,Virginia
12/31/08,178850,34356,134888,-43077,35241,213206,170129,Virginia
3/31/09,171548,34862,122834,-55824,27752,206410,150586,Virginia
6/30/09,161268,35965,134999,-29851,32383,197233,167382,Virginia
9/30/09,149301,30353,127134,-20235,32285,179654,159419,Virginia
12/31/09,137824,29356,134489,-1251,31440,167180,165929,Virginia
3/31/10,135639,32125,126525,-12419,28820,167764,155345,Virginia
6/30/10,133917,31488,149662,21324,37067,165405,186729,Virginia
9/30/10,141623,32619,142220,1958,33980,174242,176200,Virginia
12/31/10,134486,31101,140587,10360,35360,165587,175947,Virginia
3/31/11,127750,29664,137068,9124,29470,157414,166538,Virginia
6/30/11,135006,30687,139567,7430,33556,165693,173123,Virginia
9/30/11,134309,24762,140241,14377,33207,159071,173448,Virginia
12/31/11,139764,34037,141370,2255,34686,173801,176056,Virginia
3/31/12,131440,28755,146029,16465,30631,160195,176660,Virginia
6/30/12,141021,27716,140447,225,28515,168737,168962,Virginia
9/30/12,142837,34831,146836,8722,39554,177668,186390,Virginia
12/31/12,133585,31930,140545,11593,36563,165515,177108,Virginia
3/31/13,132875,27899,139268,7494,29000,160774,168268,Virginia
6/30/13,135582,29369,140400,-200,24351,164951,164751,Virginia
9/30/13,140663,31908,143995,1193,29769,172571,173764,Virginia
12/31/13,135490,30535,139441,3401,29985,166025,169426,Virginia
3/31/14,136181,27134,130202,-3328,29785,163315,159987,Virginia
6/30/14,134907,31364,151347,18394,33318,166271,184665,Virginia
9/30/14,142880,30813,139913,-5966,27814,173693,167727,Virginia
12/31/14,133331,29878,148317,7530,22422,163209,170739,Virginia
3/31/15,138735,30067,135374,12777,46205,168802,181579,Virginia
6/30/15,132503,30014,158727,32760,36550,162517,195277,Virginia
9/30/15,146861,31323,150517,35294,62961,178184,213478,Virginia
12/31/15,140896,31427,158541,23477,37259,172323,195800,Virginia
3/31/16,147502,37456,148298,-1781,34879,184958,183177,Virginia
6/30/16,150198,38057,155822,9391,41824,188255,197646,Virginia
9/30/16,148269,41276,158207,2527,33865,189545,192072,Virginia
12/31/16,144525,35924,155756,13876,38569,180449,194325,Virginia
3/31/17,138974,33753,151347,14269,35649,172727,186996,Virginia
6/30/17,148643,35232,157026,12153,39002,183875,196028,Virginia
9/30/17,154402,39203,147369,-11164,35072,193605,182441,Virginia
12/31/17,136681,34159,156883,25350,39307,170840,196190,Virginia
9/30/92,145689,35922,143858,1924,39677,181611,183535,Washington
12/31/92,137259,34693,131071,-7381,33500,171952,164571,Washington
3/31/93,133694,35563,139278,9517,39496,169257,178774,Washington
6/30/93,135182,29698,146310,16982,35552,164880,181862,Washington
9/30/93,142109,29925,142756,5630,34908,172034,177664,Washington
12/31/93,132345,33106,146130,17491,36812,165451,182942,Washington
3/31/94,138534,33757,138874,2098,35515,172291,174389,Washington
6/30/94,135108,29245,151378,28158,41133,164353,192511,Washington
9/30/94,142456,36275,155656,17019,40094,178731,195750,Washington
12/31/94,146197,39414,149126,357,36842,185611,185968,Washington
3/31/95,144007,37510,153862,15498,43153,181517,197015,Washington
6/30/95,160795,37789,146053,-4156,48375,198584,194428,Washington
9/30/95,150689,32373,149614,14264,47712,183062,197326,Washington
12/31/95,142453,41822,150511,2454,36218,184275,186729,Washington
3/31/96,143881,36437,148080,4548,36786,180318,184866,Washington
6/30/96,146167,35534,144613,9730,46818,181701,191431,Washington
9/30/96,131889,35211,158451,33501,42150,167100,200601,Washington
12/31/96,135414,38994,170205,39328,43531,174408,213736,Washington
3/31/97,143082,43710,175829,29415,40378,186792,216207,Washington
6/30/97,151315,37723,157155,21689,53572,189038,210727,Washington
9/30/97,148348,40091,153968,8242,42713,188439,196681,Washington
12/31/97,134345,37679,168478,43535,47081,172024,215559,Washington
3/31/98,149403,46707,155731,6132,46511,196110,202242,Washington
6/30/98,143064,40828,158998,21493,46387,183892,205385,Washington
9/30/98,152879,42934,162375,8117,41555,195813,203930,Washington
12/31/98,150005,46214,175031,24383,45571,196219,220602,Washington
3/31/99,164002,55077,175803,5875,49151,219079,224954,Washington
6/30/99,171581,52187,156125,-20873,46770,223768,202895,Washington
9/30/99,155813,48729,175429,25029,54142,204542,229571,Washington
12/31/99,150015,46371,178542,34122,51966,196386,230508,Washington
3/31/00,156981,50601,172739,17472,52315,207582,225054,Washington
6/30/00,164643,47077,162236,5954,55438,211720,217674,Washington
9/30/00,156626,60231,169855,467,47469,216857,217324,Washington
12/31/00,147593,52430,166043,12300,46280,200023,212323,Washington
3/31/01,168652,59551,159908,-19762,48533,228203,208441,Washington
6/30/01,178061,47651,143131,-34443,48138,225712,191269,Washington
9/30/01,162551,48886,142515,-25275,43647,211437,186162,Washington
12/31/01,164576,46995,135524,-30521,45526,211571,181050,Washington
3/31/02,158307,47933,145283,-17559,43398,206240,188681,Washington
6/30/02,156031,37401,142840,-4833,45759,193432,188599,Washington
9/30/02,141598,37780,149616,11434,41196,179378,190812,Washington
12/31/02,140315,42323,140548,-5147,36943,182638,177491,Washington
3/31/03,150984,37720,142130,2475,49049,188704,191179,Washington
6/30/03,144843,35799,137443,-1211,41988,180642,179431,Washington
9/30/03,134440,36523,147240,12542,36265,170963,183505,Washington
12/31/03,134750,38249,147088,7570,33481,172999,180569,Washington
3/31/04,136149,37947,151744,12216,34568,174096,186312,Washington
6/30/04,136284,36808,157448,17321,32965,173092,190413,Washington
9/30/04,142909,32461,142909,-925,31536,175370,174445,Washington
12/31/04,130542,29620,153509,25079,31732,160162,185241,Washington
3/31/05,135151,35320,154122,14791,31140,170471,185262,Washington
6/30/05,134409,30824,153126,20306,32413,165233,185539,Washington
9/30/05,156002,32424,155970,-33,32423,188426,188393,Washington
12/31/05,134276,30437,175936,43902,32679,164713,208615,Washington
3/31/06,135480,29328,153013,18387,30182,164808,183195,Washington
6/30/06,138358,29580,160370,24848,32416,167938,192786,Washington
9/30/06,143724,32888,149854,4863,31621,176612,181475,Washington
12/31/06,140920,30137,150920,11311,31448,171057,182368,Washington
3/31/07,130367,30308,166760,39056,32971,160675,199731,Washington
6/30/07,142449,30836,158097,14155,29343,173285,187440,Washington
9/30/07,149578,31869,144125,-8298,29024,181447,173149,Washington
12/31/07,139557,29503,150962,15329,33427,169060,184389,Washington
3/31/08,143398,30190,157717,20679,36550,173588,194267,Washington
6/30/08,159818,38407,142254,-29619,26352,198225,168606,Washington
9/30/08,144856,29219,147094,3325,30306,174075,177400,Washington
12/31/08,175551,41009,133855,-54675,28030,216560,161885,Washington
3/31/09,176324,32886,127502,-46654,35054,209210,162556,Washington
6/30/09,159930,29171,130994,-27897,30210,189101,161204,Washington
9/30/09,146782,29456,135486,-12473,28279,176238,163765,Washington
12/31/09,147095,29481,123869,-23406,29301,176576,153170,Washington
3/31/10,132545,28396,134731,1228,27438,160941,162169,Washington
6/30/10,125210,25358,135700,9905,24773,150568,160473,Washington
9/30/10,123892,28289,138931,14131,27381,152181,166312,Washington
12/31/10,131303,28747,139453,9230,29827,160050,169280,Washington
3/31/11,125230,25785,132768,7470,25717,151015,158485,Washington
6/30/11,123321,30105,132330,5437,26533,153426,158863,Washington
9/30/11,113594,24306,148989,39568,28479,137900,177468,Washington
12/31/11,133987,32783,139589,151,27332,166770,166921,Washington
3/31/12,130656,22084,136632,10007,26115,152740,162747,Washington
6/30/12,120920,32435,148565,20868,25658,153355,174223,Washington
9/30/12,128522,27376,142109,11145,24934,155898,167043,Washington
12/31/12,130539,26975,141864,13037,28687,157514,170551,Washington
3/31/13,127262,28768,142768,13434,26696,156030,169464,Washington
6/30/13,123132,26498,149733,26994,26891,149630,176624,Washington
9/30/13,130090,28677,143121,13792,29438,158767,172559,Washington
12/31/13,133473,23215,142568,15786,29906,156688,172474,Washington
3/31/14,131154,20510,140630,18582,29616,151664,170246,Washington
6/30/14,123483,38863,158902,22327,25771,162346,184673,Washington
9/30/14,135885,20818,147928,22874,31649,156703,179577,Washington
12/31/14,137227,19289,152558,19522,23480,156516,176038,Washington
3/31/15,131301,33983,155794,10260,19750,165284,175544,Washington
6/30/15,133899,23397,164694,31498,24100,157296,188794,Washington
9/30/15,151588,24184,151205,-1372,23195,175772,174400,Washington
12/31/15,139842,20268,152692,17282,24700,160110,177392,Washington
3/31/16,133199,26699,161096,27958,26760,159898,187856,Washington
6/30/16,139978,18646,166719,33780,25685,158624,192404,Washington
9/30/16,151042,24803,154848,1836,22833,175845,177681,Washington
12/31/16,145123,34136,161109,12523,30673,179259,191782,Washington
3/31/17,133415,19568,166175,32536,19344,152983,185519,Washington
6/30/17,147589,19796,164007,25701,29079,167385,193086,Washington
9/30/17,152707,18148,148975,1624,23504,170855,172479,Washington
12/31/17,146999,13100,161603,28188,26684,160099,188287,Washington
9/30/92,27011,7607,30070,4591,9139,34618,39209,West Virginia
12/31/92,28774,6300,26911,845,9008,35074,35919,West Virginia
3/31/93,28689,7672,28372,1693,9682,36361,38054,West Virginia
6/30/93,31289,7672,33696,2782,8047,38961,41743,West Virginia
9/30/93,30478,6558,33431,5654,9259,37036,42690,West Virginia
12/31/93,30558,6571,35977,6568,7720,37129,43697,West Virginia
3/31/94,29564,8018,30483,877,7976,37582,38459,West Virginia
6/30/94,28178,5838,33192,7818,8642,34016,41834,West Virginia
9/30/94,28572,8135,33882,6672,9497,36707,43379,West Virginia
12/31/94,31729,7147,30168,-1842,6866,38876,37034,West Virginia
3/31/95,32897,7583,31677,366,9169,40480,40846,West Virginia
6/30/95,30401,6556,31565,4938,10330,36957,41895,West Virginia
9/30/95,30192,6925,33942,5098,8273,37117,42215,West Virginia
12/31/95,33303,7950,30416,-2212,8625,41253,39041,West Virginia
3/31/96,32516,9034,32650,-1453,7447,41550,40097,West Virginia
6/30/96,31046,6588,33933,6351,10052,37634,43985,West Virginia
9/30/96,31024,7385,32622,3799,9586,38409,42208,West Virginia
12/31/96,35761,7798,31207,-2621,9731,43559,40938,West Virginia
3/31/97,31380,6807,31449,897,7635,38187,39084,West Virginia
6/30/97,29176,7300,32273,3224,7427,36476,39700,West Virginia
9/30/97,31990,6638,32082,3447,9993,38628,42075,West Virginia
12/31/97,32577,7445,33184,2111,8949,40022,42133,West Virginia
3/31/98,32291,8067,31962,-539,7857,40358,39819,West Virginia
6/30/98,29797,6803,33775,6506,9331,36600,43106,West Virginia
9/30/98,34663,7384,32814,-1253,7980,42047,40794,West Virginia
12/31/98,34017,7701,34112,1675,9281,41718,43393,West Virginia
3/31/99,34987,8293,32360,-3203,7717,43280,40077,West Virginia
6/30/99,32076,7921,33341,2487,9143,39997,42484,West Virginia
9/30/99,32721,9193,33928,-275,7711,41914,41639,West Virginia
12/31/99,33407,7773,34799,1920,8301,41180,43100,West Virginia
3/31/00,31768,7823,36147,5229,8673,39591,44820,West Virginia
6/30/00,33846,7212,32686,-980,7392,41058,40078,West Virginia
9/30/00,33869,8175,35084,-501,6459,42044,41543,West Virginia
12/31/00,32982,6488,32974,613,7109,39470,40083,West Virginia
3/31/01,32322,6579,34078,2203,7026,38901,41104,West Virginia
6/30/01,33945,7217,33062,-1319,6781,41162,39843,West Virginia
9/30/01,33808,8220,31567,-4200,6261,42028,37828,West Virginia
12/31/01,31930,6919,31828,659,7680,38849,39508,West Virginia
3/31/02,32033,7452,33365,1386,7506,39485,40871,West Virginia
6/30/02,33881,6863,30913,-3657,6174,40744,37087,West Virginia
9/30/02,32212,6029,32497,574,6318,38241,38815,West Virginia
12/31/02,32737,7355,30674,-3175,6243,40092,36917,West Virginia
3/31/03,31863,6312,29120,-2226,6829,38175,35949,West Virginia
6/30/03,30716,6714,30613,829,7646,37430,38259,West Virginia
9/30/03,31912,6664,30726,-952,6898,38576,37624,West Virginia
12/31/03,30717,5810,31741,2583,7369,36527,39110,West Virginia
3/31/04,29893,5975,33551,5008,7325,35868,40876,West Virginia
6/30/04,31974,5912,31640,268,6514,37886,38154,West Virginia
9/30/04,30211,6627,31705,1542,6675,36838,38380,West Virginia
12/31/04,30050,6180,32842,3989,7377,36230,40219,West Virginia
3/31/05,30894,6951,33318,2581,7108,37845,40426,West Virginia
6/30/05,30604,6737,31759,1228,6810,37341,38569,West Virginia
9/30/05,30872,5910,31975,2193,7000,36782,38975,West Virginia
12/31/05,31131,5949,32903,3160,7337,37080,40240,West Virginia
3/31/06,28732,7557,35787,7636,8138,36289,43925,West Virginia
6/30/06,33534,5570,31727,-703,6674,39104,38401,West Virginia
9/30/06,34237,6388,30657,-2585,7383,40625,38040,West Virginia
12/31/06,30830,6353,33091,3152,7244,37183,40335,West Virginia
3/31/07,32615,6273,33053,1209,7044,38888,40097,West Virginia
6/30/07,31801,6050,31597,-189,6065,37851,37662,West Virginia
9/30/07,32917,6210,29853,-2151,7123,39127,36976,West Virginia
12/31/07,29680,6633,33907,3967,6373,36313,40280,West Virginia
3/31/08,32492,5749,31022,-163,7056,38241,38078,West Virginia
6/30/08,30981,6742,29753,-2231,5739,37723,35492,West Virginia
9/30/08,30318,6418,32370,2060,6426,36736,38796,West Virginia
12/31/08,34428,6288,33139,-1046,6531,40716,39670,West Virginia
3/31/09,37398,6842,27534,-10174,6532,44240,34066,West Virginia
6/30/09,37279,6699,27684,-10817,5477,43978,33161,West Virginia
9/30/09,31965,5613,27694,-4060,5824,37578,33518,West Virginia
12/31/09,28520,6341,32330,3200,5731,34861,38061,West Virginia
3/31/10,30256,5393,27841,-1882,5926,35649,33767,West Virginia
6/30/10,28694,7884,31641,759,5696,36578,37337,West Virginia
9/30/10,28494,5305,30685,2729,5843,33799,36528,West Virginia
12/31/10,28799,6223,29352,-218,5452,35022,34804,West Virginia
3/31/11,27595,5193,29628,3112,6272,32788,35900,West Virginia
6/30/11,27265,5794,29320,2700,6439,33059,35759,West Virginia
9/30/11,27658,6275,30526,3833,7240,33933,37766,West Virginia
12/31/11,27471,5637,30789,4858,7177,33108,37966,West Virginia
3/31/12,29930,5060,34433,5786,6343,34990,40776,West Virginia
6/30/12,33527,6591,29744,-4077,6297,40118,36041,West Virginia
9/30/12,32466,6090,30576,-2024,5956,38556,36532,West Virginia
12/31/12,31217,5643,29621,-1011,6228,36860,35849,West Virginia
3/31/13,29400,5513,30375,1599,6137,34913,36512,West Virginia
6/30/13,31312,6096,28764,-2680,5964,37408,34728,West Virginia
9/30/13,29740,5900,28632,-1758,5250,35640,33882,West Virginia
12/31/13,30306,5817,30575,54,5602,36123,36177,West Virginia
3/31/14,31215,6370,29545,-1441,6599,37585,36144,West Virginia
6/30/14,29747,6338,30479,1295,6901,36085,37380,West Virginia
9/30/14,29387,7483,28825,-2120,5925,36870,34750,West Virginia
12/31/14,29026,5242,30857,2869,6280,34268,37137,West Virginia
3/31/15,32522,5818,27089,-4461,6790,38340,33879,West Virginia
6/30/15,31769,5497,30228,-1595,5443,37266,35671,West Virginia
9/30/15,31336,6272,27220,-5137,5251,37608,32471,West Virginia
12/31/15,29046,6325,30238,914,6047,35371,36285,West Virginia
3/31/16,32745,5340,26854,-5751,5480,38085,32334,West Virginia
6/30/16,31150,6467,25761,-6044,5812,37617,31573,West Virginia
9/30/16,28463,6423,28765,339,6460,34886,35225,West Virginia
12/31/16,27917,5970,27487,890,7290,33887,34777,West Virginia
3/31/17,28359,6331,28188,-625,5877,34690,34065,West Virginia
6/30/17,28359,7032,27404,-256,7731,35391,35135,West Virginia
9/30/17,28460,7338,30954,1945,6789,35798,37743,West Virginia
12/31/17,27331,5820,27838,1096,6409,33151,34247,West Virginia
9/30/92,103638,26161,122822,17316,24293,129799,147115,Wisconsin
12/31/92,107022,24600,112162,14543,34003,131622,146165,Wisconsin
3/31/93,104671,25792,113534,15401,32330,130463,145864,Wisconsin
6/30/93,106019,22639,108885,3740,23513,128658,132398,Wisconsin
9/30/93,99921,23344,122859,26234,26640,123265,149499,Wisconsin
12/31/93,107397,21495,118093,15727,26526,128892,144619,Wisconsin
3/31/94,110432,23138,116295,20727,38002,133570,154297,Wisconsin
6/30/94,109273,23679,116035,13740,30657,132952,146692,Wisconsin
9/30/94,102429,23235,133323,37951,30292,125664,163615,Wisconsin
12/31/94,111929,21429,121704,14537,26191,133358,147895,Wisconsin
3/31/95,114992,24740,126001,22550,36281,139732,162282,Wisconsin
6/30/95,124318,27808,116411,-3123,32592,152126,149003,Wisconsin
9/30/95,112895,25187,130911,18393,25564,138082,156475,Wisconsin
12/31/95,121132,23560,116646,-1118,26928,144692,143574,Wisconsin
3/31/96,119462,27010,127528,18159,37103,146472,164631,Wisconsin
6/30/96,123808,23656,115936,-409,31119,147464,147055,Wisconsin
9/30/96,114524,23270,122899,17690,32585,137794,155484,Wisconsin
12/31/96,118503,23174,126963,18592,33306,141677,160269,Wisconsin
3/31/97,126486,25382,120087,122,31903,151868,151990,Wisconsin
6/30/97,118193,23388,123438,16510,34653,141581,158091,Wisconsin
9/30/97,121246,25075,129151,13312,30482,146321,159633,Wisconsin
12/31/97,117092,26777,132032,29252,41089,143869,173121,Wisconsin
3/31/98,121064,27711,125253,2388,25910,148775,151163,Wisconsin
6/30/98,120370,24196,124361,10254,30459,144566,154820,Wisconsin
9/30/98,124190,26037,126190,10201,34238,150227,160428,Wisconsin
12/31/98,117621,22730,134309,25766,31808,140351,166117,Wisconsin
3/31/99,130489,29689,135078,8882,33982,160178,169060,Wisconsin
6/30/99,124105,22068,129222,17253,34204,146173,163426,Wisconsin
9/30/99,125350,25384,132415,8191,26510,150734,158925,Wisconsin
12/31/99,124086,22396,139904,19434,26012,146482,165916,Wisconsin
3/31/00,124151,21748,142357,21750,25292,145899,167649,Wisconsin
6/30/00,136613,25855,127543,-8548,26377,162468,153920,Wisconsin
9/30/00,130395,24777,131294,426,24304,155172,155598,Wisconsin
12/31/00,133960,23994,126682,-8839,22433,157954,149115,Wisconsin
3/31/01,131557,32576,132649,-4550,26934,164133,159583,Wisconsin
6/30/01,148269,28058,122134,-28580,25613,176327,147747,Wisconsin
9/30/01,133044,25584,116131,-14990,27507,158628,143638,Wisconsin
12/31/01,133954,24006,114048,-19504,24408,157960,138456,Wisconsin
3/31/02,128872,24954,126568,3719,30977,153826,157545,Wisconsin
6/30/02,125783,29491,125428,-3084,26762,155274,152190,Wisconsin
9/30/02,123954,21131,118503,-522,26060,145085,144563,Wisconsin
12/31/02,121370,23085,120761,523,24217,144455,144978,Wisconsin
3/31/03,125811,23611,114956,-10672,23794,149422,138750,Wisconsin
6/30/03,120097,20124,118888,3114,24447,140221,143335,Wisconsin
9/30/03,116634,22272,120056,6742,25592,138906,145648,Wisconsin
12/31/03,119133,19265,119002,5868,25264,138398,144266,Wisconsin
3/31/04,115027,23182,116868,2087,23428,138209,140296,Wisconsin
6/30/04,115031,23028,123513,11054,25600,138059,149113,Wisconsin
9/30/04,112459,23806,122515,12077,25827,136265,148342,Wisconsin
12/31/04,113758,20007,119609,13014,27170,133765,146779,Wisconsin
3/31/05,112776,20369,113351,3253,23047,133145,136398,Wisconsin
6/30/05,121466,25125,120136,-3562,22893,146591,143029,Wisconsin
9/30/05,114033,21314,123545,15492,27294,135347,150839,Wisconsin
12/31/05,120521,22850,118086,-254,25031,143371,143117,Wisconsin
3/31/06,114552,21834,121698,10143,24831,136386,146529,Wisconsin
6/30/06,118062,27132,124081,3661,24774,145194,148855,Wisconsin
9/30/06,119788,24713,114145,-597,29759,144501,143904,Wisconsin
12/31/06,119726,21731,120305,4498,25650,141457,145955,Wisconsin
3/31/07,119542,24022,124765,5820,24619,143564,149384,Wisconsin
6/30/07,114483,22328,122917,8657,22551,136811,145468,Wisconsin
9/30/07,121525,21958,107582,-13111,22790,143483,130372,Wisconsin
12/31/07,112299,21960,117042,5407,22624,134259,139666,Wisconsin
3/31/08,115029,23410,111996,-3163,23280,138439,135276,Wisconsin
6/30/08,125037,23164,114175,-9154,24872,148201,139047,Wisconsin
9/30/08,126791,22249,107427,-17357,24256,149040,131683,Wisconsin
12/31/08,136682,25230,108191,-31984,21737,161912,129928,Wisconsin
3/31/09,156093,23173,91923,-66433,20910,179266,112833,Wisconsin
6/30/09,138850,22492,101291,-38486,21565,161342,122856,Wisconsin
9/30/09,114741,24589,101844,-16721,20765,139330,122609,Wisconsin
12/31/09,114055,23442,105851,-7220,24426,137497,130277,Wisconsin
3/31/10,110872,19701,108108,-1594,20871,130573,128979,Wisconsin
6/30/10,100878,18963,112160,13980,21661,119841,133821,Wisconsin
9/30/10,100540,21733,112332,11049,20990,122273,133322,Wisconsin
12/31/10,105811,21994,115176,10753,23382,127805,138558,Wisconsin
3/31/11,105237,19718,106696,3762,22021,124955,128717,Wisconsin
6/30/11,102525,18775,111646,11827,21481,121300,133127,Wisconsin
9/30/11,101276,19311,112744,14944,22787,120587,135531,Wisconsin
12/31/11,107634,22416,105764,-3478,20808,130050,126572,Wisconsin
3/31/12,101395,18106,111799,16695,24397,119501,136196,Wisconsin
6/30/12,102006,18199,110641,12582,22146,120205,132787,Wisconsin
9/30/12,107762,18553,104631,6,21690,126315,126321,Wisconsin
12/31/12,102371,19722,110564,9921,21450,122093,132014,Wisconsin
3/31/13,102773,19124,107025,5267,20139,121897,127164,Wisconsin
6/30/13,103895,19240,112331,12026,22830,123135,135161,Wisconsin
9/30/13,109403,16387,108185,4605,22210,125790,130395,Wisconsin
12/31/13,103249,19111,114001,9434,17793,122360,131794,Wisconsin
3/31/14,105075,17651,105343,1601,18984,122726,124327,Wisconsin
6/30/14,101806,17406,117046,19469,21635,119212,138681,Wisconsin
9/30/14,112483,19363,111970,-1739,18137,131846,130107,Wisconsin
12/31/14,102333,20870,116203,13641,20641,123203,136844,Wisconsin
3/31/15,107220,16394,111272,7952,20294,123614,131566,Wisconsin
6/30/15,108381,17025,115753,11789,21442,125406,137195,Wisconsin
9/30/15,115923,18614,112241,-749,21547,134537,133788,Wisconsin
12/31/15,105540,20354,117570,19646,27970,125894,145540,Wisconsin
3/31/16,110526,16983,117430,9993,20072,127509,137502,Wisconsin
6/30/16,119877,19371,117041,-972,21235,139248,138276,Wisconsin
9/30/16,116020,18820,111232,-854,22754,134840,133986,Wisconsin
12/31/16,110880,20410,113086,2762,20966,131290,134052,Wisconsin
3/31/17,102156,14677,122029,27098,21902,116833,143931,Wisconsin
6/30/17,119659,16775,119234,3246,20446,136434,139680,Wisconsin
9/30/17,122216,18091,105186,-17915,17206,140307,122392,Wisconsin
12/31/17,102966,18603,117279,15013,19303,121569,136582,Wisconsin
9/30/92,12987,3442,12987,1266,4708,16429,17695,Wyoming
12/31/92,12847,4383,12018,-1070,4142,17230,16160,Wyoming
3/31/93,13057,3015,11028,-863,4181,16072,15209,Wyoming
6/30/93,10273,2383,14102,5645,4199,12656,18301,Wyoming
9/30/93,13204,3253,14245,2169,4381,16457,18626,Wyoming
12/31/93,13805,3022,12866,-820,3141,16827,16007,Wyoming
3/31/94,13346,3026,12118,218,4472,16372,16590,Wyoming
6/30/94,11659,3381,14205,3976,4811,15040,19016,Wyoming
9/30/94,13645,2926,15182,1770,3159,16571,18341,Wyoming
12/31/94,14223,3751,12659,-1681,3634,17974,16293,Wyoming
3/31/95,14362,2580,13363,-266,3313,16942,16676,Wyoming
6/30/95,12289,3206,14098,2844,4241,15495,18339,Wyoming
9/30/95,13510,3169,14422,1205,3462,16679,17884,Wyoming
12/31/95,14954,3434,12046,-2801,3541,18388,15587,Wyoming
3/31/96,14594,2837,12389,-1457,3585,17431,15974,Wyoming
6/30/96,12223,3206,13961,2709,4177,15429,18138,Wyoming
9/30/96,14020,3098,14179,2032,4971,17118,19150,Wyoming
12/31/96,14515,3527,13044,-1211,3787,18042,16831,Wyoming
3/31/97,14129,2876,13661,169,3513,17005,17174,Wyoming
6/30/97,12310,2837,14245,3063,3965,15147,18210,Wyoming
9/30/97,13706,3318,14498,1279,3805,17024,18303,Wyoming
12/31/97,14499,3410,13427,-165,4317,17909,17744,Wyoming
3/31/98,14379,3907,13187,-607,4492,18286,17679,Wyoming
6/30/98,12641,3568,15174,2928,3963,16209,19137,Wyoming
9/30/98,14445,3053,13470,-792,3236,17498,16706,Wyoming
12/31/98,13770,3157,13995,330,3262,16927,17257,Wyoming
3/31/99,13713,3175,15219,2304,3973,16888,19192,Wyoming
6/30/99,13366,3822,14790,1326,3724,17188,18514,Wyoming
9/30/99,14297,3035,15127,1308,3513,17332,18640,Wyoming
12/31/99,14439,2907,14959,1610,3997,17346,18956,Wyoming
3/31/00,14017,3229,16780,2958,3424,17246,20204,Wyoming
6/30/00,14441,3399,14634,224,3430,17840,18064,Wyoming
9/30/00,15924,3037,15189,-364,3408,18961,18597,Wyoming
12/31/00,14538,2989,15509,1680,3698,17527,19207,Wyoming
3/31/01,13629,3718,17553,4482,4276,17347,21829,Wyoming
6/30/01,14826,3237,15639,1296,3720,18063,19359,Wyoming
9/30/01,15846,3395,14260,-1159,3822,19241,18082,Wyoming
12/31/01,14447,3158,14864,1017,3758,17605,18622,Wyoming
3/31/02,14709,4253,15536,275,3701,18962,19237,Wyoming
6/30/02,15582,2952,14933,-215,3386,18534,18319,Wyoming
9/30/02,15066,2765,13860,-345,3626,17831,17486,Wyoming
12/31/02,15381,2810,14580,-558,3053,18191,17633,Wyoming
3/31/03,14486,2636,14042,-517,2563,17122,16605,Wyoming
6/30/03,13469,2984,15240,2151,3364,16453,18604,Wyoming
9/30/03,14312,2516,15451,1849,3226,16828,18677,Wyoming
12/31/03,14321,3659,15450,781,3311,17980,18761,Wyoming
3/31/04,14032,2793,15142,1753,3436,16825,18578,Wyoming
6/30/04,14488,3561,15305,419,3163,18049,18468,Wyoming
9/30/04,15332,3059,13928,-996,3467,18391,17395,Wyoming
12/31/04,14056,2569,15655,2930,3900,16625,19555,Wyoming
3/31/05,13664,2984,16398,3478,3728,16648,20126,Wyoming
6/30/05,14598,2684,15460,1480,3302,17282,18762,Wyoming
9/30/05,14377,2657,14922,1475,3587,17034,18509,Wyoming
12/31/05,14099,2750,17068,4272,4053,16849,21121,Wyoming
3/31/06,13859,2691,18743,6216,4023,16550,22766,Wyoming
6/30/06,15729,2774,16538,1599,3564,18503,20102,Wyoming
9/30/06,16893,3099,16318,586,4260,19992,20578,Wyoming
12/31/06,14224,2572,19319,6016,3493,16796,22812,Wyoming
3/31/07,15527,2758,19256,4670,3699,18285,22955,Wyoming
6/30/07,18481,3627,15894,-2509,3705,22108,19599,Wyoming
9/30/07,17120,3330,17692,803,3561,20450,21253,Wyoming
12/31/07,15256,2907,20313,5976,3826,18163,24139,Wyoming
3/31/08,16433,3193,20067,4611,4170,19626,24237,Wyoming
6/30/08,20624,3520,16640,-4128,3376,24144,20016,Wyoming
9/30/08,16243,3071,16925,1761,4150,19314,21075,Wyoming
12/31/08,16852,3631,16539,-842,3102,20483,19641,Wyoming
3/31/09,21742,3613,14945,-6626,3784,25355,18729,Wyoming
6/30/09,22252,3045,12940,-9388,2969,25297,15909,Wyoming
9/30/09,14961,3344,14183,-1136,2986,18305,17169,Wyoming
12/31/09,15956,2790,12943,-2575,3228,18746,16171,Wyoming
3/31/10,15421,2949,13845,-545,3980,18370,17825,Wyoming
6/30/10,15410,2892,14490,-641,3171,18302,17661,Wyoming
9/30/10,13411,3112,16348,3908,4083,16523,20431,Wyoming
12/31/10,15398,3095,15967,599,3125,18493,19092,Wyoming
3/31/11,15036,2681,13801,-852,3064,17717,16865,Wyoming
6/30/11,15424,2657,14786,-80,3215,18081,18001,Wyoming
9/30/11,12730,2794,16505,4995,4014,15524,20519,Wyoming
12/31/11,14926,2684,16401,2068,3277,17610,19678,Wyoming
3/31/12,15407,3293,15410,-277,3013,18700,18423,Wyoming
6/30/12,16087,2732,14336,-1273,3210,18819,17546,Wyoming
9/30/12,15035,3364,15168,-96,3135,18399,18303,Wyoming
12/31/12,14901,2910,16037,2222,3996,17811,20033,Wyoming
3/31/13,15475,3253,15331,26,3423,18728,18754,Wyoming
6/30/13,16460,2819,14884,-956,3439,19279,18323,Wyoming
9/30/13,14361,3106,14670,317,3114,17467,17784,Wyoming
12/31/13,14594,2697,16136,2663,3818,17291,19954,Wyoming
3/31/14,15044,2524,15356,988,3200,17568,18556,Wyoming
6/30/14,15223,2565,15829,1354,3313,17788,19142,Wyoming
9/30/14,15692,2770,14910,-254,3298,18462,18208,Wyoming
12/31/14,14999,2724,16423,2372,3672,17723,20095,Wyoming
3/31/15,16265,3571,15680,197,4353,19836,20033,Wyoming
6/30/15,20315,3284,13911,-6443,3245,23599,17156,Wyoming
9/30/15,15338,4289,14627,-1701,3299,19627,17926,Wyoming
12/31/15,16632,3137,15165,-943,3661,19769,18826,Wyoming
3/31/16,16933,3051,13735,-2955,3294,19984,17029,Wyoming
6/30/16,18493,3255,13039,-5788,2921,21748,15960,Wyoming
9/30/16,15016,2926,13526,-795,3621,17942,17147,Wyoming
12/31/16,14775,2917,14607,248,3333,17692,17940,Wyoming
3/31/17,13784,2700,14676,1353,3161,16484,17837,Wyoming
6/30/17,15908,2470,14275,-1034,3069,18378,17344,Wyoming
9/30/17,13384,2644,14148,1488,3368,16028,17516,Wyoming
12/31/17,14187,2962,15093,799,2855,17149,17948,Wyoming
