contract_establish,end_establish,expand_establish,month,net_change,open_establish,state,total_contract,total_expand,year
63801,13841,73116,September,11450,15976,Alabama,77642,89092,1992.0
66930,19382,74158,December,8443,20597,Alabama,86312,94755,1992.0
70792,22587,75865,March,4503,22017,Alabama,93379,97882,1993.0
63769,14841,75767,June,17336,20179,Alabama,78610,95946,1993.0
70303,22680,75181,September,5585,23387,Alabama,92983,98568,1993.0
73197,19584,75663,December,6179,23297,Alabama,92781,98960,1993.0
73041,22733,70716,March,2249,27307,Alabama,95774,98023,1994.0
68327,19560,78347,June,14458,23998,Alabama,87887,102345,1994.0
65513,16295,82573,September,26562,25797,Alabama,81808,108370,1994.0
72009,19639,76358,December,5875,21165,Alabama,91648,97523,1994.0
73684,20350,79831,March,11199,25402,Alabama,94034,105233,1995.0
77879,22314,83408,June,9672,26457,Alabama,100193,109865,1995.0
77443,16668,83321,September,13092,23882,Alabama,94111,107203,1995.0
77305,20761,79241,December,1089,19914,Alabama,98066,99155,1995.0
83079,15504,77802,March,1013,21794,Alabama,98583,99596,1996.0
77452,17617,80791,June,6554,20832,Alabama,95069,101623,1996.0
78851,17676,82266,September,13560,27821,Alabama,96527,110087,1996.0
78752,14487,81043,December,9701,21897,Alabama,93239,102940,1996.0
76870,14978,79284,March,6802,19366,Alabama,91848,98650,1997.0
83158,14256,81244,June,4338,20508,Alabama,97414,101752,1997.0
79282,19967,82560,September,7888,24577,Alabama,99249,107137,1997.0
85068,20256,84279,December,1883,22928,Alabama,105324,107207,1997.0
84168,13608,83873,March,11072,24975,Alabama,97776,108848,1998.0
79697,26201,93038,June,18625,31485,Alabama,105898,124523,1998.0
89390,24146,86985,September,-2076,24475,Alabama,113536,111460,1998.0
88409,19340,84338,December,-1846,21565,Alabama,107749,105903,1998.0
86617,18705,83108,March,6072,28286,Alabama,105322,111394,1999.0
80759,24044,87246,June,4532,22089,Alabama,104803,109335,1999.0
81176,15611,83972,September,4930,17745,Alabama,96787,101717,1999.0
86012,18910,84466,December,-177,20279,Alabama,104922,104745,1999.0
91470,17193,87670,March,-2497,18496,Alabama,108663,106166,2000.0
86680,19735,88783,June,3145,20777,Alabama,106415,109560,2000.0
90197,21814,87546,September,-44,24421,Alabama,112011,111967,2000.0
90363,18721,82925,December,-6674,19485,Alabama,109084,102410,2000.0
93549,20292,87535,March,-5755,20551,Alabama,113841,108086,2001.0
99347,24232,85131,June,-10922,27526,Alabama,123579,112657,2001.0
95255,17003,80108,September,-9831,22319,Alabama,112258,102427,2001.0
91381,21243,79254,December,-13176,20194,Alabama,112624,99448,2001.0
90338,19493,86482,March,-1510,21839,Alabama,109831,108321,2002.0
89203,17280,79928,June,-8782,17773,Alabama,106483,97701,2002.0
84189,15202,80251,September,2032,21172,Alabama,99391,101423,2002.0
89049,14687,80038,December,-4306,19392,Alabama,103736,99430,2002.0
85970,19625,84641,March,-282,20672,Alabama,105595,105313,2003.0
85321,15226,75864,June,-7884,16799,Alabama,100547,92663,2003.0
79202,17021,79892,September,2029,18360,Alabama,96223,98252,2003.0
77805,14541,82461,December,8224,18109,Alabama,92346,100570,2003.0
76993,17389,88134,March,13725,19973,Alabama,94382,108107,2004.0
79200,14560,83659,June,7610,17711,Alabama,93760,101370,2004.0
83490,15322,82971,September,1099,16940,Alabama,98812,99911,2004.0
77837,14384,89990,December,16360,18591,Alabama,92221,108581,2004.0
82209,17169,91860,March,11454,18972,Alabama,99378,110832,2005.0
86305,14333,87515,June,5982,19105,Alabama,100638,106620,2005.0
82168,15171,91141,September,14065,20263,Alabama,97339,111404,2005.0
82579,17534,92530,December,10928,18511,Alabama,100113,111041,2005.0
80152,13797,89212,March,11424,16161,Alabama,93949,105373,2006.0
87570,13428,84694,June,-680,15624,Alabama,100998,100318,2006.0
89176,13247,84190,September,-1801,16432,Alabama,102423,100622,2006.0
88646,13771,86857,December,3761,19321,Alabama,102417,106178,2006.0
77682,14830,96291,March,21327,17548,Alabama,92512,113839,2007.0
94666,14442,82463,June,-8938,17707,Alabama,109108,100170,2007.0
86471,15522,83228,September,-121,18644,Alabama,101993,101872,2007.0
87965,15905,88397,December,4814,20287,Alabama,103870,108684,2007.0
88692,17315,82298,March,-7170,16539,Alabama,106007,98837,2008.0
92124,14234,77232,June,-12243,16883,Alabama,106358,94115,2008.0
90949,15863,77251,September,-11634,17927,Alabama,106812,95178,2008.0
103836,16741,68319,December,-36573,15685,Alabama,120577,84004,2008.0
102918,15967,61860,March,-42833,14192,Alabama,118885,76052,2009.0
91057,15847,67171,June,-24046,15687,Alabama,106904,82858,2009.0
81939,20374,70910,September,-15727,15676,Alabama,102313,86586,2009.0
78139,14788,72133,December,-5019,15775,Alabama,92927,87908,2009.0
74450,13146,70087,March,-2480,15029,Alabama,87596,85116,2010.0
71868,13171,73261,June,6238,18016,Alabama,85039,91277,2010.0
76852,17997,74199,September,-4431,16219,Alabama,94849,90418,2010.0
74844,14965,73701,December,3085,19193,Alabama,89809,92894,2010.0
70230,14528,71694,March,1280,14344,Alabama,84758,86038,2011.0
74917,13841,71990,June,-1266,15502,Alabama,88758,87492,2011.0
69405,13108,76307,September,9363,15569,Alabama,82513,91876,2011.0
75132,12968,70559,December,-2864,14677,Alabama,88100,85236,2011.0
67952,12781,76558,March,11189,15364,Alabama,80733,91922,2012.0
71286,11592,71770,June,3735,14843,Alabama,82878,86613,2012.0
69952,13034,69707,September,831,14110,Alabama,82986,83817,2012.0
68473,12563,70405,December,4405,15036,Alabama,81036,85441,2012.0
68958,12349,75356,March,9006,14957,Alabama,81307,90313,2013.0
70946,11859,72169,June,6037,16673,Alabama,82805,88842,2013.0
72130,12687,68773,September,-2477,13567,Alabama,84817,82340,2013.0
66171,14022,74393,December,8607,14407,Alabama,80193,88800,2013.0
71625,12845,70322,March,1178,15326,Alabama,84470,85648,2014.0
68800,12929,73260,June,6134,14603,Alabama,81729,87863,2014.0
71176,11694,74413,September,6603,15060,Alabama,82870,89473,2014.0
66847,12600,75022,December,10781,15206,Alabama,79447,90228,2014.0
73142,11332,71033,March,1295,14736,Alabama,84474,85769,2015.0
69305,12290,75080,June,8663,15178,Alabama,81595,90258,2015.0
72109,12524,73493,September,3793,14933,Alabama,84633,88426,2015.0
68136,13605,79353,December,15041,17429,Alabama,81741,96782,2015.0
73395,12819,75825,March,4579,14968,Alabama,86214,90793,2016.0
76111,15195,75187,June,-546,15573,Alabama,91306,90760,2016.0
76097,13954,78023,September,6838,18866,Alabama,90051,96889,2016.0
76083,14204,75497,December,1394,16184,Alabama,90287,91681,2016.0
69965,11375,78066,March,13678,16952,Alabama,81340,95018,2017.0
73904,14897,74314,June,-1392,13095,Alabama,88801,87409,2017.0
76123,15377,77193,September,3000,17307,Alabama,91500,94500,2017.0
72556,12943,78973,December,9036,15562,Alabama,85499,94535,2017.0
63801,13841,73116,September,11450,15976,Alabama,77642,89092,1992.0
66930,19382,74158,December,8443,20597,Alabama,86312,94755,1992.0
70792,22587,75865,March,4503,22017,Alabama,93379,97882,1993.0
63769,14841,75767,June,17336,20179,Alabama,78610,95946,1993.0
70303,22680,75181,September,5585,23387,Alabama,92983,98568,1993.0
73197,19584,75663,December,6179,23297,Alabama,92781,98960,1993.0
73041,22733,70716,March,2249,27307,Alabama,95774,98023,1994.0
68327,19560,78347,June,14458,23998,Alabama,87887,102345,1994.0
65513,16295,82573,September,26562,25797,Alabama,81808,108370,1994.0
72009,19639,76358,December,5875,21165,Alabama,91648,97523,1994.0
73684,20350,79831,March,11199,25402,Alabama,94034,105233,1995.0
77879,22314,83408,June,9672,26457,Alabama,100193,109865,1995.0
77443,16668,83321,September,13092,23882,Alabama,94111,107203,1995.0
77305,20761,79241,December,1089,19914,Alabama,98066,99155,1995.0
83079,15504,77802,March,1013,21794,Alabama,98583,99596,1996.0
77452,17617,80791,June,6554,20832,Alabama,95069,101623,1996.0
78851,17676,82266,September,13560,27821,Alabama,96527,110087,1996.0
78752,14487,81043,December,9701,21897,Alabama,93239,102940,1996.0
76870,14978,79284,March,6802,19366,Alabama,91848,98650,1997.0
83158,14256,81244,June,4338,20508,Alabama,97414,101752,1997.0
79282,19967,82560,September,7888,24577,Alabama,99249,107137,1997.0
85068,20256,84279,December,1883,22928,Alabama,105324,107207,1997.0
84168,13608,83873,March,11072,24975,Alabama,97776,108848,1998.0
79697,26201,93038,June,18625,31485,Alabama,105898,124523,1998.0
89390,24146,86985,September,-2076,24475,Alabama,113536,111460,1998.0
88409,19340,84338,December,-1846,21565,Alabama,107749,105903,1998.0
86617,18705,83108,March,6072,28286,Alabama,105322,111394,1999.0
80759,24044,87246,June,4532,22089,Alabama,104803,109335,1999.0
81176,15611,83972,September,4930,17745,Alabama,96787,101717,1999.0
86012,18910,84466,December,-177,20279,Alabama,104922,104745,1999.0
91470,17193,87670,March,-2497,18496,Alabama,108663,106166,2000.0
86680,19735,88783,June,3145,20777,Alabama,106415,109560,2000.0
90197,21814,87546,September,-44,24421,Alabama,112011,111967,2000.0
90363,18721,82925,December,-6674,19485,Alabama,109084,102410,2000.0
93549,20292,87535,March,-5755,20551,Alabama,113841,108086,2001.0
99347,24232,85131,June,-10922,27526,Alabama,123579,112657,2001.0
95255,17003,80108,September,-9831,22319,Alabama,112258,102427,2001.0
91381,21243,79254,December,-13176,20194,Alabama,112624,99448,2001.0
90338,19493,86482,March,-1510,21839,Alabama,109831,108321,2002.0
89203,17280,79928,June,-8782,17773,Alabama,106483,97701,2002.0
84189,15202,80251,September,2032,21172,Alabama,99391,101423,2002.0
89049,14687,80038,December,-4306,19392,Alabama,103736,99430,2002.0
85970,19625,84641,March,-282,20672,Alabama,105595,105313,2003.0
85321,15226,75864,June,-7884,16799,Alabama,100547,92663,2003.0
79202,17021,79892,September,2029,18360,Alabama,96223,98252,2003.0
77805,14541,82461,December,8224,18109,Alabama,92346,100570,2003.0
76993,17389,88134,March,13725,19973,Alabama,94382,108107,2004.0
79200,14560,83659,June,7610,17711,Alabama,93760,101370,2004.0
83490,15322,82971,September,1099,16940,Alabama,98812,99911,2004.0
77837,14384,89990,December,16360,18591,Alabama,92221,108581,2004.0
82209,17169,91860,March,11454,18972,Alabama,99378,110832,2005.0
86305,14333,87515,June,5982,19105,Alabama,100638,106620,2005.0
82168,15171,91141,September,14065,20263,Alabama,97339,111404,2005.0
82579,17534,92530,December,10928,18511,Alabama,100113,111041,2005.0
80152,13797,89212,March,11424,16161,Alabama,93949,105373,2006.0
87570,13428,84694,June,-680,15624,Alabama,100998,100318,2006.0
89176,13247,84190,September,-1801,16432,Alabama,102423,100622,2006.0
88646,13771,86857,December,3761,19321,Alabama,102417,106178,2006.0
77682,14830,96291,March,21327,17548,Alabama,92512,113839,2007.0
94666,14442,82463,June,-8938,17707,Alabama,109108,100170,2007.0
86471,15522,83228,September,-121,18644,Alabama,101993,101872,2007.0
87965,15905,88397,December,4814,20287,Alabama,103870,108684,2007.0
88692,17315,82298,March,-7170,16539,Alabama,106007,98837,2008.0
92124,14234,77232,June,-12243,16883,Alabama,106358,94115,2008.0
90949,15863,77251,September,-11634,17927,Alabama,106812,95178,2008.0
103836,16741,68319,December,-36573,15685,Alabama,120577,84004,2008.0
102918,15967,61860,March,-42833,14192,Alabama,118885,76052,2009.0
91057,15847,67171,June,-24046,15687,Alabama,106904,82858,2009.0
81939,20374,70910,September,-15727,15676,Alabama,102313,86586,2009.0
78139,14788,72133,December,-5019,15775,Alabama,92927,87908,2009.0
74450,13146,70087,March,-2480,15029,Alabama,87596,85116,2010.0
71868,13171,73261,June,6238,18016,Alabama,85039,91277,2010.0
76852,17997,74199,September,-4431,16219,Alabama,94849,90418,2010.0
74844,14965,73701,December,3085,19193,Alabama,89809,92894,2010.0
70230,14528,71694,March,1280,14344,Alabama,84758,86038,2011.0
74917,13841,71990,June,-1266,15502,Alabama,88758,87492,2011.0
69405,13108,76307,September,9363,15569,Alabama,82513,91876,2011.0
75132,12968,70559,December,-2864,14677,Alabama,88100,85236,2011.0
67952,12781,76558,March,11189,15364,Alabama,80733,91922,2012.0
71286,11592,71770,June,3735,14843,Alabama,82878,86613,2012.0
69952,13034,69707,September,831,14110,Alabama,82986,83817,2012.0
68473,12563,70405,December,4405,15036,Alabama,81036,85441,2012.0
68958,12349,75356,March,9006,14957,Alabama,81307,90313,2013.0
70946,11859,72169,June,6037,16673,Alabama,82805,88842,2013.0
72130,12687,68773,September,-2477,13567,Alabama,84817,82340,2013.0
66171,14022,74393,December,8607,14407,Alabama,80193,88800,2013.0
71625,12845,70322,March,1178,15326,Alabama,84470,85648,2014.0
68800,12929,73260,June,6134,14603,Alabama,81729,87863,2014.0
71176,11694,74413,September,6603,15060,Alabama,82870,89473,2014.0
66847,12600,75022,December,10781,15206,Alabama,79447,90228,2014.0
73142,11332,71033,March,1295,14736,Alabama,84474,85769,2015.0
69305,12290,75080,June,8663,15178,Alabama,81595,90258,2015.0
72109,12524,73493,September,3793,14933,Alabama,84633,88426,2015.0
68136,13605,79353,December,15041,17429,Alabama,81741,96782,2015.0
73395,12819,75825,March,4579,14968,Alabama,86214,90793,2016.0
76111,15195,75187,June,-546,15573,Alabama,91306,90760,2016.0
76097,13954,78023,September,6838,18866,Alabama,90051,96889,2016.0
76083,14204,75497,December,1394,16184,Alabama,90287,91681,2016.0
69965,11375,78066,March,13678,16952,Alabama,81340,95018,2017.0
73904,14897,74314,June,-1392,13095,Alabama,88801,87409,2017.0
76123,15377,77193,September,3000,17307,Alabama,91500,94500,2017.0
72556,12943,78973,December,9036,15562,Alabama,85499,94535,2017.0
18631,3703,18123,September,2053,6264,Alaska,22334,24387,1992.0
17294,3126,21888,December,7229,5761,Alaska,20420,27649,1992.0
19658,4160,18180,March,-1420,4218,Alaska,23818,22398,1993.0
19942,5497,19023,June,-2196,4220,Alaska,25439,23243,1993.0
19096,3895,20907,September,3168,5252,Alaska,22991,26159,1993.0
17762,3153,25121,December,10640,6434,Alaska,20915,31555,1993.0
21888,4751,22387,March,1043,5295,Alaska,26639,27682,1994.0
20029,5145,17844,June,-2695,4635,Alaska,25174,22479,1994.0
17748,3774,21485,September,5158,5195,Alaska,21522,26680,1994.0
19047,3723,19475,December,3694,6989,Alaska,22770,26464,1994.0
22203,4836,19257,March,-3759,4023,Alaska,27039,23280,1995.0
19726,4351,19856,June,34,4255,Alaska,24077,24111,1995.0
19425,5318,21795,September,2111,5059,Alaska,24743,26854,1995.0
19625,4231,21788,December,3941,6009,Alaska,23856,27797,1995.0
22506,4654,19325,March,-3368,4467,Alaska,27160,23792,1996.0
19347,6726,19142,June,-2488,4443,Alaska,26073,23585,1996.0
19693,4717,21584,September,2422,5248,Alaska,24410,26832,1996.0
19345,4111,19739,December,2403,6120,Alaska,23456,25859,1996.0
20377,5551,20018,March,187,6097,Alaska,25928,26115,1997.0
18002,5113,20125,June,1854,4844,Alaska,23115,24969,1997.0
21233,4022,21823,September,1282,4714,Alaska,25255,26537,1997.0
19462,4173,22486,December,4315,5464,Alaska,23635,27950,1997.0
21621,3856,22442,March,2311,5346,Alaska,25477,27788,1998.0
21857,5032,18666,June,-3088,5135,Alaska,26889,23801,1998.0
18558,5186,20855,September,1784,4673,Alaska,23744,25528,1998.0
19196,3576,22843,December,5295,5224,Alaska,22772,28067,1998.0
22577,5534,20598,March,-2345,5168,Alaska,28111,25766,1999.0
21983,4579,19483,June,-2159,4920,Alaska,26562,24403,1999.0
19730,4347,21737,September,3039,5379,Alaska,24077,27116,1999.0
19973,4378,21922,December,3155,5584,Alaska,24351,27506,1999.0
19982,5044,21929,March,1662,4759,Alaska,25026,26688,2000.0
20735,8630,21006,June,-3343,5016,Alaska,29365,26022,2000.0
20798,5350,24008,September,2698,4838,Alaska,26148,28846,2000.0
19675,4592,22149,December,3002,5120,Alaska,24267,27269,2000.0
22118,5002,23725,March,545,3940,Alaska,27120,27665,2001.0
20532,4627,19679,June,-342,5138,Alaska,25159,24817,2001.0
20740,4848,22391,September,2115,5312,Alaska,25588,27703,2001.0
20523,4384,19475,December,-124,5308,Alaska,24907,24783,2001.0
22732,4925,21238,March,567,6986,Alaska,27657,28224,2002.0
22984,6895,19639,June,-5346,4894,Alaska,29879,24533,2002.0
19620,4351,22797,September,3511,4685,Alaska,23971,27482,2002.0
19729,3824,19497,December,-152,3904,Alaska,23553,23401,2002.0
20773,4040,20835,March,1596,5574,Alaska,24813,26409,2003.0
21005,4346,19695,June,-1015,4641,Alaska,25351,24336,2003.0
19330,3513,20719,September,3088,5212,Alaska,22843,25931,2003.0
19627,4082,19145,December,458,5022,Alaska,23709,24167,2003.0
19885,4746,19608,March,336,5359,Alaska,24631,24967,2004.0
19556,5181,20382,June,1114,5469,Alaska,24737,25851,2004.0
19220,4143,22426,September,3860,4797,Alaska,23363,27223,2004.0
20915,4201,19394,December,-636,5086,Alaska,25116,24480,2004.0
18919,4599,20979,March,1651,4190,Alaska,23518,25169,2005.0
20550,3642,21106,June,1767,4853,Alaska,24192,25959,2005.0
20566,4820,23091,September,2871,5166,Alaska,25386,28257,2005.0
21831,4664,19403,December,-2273,4819,Alaska,26495,24222,2005.0
18332,4094,21111,March,3724,5039,Alaska,22426,26150,2006.0
20373,3709,22298,June,3613,5397,Alaska,24082,27695,2006.0
22038,4337,18652,September,-2902,4821,Alaska,26375,23473,2006.0
21569,4242,20652,December,25,5184,Alaska,25811,25836,2006.0
20709,3935,20042,March,86,4688,Alaska,24644,24730,2007.0
20788,3800,21725,June,2501,5364,Alaska,24588,27089,2007.0
21802,4138,19090,September,-2316,4534,Alaska,25940,23624,2007.0
21239,4320,20470,December,-1211,3878,Alaska,25559,24348,2007.0
18283,4685,21768,March,2729,3929,Alaska,22968,25697,2008.0
19866,4397,21318,June,2374,5319,Alaska,24263,26637,2008.0
21925,4265,19113,September,-1708,5369,Alaska,26190,24482,2008.0
21700,4385,21609,December,-36,4440,Alaska,26085,26049,2008.0
21895,3766,18870,March,-2358,4433,Alaska,25661,23303,2009.0
21913,3776,20040,June,-434,5215,Alaska,25689,25255,2009.0
20892,4149,18249,September,-1607,5185,Alaska,25041,23434,2009.0
20526,4220,19698,December,-753,4295,Alaska,24746,23993,2009.0
19661,4454,18365,March,234,5984,Alaska,24115,24349,2010.0
18689,3149,21046,June,4384,5176,Alaska,21838,26222,2010.0
19233,3981,19095,September,235,4354,Alaska,23214,23449,2010.0
20263,4643,18746,December,-948,5212,Alaska,24906,23958,2010.0
18358,3122,18721,March,2648,5407,Alaska,21480,24128,2011.0
19652,3754,21282,June,2909,5033,Alaska,23406,26315,2011.0
19434,3664,19349,September,2239,5988,Alaska,23098,25337,2011.0
21626,4407,19438,December,-2392,4203,Alaska,26033,23641,2011.0
19176,3387,20546,March,4443,6460,Alaska,22563,27006,2012.0
19229,4046,22098,June,3907,5084,Alaska,23275,27182,2012.0
20926,4617,18329,September,-2835,4379,Alaska,25543,22708,2012.0
20728,4449,19599,December,-981,4597,Alaska,25177,24196,2012.0
20285,4100,22079,March,3080,5386,Alaska,24385,27465,2013.0
20943,3790,21450,June,1855,5138,Alaska,24733,26588,2013.0
20969,4235,20599,September,-273,4332,Alaska,25204,24931,2013.0
21480,4679,21542,December,-527,4090,Alaska,26159,25632,2013.0
20810,3872,22089,March,2859,5452,Alaska,24682,27541,2014.0
23456,4127,22069,June,-234,5280,Alaska,27583,27349,2014.0
22317,3788,18714,September,-2120,5271,Alaska,26105,23985,2014.0
21416,4758,22086,December,566,4654,Alaska,26174,26740,2014.0
20796,3097,21825,March,2952,5020,Alaska,23893,26845,2015.0
23527,4463,22863,June,-760,4367,Alaska,27990,27230,2015.0
21767,4222,18160,September,-3021,4808,Alaska,25989,22968,2015.0
22426,4184,19615,December,-2457,4538,Alaska,26610,24153,2015.0
20669,3669,20087,March,-61,4190,Alaska,24338,24277,2016.0
23279,4952,21574,June,-2026,4631,Alaska,28231,26205,2016.0
23587,4106,17740,September,-5090,4863,Alaska,27693,22603,2016.0
20500,4199,19947,December,-670,4082,Alaska,24699,24029,2016.0
21026,3143,19357,March,-958,3854,Alaska,24169,23211,2017.0
20521,4069,22550,June,2556,4596,Alaska,24590,27146,2017.0
22037,4069,17129,September,-4959,4018,Alaska,26106,21147,2017.0
20844,4243,18348,December,-2036,4703,Alaska,25087,23051,2017.0
18631,3703,18123,September,2053,6264,Alaska,22334,24387,1992.0
17294,3126,21888,December,7229,5761,Alaska,20420,27649,1992.0
19658,4160,18180,March,-1420,4218,Alaska,23818,22398,1993.0
19942,5497,19023,June,-2196,4220,Alaska,25439,23243,1993.0
19096,3895,20907,September,3168,5252,Alaska,22991,26159,1993.0
17762,3153,25121,December,10640,6434,Alaska,20915,31555,1993.0
21888,4751,22387,March,1043,5295,Alaska,26639,27682,1994.0
20029,5145,17844,June,-2695,4635,Alaska,25174,22479,1994.0
17748,3774,21485,September,5158,5195,Alaska,21522,26680,1994.0
19047,3723,19475,December,3694,6989,Alaska,22770,26464,1994.0
22203,4836,19257,March,-3759,4023,Alaska,27039,23280,1995.0
19726,4351,19856,June,34,4255,Alaska,24077,24111,1995.0
19425,5318,21795,September,2111,5059,Alaska,24743,26854,1995.0
19625,4231,21788,December,3941,6009,Alaska,23856,27797,1995.0
22506,4654,19325,March,-3368,4467,Alaska,27160,23792,1996.0
19347,6726,19142,June,-2488,4443,Alaska,26073,23585,1996.0
19693,4717,21584,September,2422,5248,Alaska,24410,26832,1996.0
19345,4111,19739,December,2403,6120,Alaska,23456,25859,1996.0
20377,5551,20018,March,187,6097,Alaska,25928,26115,1997.0
18002,5113,20125,June,1854,4844,Alaska,23115,24969,1997.0
21233,4022,21823,September,1282,4714,Alaska,25255,26537,1997.0
19462,4173,22486,December,4315,5464,Alaska,23635,27950,1997.0
21621,3856,22442,March,2311,5346,Alaska,25477,27788,1998.0
21857,5032,18666,June,-3088,5135,Alaska,26889,23801,1998.0
18558,5186,20855,September,1784,4673,Alaska,23744,25528,1998.0
19196,3576,22843,December,5295,5224,Alaska,22772,28067,1998.0
22577,5534,20598,March,-2345,5168,Alaska,28111,25766,1999.0
21983,4579,19483,June,-2159,4920,Alaska,26562,24403,1999.0
19730,4347,21737,September,3039,5379,Alaska,24077,27116,1999.0
19973,4378,21922,December,3155,5584,Alaska,24351,27506,1999.0
19982,5044,21929,March,1662,4759,Alaska,25026,26688,2000.0
20735,8630,21006,June,-3343,5016,Alaska,29365,26022,2000.0
20798,5350,24008,September,2698,4838,Alaska,26148,28846,2000.0
19675,4592,22149,December,3002,5120,Alaska,24267,27269,2000.0
22118,5002,23725,March,545,3940,Alaska,27120,27665,2001.0
20532,4627,19679,June,-342,5138,Alaska,25159,24817,2001.0
20740,4848,22391,September,2115,5312,Alaska,25588,27703,2001.0
20523,4384,19475,December,-124,5308,Alaska,24907,24783,2001.0
22732,4925,21238,March,567,6986,Alaska,27657,28224,2002.0
22984,6895,19639,June,-5346,4894,Alaska,29879,24533,2002.0
19620,4351,22797,September,3511,4685,Alaska,23971,27482,2002.0
19729,3824,19497,December,-152,3904,Alaska,23553,23401,2002.0
20773,4040,20835,March,1596,5574,Alaska,24813,26409,2003.0
21005,4346,19695,June,-1015,4641,Alaska,25351,24336,2003.0
19330,3513,20719,September,3088,5212,Alaska,22843,25931,2003.0
19627,4082,19145,December,458,5022,Alaska,23709,24167,2003.0
19885,4746,19608,March,336,5359,Alaska,24631,24967,2004.0
19556,5181,20382,June,1114,5469,Alaska,24737,25851,2004.0
19220,4143,22426,September,3860,4797,Alaska,23363,27223,2004.0
20915,4201,19394,December,-636,5086,Alaska,25116,24480,2004.0
18919,4599,20979,March,1651,4190,Alaska,23518,25169,2005.0
20550,3642,21106,June,1767,4853,Alaska,24192,25959,2005.0
20566,4820,23091,September,2871,5166,Alaska,25386,28257,2005.0
21831,4664,19403,December,-2273,4819,Alaska,26495,24222,2005.0
18332,4094,21111,March,3724,5039,Alaska,22426,26150,2006.0
20373,3709,22298,June,3613,5397,Alaska,24082,27695,2006.0
22038,4337,18652,September,-2902,4821,Alaska,26375,23473,2006.0
21569,4242,20652,December,25,5184,Alaska,25811,25836,2006.0
20709,3935,20042,March,86,4688,Alaska,24644,24730,2007.0
20788,3800,21725,June,2501,5364,Alaska,24588,27089,2007.0
21802,4138,19090,September,-2316,4534,Alaska,25940,23624,2007.0
21239,4320,20470,December,-1211,3878,Alaska,25559,24348,2007.0
18283,4685,21768,March,2729,3929,Alaska,22968,25697,2008.0
19866,4397,21318,June,2374,5319,Alaska,24263,26637,2008.0
21925,4265,19113,September,-1708,5369,Alaska,26190,24482,2008.0
21700,4385,21609,December,-36,4440,Alaska,26085,26049,2008.0
21895,3766,18870,March,-2358,4433,Alaska,25661,23303,2009.0
21913,3776,20040,June,-434,5215,Alaska,25689,25255,2009.0
20892,4149,18249,September,-1607,5185,Alaska,25041,23434,2009.0
20526,4220,19698,December,-753,4295,Alaska,24746,23993,2009.0
19661,4454,18365,March,234,5984,Alaska,24115,24349,2010.0
18689,3149,21046,June,4384,5176,Alaska,21838,26222,2010.0
19233,3981,19095,September,235,4354,Alaska,23214,23449,2010.0
20263,4643,18746,December,-948,5212,Alaska,24906,23958,2010.0
18358,3122,18721,March,2648,5407,Alaska,21480,24128,2011.0
19652,3754,21282,June,2909,5033,Alaska,23406,26315,2011.0
19434,3664,19349,September,2239,5988,Alaska,23098,25337,2011.0
21626,4407,19438,December,-2392,4203,Alaska,26033,23641,2011.0
19176,3387,20546,March,4443,6460,Alaska,22563,27006,2012.0
19229,4046,22098,June,3907,5084,Alaska,23275,27182,2012.0
20926,4617,18329,September,-2835,4379,Alaska,25543,22708,2012.0
20728,4449,19599,December,-981,4597,Alaska,25177,24196,2012.0
20285,4100,22079,March,3080,5386,Alaska,24385,27465,2013.0
20943,3790,21450,June,1855,5138,Alaska,24733,26588,2013.0
20969,4235,20599,September,-273,4332,Alaska,25204,24931,2013.0
21480,4679,21542,December,-527,4090,Alaska,26159,25632,2013.0
20810,3872,22089,March,2859,5452,Alaska,24682,27541,2014.0
23456,4127,22069,June,-234,5280,Alaska,27583,27349,2014.0
22317,3788,18714,September,-2120,5271,Alaska,26105,23985,2014.0
21416,4758,22086,December,566,4654,Alaska,26174,26740,2014.0
20796,3097,21825,March,2952,5020,Alaska,23893,26845,2015.0
23527,4463,22863,June,-760,4367,Alaska,27990,27230,2015.0
21767,4222,18160,September,-3021,4808,Alaska,25989,22968,2015.0
22426,4184,19615,December,-2457,4538,Alaska,26610,24153,2015.0
20669,3669,20087,March,-61,4190,Alaska,24338,24277,2016.0
23279,4952,21574,June,-2026,4631,Alaska,28231,26205,2016.0
23587,4106,17740,September,-5090,4863,Alaska,27693,22603,2016.0
20500,4199,19947,December,-670,4082,Alaska,24699,24029,2016.0
21026,3143,19357,March,-958,3854,Alaska,24169,23211,2017.0
20521,4069,22550,June,2556,4596,Alaska,24590,27146,2017.0
22037,4069,17129,September,-4959,4018,Alaska,26106,21147,2017.0
20844,4243,18348,December,-2036,4703,Alaska,25087,23051,2017.0
82808,28656,95512,September,13875,29827,Arizona,111464,125339,1992.0
87961,32085,87681,December,-11410,20955,Arizona,120046,108636,1992.0
82014,15334,94455,March,28420,31313,Arizona,97348,125768,1993.0
80870,20309,101648,June,27746,27277,Arizona,101179,128925,1993.0
87162,24732,103075,September,18725,27544,Arizona,111894,130619,1993.0
83641,24618,101390,December,15973,22842,Arizona,108259,124232,1993.0
88173,22192,104832,March,26491,32024,Arizona,110365,136856,1994.0
84828,21519,116025,June,36915,27237,Arizona,106347,143262,1994.0
89065,24438,111545,September,23980,25938,Arizona,113503,137483,1994.0
90630,23898,104338,December,19829,30019,Arizona,114528,134357,1994.0
89603,32736,122884,March,38300,37755,Arizona,122339,160639,1995.0
97517,24809,118235,June,29493,33584,Arizona,122326,151819,1995.0
101991,25910,114107,September,17007,30801,Arizona,127901,144908,1995.0
100130,24141,118185,December,22797,28883,Arizona,124271,147068,1995.0
97997,33193,126375,March,31391,36206,Arizona,131190,162581,1996.0
103869,23899,118841,June,22704,31631,Arizona,127768,150472,1996.0
103707,29813,118569,September,14864,29815,Arizona,133520,148384,1996.0
104001,28647,120956,December,13426,25118,Arizona,132648,146074,1996.0
109481,28865,129992,March,21747,30101,Arizona,138346,160093,1997.0
99759,29765,122864,June,28869,35529,Arizona,129524,158393,1997.0
104030,28756,129373,September,25808,29221,Arizona,132786,158594,1997.0
103565,26961,124687,December,22818,28657,Arizona,130526,153344,1997.0
100276,32738,124372,March,24885,33527,Arizona,133014,157899,1998.0
105127,29986,131408,June,25113,28818,Arizona,135113,160226,1998.0
108403,31950,126142,September,12799,27010,Arizona,140353,153152,1998.0
109705,32603,126527,December,10379,26160,Arizona,142308,152687,1998.0
109671,38397,133311,March,15537,30294,Arizona,148068,163605,1999.0
107006,26482,132182,June,35624,36930,Arizona,133488,169112,1999.0
116193,34002,127850,September,7506,29851,Arizona,150195,157701,1999.0
114045,34040,127511,December,9845,30419,Arizona,148085,157930,1999.0
125813,35799,150715,March,23921,34818,Arizona,161612,185533,2000.0
111872,26514,143098,June,32486,27774,Arizona,138386,170872,2000.0
117269,38425,129334,September,2133,28493,Arizona,155694,157827,2000.0
117152,34800,125077,December,4805,31680,Arizona,151952,156757,2000.0
125767,47003,135323,March,-4569,32878,Arizona,172770,168201,2001.0
128230,32283,123931,June,-8309,28273,Arizona,160513,152204,2001.0
127135,35048,116693,September,-12076,33414,Arizona,162183,150107,2001.0
136034,35554,109927,December,-28700,32961,Arizona,171588,142888,2001.0
112194,35956,119145,March,7151,36156,Arizona,148150,155301,2002.0
113511,29833,118428,June,15628,40544,Arizona,143344,158972,2002.0
113098,35538,110332,September,-6266,32038,Arizona,148636,142370,2002.0
112215,25753,114057,December,3985,27896,Arizona,137968,141953,2002.0
110584,34556,122331,March,6996,29805,Arizona,145140,152136,2003.0
108008,27843,114028,June,2961,24784,Arizona,135851,138812,2003.0
100019,31931,113355,September,21872,40467,Arizona,131950,153822,2003.0
103077,26756,118073,December,17311,29071,Arizona,129833,147144,2003.0
101712,31974,125710,March,18897,26873,Arizona,133686,152583,2004.0
97724,33921,126320,June,23742,29067,Arizona,131645,155387,2004.0
104958,30721,120393,September,22444,37730,Arizona,135679,158123,2004.0
107983,22552,126305,December,35542,39772,Arizona,130535,166077,2004.0
114012,32810,136830,March,31892,41884,Arizona,146822,178714,2005.0
109219,28478,134923,June,40381,43155,Arizona,137697,178078,2005.0
104124,27107,138806,September,46314,38739,Arizona,131231,177545,2005.0
114436,29171,126851,December,19543,36299,Arizona,143607,163150,2005.0
106185,24841,141031,March,53605,43600,Arizona,131026,184631,2006.0
122551,30718,131870,June,18674,40073,Arizona,153269,171943,2006.0
122281,30650,136237,September,16575,33269,Arizona,152931,169506,2006.0
128184,30662,126151,December,-1748,30947,Arizona,158846,157098,2006.0
124593,30467,130691,March,12494,36863,Arizona,155060,167554,2007.0
124088,33366,122535,June,-588,34331,Arizona,157454,156866,2007.0
126945,33247,123541,September,-6928,29723,Arizona,160192,153264,2007.0
139769,31183,117443,December,-17997,35512,Arizona,170952,152955,2007.0
127752,28900,107584,March,-19393,29675,Arizona,156652,137259,2008.0
134099,35079,105760,June,-32030,31388,Arizona,169178,137148,2008.0
133121,29961,105565,September,-28136,29381,Arizona,163082,134946,2008.0
156195,35940,95215,December,-67168,29752,Arizona,192135,124967,2008.0
147016,31779,86336,March,-63283,29176,Arizona,178795,115512,2009.0
132648,34633,88118,June,-49923,29240,Arizona,167281,117358,2009.0
115314,28647,100853,September,-18675,24433,Arizona,143961,125286,2009.0
111648,30276,99327,December,-14549,28048,Arizona,141924,127375,2009.0
100872,23591,98766,March,-2170,23527,Arizona,124463,122293,2010.0
96027,28117,98713,June,-2579,22852,Arizona,124144,121565,2010.0
102135,28383,97293,September,-6169,27056,Arizona,130518,124349,2010.0
89253,24980,110011,December,25197,29419,Arizona,114233,139430,2010.0
94694,24086,96111,March,-39,22630,Arizona,118780,118741,2011.0
93958,27401,102473,June,7727,26613,Arizona,121359,129086,2011.0
93482,25528,109664,September,17695,27041,Arizona,119010,136705,2011.0
95541,26469,108368,December,13197,26839,Arizona,122010,135207,2011.0
95985,21701,106107,March,12399,23978,Arizona,117686,130085,2012.0
99581,24328,103971,June,5821,25759,Arizona,123909,129730,2012.0
94531,23447,108452,September,16176,25702,Arizona,117978,134154,2012.0
95659,24923,113549,December,19877,26910,Arizona,120582,140459,2012.0
97791,22348,103105,March,9380,26414,Arizona,120139,129519,2013.0
97115,25424,106797,June,7976,23718,Arizona,122539,130515,2013.0
95825,20729,110724,September,18081,23911,Arizona,116554,134635,2013.0
93047,22460,114502,December,26399,27404,Arizona,115507,141906,2013.0
105274,21519,102026,March,-1626,23141,Arizona,126793,125167,2014.0
101486,24945,106271,June,3024,23184,Arizona,126431,129455,2014.0
95892,22678,111167,September,18318,25721,Arizona,118570,136888,2014.0
91419,22747,124167,December,37047,27046,Arizona,114166,151213,2014.0
104069,21905,106988,March,4405,23391,Arizona,125974,130379,2015.0
101059,24144,107407,June,7025,24821,Arizona,125203,132228,2015.0
96241,24619,120572,September,29390,29678,Arizona,120860,150250,2015.0
97961,25236,123677,December,31814,31334,Arizona,123197,155011,2015.0
106802,23786,111830,March,4993,23751,Arizona,130588,135581,2016.0
110269,28001,110446,June,776,28600,Arizona,138270,139046,2016.0
99283,21285,133453,September,43916,31031,Arizona,120568,164484,2016.0
101444,24869,111000,December,11978,27291,Arizona,126313,138291,2016.0
102247,24457,110214,March,10267,26757,Arizona,126704,136971,2017.0
108231,25953,117792,June,10945,27337,Arizona,134184,145129,2017.0
99945,24840,125410,September,31695,31070,Arizona,124785,156480,2017.0
100633,26157,120322,December,23290,29758,Arizona,126790,150080,2017.0
82808,28656,95512,September,13875,29827,Arizona,111464,125339,1992.0
87961,32085,87681,December,-11410,20955,Arizona,120046,108636,1992.0
82014,15334,94455,March,28420,31313,Arizona,97348,125768,1993.0
80870,20309,101648,June,27746,27277,Arizona,101179,128925,1993.0
87162,24732,103075,September,18725,27544,Arizona,111894,130619,1993.0
83641,24618,101390,December,15973,22842,Arizona,108259,124232,1993.0
88173,22192,104832,March,26491,32024,Arizona,110365,136856,1994.0
84828,21519,116025,June,36915,27237,Arizona,106347,143262,1994.0
89065,24438,111545,September,23980,25938,Arizona,113503,137483,1994.0
90630,23898,104338,December,19829,30019,Arizona,114528,134357,1994.0
89603,32736,122884,March,38300,37755,Arizona,122339,160639,1995.0
97517,24809,118235,June,29493,33584,Arizona,122326,151819,1995.0
101991,25910,114107,September,17007,30801,Arizona,127901,144908,1995.0
100130,24141,118185,December,22797,28883,Arizona,124271,147068,1995.0
97997,33193,126375,March,31391,36206,Arizona,131190,162581,1996.0
103869,23899,118841,June,22704,31631,Arizona,127768,150472,1996.0
103707,29813,118569,September,14864,29815,Arizona,133520,148384,1996.0
104001,28647,120956,December,13426,25118,Arizona,132648,146074,1996.0
109481,28865,129992,March,21747,30101,Arizona,138346,160093,1997.0
99759,29765,122864,June,28869,35529,Arizona,129524,158393,1997.0
104030,28756,129373,September,25808,29221,Arizona,132786,158594,1997.0
103565,26961,124687,December,22818,28657,Arizona,130526,153344,1997.0
100276,32738,124372,March,24885,33527,Arizona,133014,157899,1998.0
105127,29986,131408,June,25113,28818,Arizona,135113,160226,1998.0
108403,31950,126142,September,12799,27010,Arizona,140353,153152,1998.0
109705,32603,126527,December,10379,26160,Arizona,142308,152687,1998.0
109671,38397,133311,March,15537,30294,Arizona,148068,163605,1999.0
107006,26482,132182,June,35624,36930,Arizona,133488,169112,1999.0
116193,34002,127850,September,7506,29851,Arizona,150195,157701,1999.0
114045,34040,127511,December,9845,30419,Arizona,148085,157930,1999.0
125813,35799,150715,March,23921,34818,Arizona,161612,185533,2000.0
111872,26514,143098,June,32486,27774,Arizona,138386,170872,2000.0
117269,38425,129334,September,2133,28493,Arizona,155694,157827,2000.0
117152,34800,125077,December,4805,31680,Arizona,151952,156757,2000.0
125767,47003,135323,March,-4569,32878,Arizona,172770,168201,2001.0
128230,32283,123931,June,-8309,28273,Arizona,160513,152204,2001.0
127135,35048,116693,September,-12076,33414,Arizona,162183,150107,2001.0
136034,35554,109927,December,-28700,32961,Arizona,171588,142888,2001.0
112194,35956,119145,March,7151,36156,Arizona,148150,155301,2002.0
113511,29833,118428,June,15628,40544,Arizona,143344,158972,2002.0
113098,35538,110332,September,-6266,32038,Arizona,148636,142370,2002.0
112215,25753,114057,December,3985,27896,Arizona,137968,141953,2002.0
110584,34556,122331,March,6996,29805,Arizona,145140,152136,2003.0
108008,27843,114028,June,2961,24784,Arizona,135851,138812,2003.0
100019,31931,113355,September,21872,40467,Arizona,131950,153822,2003.0
103077,26756,118073,December,17311,29071,Arizona,129833,147144,2003.0
101712,31974,125710,March,18897,26873,Arizona,133686,152583,2004.0
97724,33921,126320,June,23742,29067,Arizona,131645,155387,2004.0
104958,30721,120393,September,22444,37730,Arizona,135679,158123,2004.0
107983,22552,126305,December,35542,39772,Arizona,130535,166077,2004.0
114012,32810,136830,March,31892,41884,Arizona,146822,178714,2005.0
109219,28478,134923,June,40381,43155,Arizona,137697,178078,2005.0
104124,27107,138806,September,46314,38739,Arizona,131231,177545,2005.0
114436,29171,126851,December,19543,36299,Arizona,143607,163150,2005.0
106185,24841,141031,March,53605,43600,Arizona,131026,184631,2006.0
122551,30718,131870,June,18674,40073,Arizona,153269,171943,2006.0
122281,30650,136237,September,16575,33269,Arizona,152931,169506,2006.0
128184,30662,126151,December,-1748,30947,Arizona,158846,157098,2006.0
124593,30467,130691,March,12494,36863,Arizona,155060,167554,2007.0
124088,33366,122535,June,-588,34331,Arizona,157454,156866,2007.0
126945,33247,123541,September,-6928,29723,Arizona,160192,153264,2007.0
139769,31183,117443,December,-17997,35512,Arizona,170952,152955,2007.0
127752,28900,107584,March,-19393,29675,Arizona,156652,137259,2008.0
134099,35079,105760,June,-32030,31388,Arizona,169178,137148,2008.0
133121,29961,105565,September,-28136,29381,Arizona,163082,134946,2008.0
156195,35940,95215,December,-67168,29752,Arizona,192135,124967,2008.0
147016,31779,86336,March,-63283,29176,Arizona,178795,115512,2009.0
132648,34633,88118,June,-49923,29240,Arizona,167281,117358,2009.0
115314,28647,100853,September,-18675,24433,Arizona,143961,125286,2009.0
111648,30276,99327,December,-14549,28048,Arizona,141924,127375,2009.0
100872,23591,98766,March,-2170,23527,Arizona,124463,122293,2010.0
96027,28117,98713,June,-2579,22852,Arizona,124144,121565,2010.0
102135,28383,97293,September,-6169,27056,Arizona,130518,124349,2010.0
89253,24980,110011,December,25197,29419,Arizona,114233,139430,2010.0
94694,24086,96111,March,-39,22630,Arizona,118780,118741,2011.0
93958,27401,102473,June,7727,26613,Arizona,121359,129086,2011.0
93482,25528,109664,September,17695,27041,Arizona,119010,136705,2011.0
95541,26469,108368,December,13197,26839,Arizona,122010,135207,2011.0
95985,21701,106107,March,12399,23978,Arizona,117686,130085,2012.0
99581,24328,103971,June,5821,25759,Arizona,123909,129730,2012.0
94531,23447,108452,September,16176,25702,Arizona,117978,134154,2012.0
95659,24923,113549,December,19877,26910,Arizona,120582,140459,2012.0
97791,22348,103105,March,9380,26414,Arizona,120139,129519,2013.0
97115,25424,106797,June,7976,23718,Arizona,122539,130515,2013.0
95825,20729,110724,September,18081,23911,Arizona,116554,134635,2013.0
93047,22460,114502,December,26399,27404,Arizona,115507,141906,2013.0
105274,21519,102026,March,-1626,23141,Arizona,126793,125167,2014.0
101486,24945,106271,June,3024,23184,Arizona,126431,129455,2014.0
95892,22678,111167,September,18318,25721,Arizona,118570,136888,2014.0
91419,22747,124167,December,37047,27046,Arizona,114166,151213,2014.0
104069,21905,106988,March,4405,23391,Arizona,125974,130379,2015.0
101059,24144,107407,June,7025,24821,Arizona,125203,132228,2015.0
96241,24619,120572,September,29390,29678,Arizona,120860,150250,2015.0
97961,25236,123677,December,31814,31334,Arizona,123197,155011,2015.0
106802,23786,111830,March,4993,23751,Arizona,130588,135581,2016.0
110269,28001,110446,June,776,28600,Arizona,138270,139046,2016.0
99283,21285,133453,September,43916,31031,Arizona,120568,164484,2016.0
101444,24869,111000,December,11978,27291,Arizona,126313,138291,2016.0
102247,24457,110214,March,10267,26757,Arizona,126704,136971,2017.0
108231,25953,117792,June,10945,27337,Arizona,134184,145129,2017.0
99945,24840,125410,September,31695,31070,Arizona,124785,156480,2017.0
100633,26157,120322,December,23290,29758,Arizona,126790,150080,2017.0
42665,10438,43487,September,457,10073,Arkansas,53103,53560,1992.0
41775,8600,45557,December,4999,9817,Arkansas,50375,55374,1992.0
41831,10576,46444,March,6367,12330,Arkansas,52407,58774,1993.0
37952,8288,49177,June,13834,10897,Arkansas,46240,60074,1993.0
40601,8177,47254,September,11118,12642,Arkansas,48778,59896,1993.0
42378,7144,47098,December,5538,7962,Arkansas,49522,55060,1993.0
42778,9048,44057,March,5562,13331,Arkansas,51826,57388,1994.0
38815,8718,54605,June,17717,10645,Arkansas,47533,65250,1994.0
41375,8640,52860,September,14642,11797,Arkansas,50015,64657,1994.0
46341,11067,45072,December,-652,11684,Arkansas,57408,56756,1994.0
45973,9390,50716,March,10281,14928,Arkansas,55363,65644,1995.0
46063,11311,50359,June,5533,12548,Arkansas,57374,62907,1995.0
46881,8745,51441,September,9947,14132,Arkansas,55626,65573,1995.0
50726,10477,48976,December,804,13031,Arkansas,61203,62007,1995.0
50454,9212,47734,March,-35,11897,Arkansas,59666,59631,1996.0
47120,9683,52949,June,7724,11578,Arkansas,56803,64527,1996.0
50277,9013,49380,September,703,10613,Arkansas,59290,59993,1996.0
50096,9101,48334,December,-946,9917,Arkansas,59197,58251,1996.0
48575,11616,49915,March,2723,12999,Arkansas,60191,62914,1997.0
44009,9902,50834,June,7906,10983,Arkansas,53911,61817,1997.0
45795,10935,53932,September,7969,10767,Arkansas,56730,64699,1997.0
47330,10908,51721,December,6231,12748,Arkansas,58238,64469,1997.0
51992,9183,47963,March,-3581,9631,Arkansas,61175,57594,1998.0
48314,10430,51621,June,6394,13517,Arkansas,58744,65138,1998.0
52990,10036,51286,September,13,11753,Arkansas,63026,63039,1998.0
50336,10546,52161,December,3325,12046,Arkansas,60882,64207,1998.0
50296,10244,51620,March,4543,13463,Arkansas,60540,65083,1999.0
48288,10554,51976,June,4222,11088,Arkansas,58842,63064,1999.0
47956,9785,51283,September,5116,11574,Arkansas,57741,62857,1999.0
48096,9583,55251,December,10188,12616,Arkansas,57679,67867,1999.0
48971,10461,51402,March,3977,12007,Arkansas,59432,63409,2000.0
50604,11577,49712,June,-611,11858,Arkansas,62181,61570,2000.0
52283,10394,50792,September,-299,11586,Arkansas,62677,62378,2000.0
52816,10069,49107,December,-2207,11571,Arkansas,62885,60678,2000.0
50607,14162,53355,March,1572,12986,Arkansas,64769,66341,2001.0
55928,13429,50143,June,-4542,14672,Arkansas,69357,64815,2001.0
56357,11594,50418,September,-5871,11662,Arkansas,67951,62080,2001.0
54214,11927,45647,December,-8258,12236,Arkansas,66141,57883,2001.0
48884,9918,51207,March,3308,10903,Arkansas,58802,62110,2002.0
50826,9627,50802,June,3437,13088,Arkansas,60453,63890,2002.0
48295,12170,46531,September,-2291,11643,Arkansas,60465,58174,2002.0
49731,9139,45133,December,-3438,10299,Arkansas,58870,55432,2002.0
50345,10031,44709,March,-6195,9472,Arkansas,60376,54181,2003.0
49853,10528,45555,June,-4528,10298,Arkansas,60381,55853,2003.0
44413,9001,50085,September,6615,9944,Arkansas,53414,60029,2003.0
43871,9218,46075,December,4448,11462,Arkansas,53089,57537,2003.0
49831,9389,52218,March,3177,10179,Arkansas,59220,62397,2004.0
46367,9946,47508,June,1523,10328,Arkansas,56313,57836,2004.0
44978,8153,46033,September,3267,10365,Arkansas,53131,56398,2004.0
44942,9532,48860,December,5604,11218,Arkansas,54474,60078,2004.0
45238,11863,50803,March,5507,11805,Arkansas,57101,62608,2005.0
47933,12074,47034,June,-63,12910,Arkansas,60007,59944,2005.0
45367,9685,50696,September,6907,11263,Arkansas,55052,61959,2005.0
45642,9835,48327,December,4126,11276,Arkansas,55477,59603,2005.0
44508,9829,50557,March,10612,14392,Arkansas,54337,64949,2006.0
50642,9229,46708,June,324,13487,Arkansas,59871,60195,2006.0
53311,10100,46392,September,-5447,11572,Arkansas,63411,57964,2006.0
49310,9742,49818,December,2543,11777,Arkansas,59052,61595,2006.0
45533,9584,52092,March,7551,10576,Arkansas,55117,62668,2007.0
52788,9035,45299,June,-6665,9859,Arkansas,61823,55158,2007.0
48404,9301,46472,September,-1485,9748,Arkansas,57705,56220,2007.0
47607,10236,48945,December,2571,11469,Arkansas,57843,60414,2007.0
47125,10532,46820,March,1354,12191,Arkansas,57657,59011,2008.0
53077,10790,45314,June,-7042,11511,Arkansas,63867,56825,2008.0
49924,12400,47614,September,-2685,12025,Arkansas,62324,59639,2008.0
55721,11871,43267,December,-12690,11635,Arkansas,67592,54902,2008.0
56159,11713,42773,March,-13532,11567,Arkansas,67872,54340,2009.0
57379,11558,40511,June,-17309,11117,Arkansas,68937,51628,2009.0
46810,14707,42383,September,-6788,12346,Arkansas,61517,54729,2009.0
44644,9849,43861,December,4029,14661,Arkansas,54493,58522,2009.0
42689,9746,44714,March,1591,9312,Arkansas,52435,54026,2010.0
43422,9286,49931,June,8813,11590,Arkansas,52708,61521,2010.0
46673,11223,45338,September,-2674,9884,Arkansas,57896,55222,2010.0
46404,11561,44004,December,-4905,9056,Arkansas,57965,53060,2010.0
42147,12931,43597,March,3273,14754,Arkansas,55078,58351,2011.0
42513,14774,42329,June,-1005,13953,Arkansas,57287,56282,2011.0
41511,12909,46612,September,9349,17157,Arkansas,54420,63769,2011.0
43544,7255,44348,December,8762,15213,Arkansas,50799,59561,2011.0
44148,9099,46232,March,1753,8768,Arkansas,53247,55000,2012.0
45212,8487,43288,June,-979,9432,Arkansas,53699,52720,2012.0
48707,8765,42015,September,-6023,9434,Arkansas,57472,51449,2012.0
40790,9593,46020,December,5575,9938,Arkansas,50383,55958,2012.0
44950,9576,44077,March,693,11142,Arkansas,54526,55219,2013.0
46992,9336,39636,June,-5740,10952,Arkansas,56328,50588,2013.0
43817,9081,45036,September,1648,9510,Arkansas,52898,54546,2013.0
42910,9779,45550,December,2906,10045,Arkansas,52689,55595,2013.0
40198,8868,46588,March,7057,9535,Arkansas,49066,56123,2014.0
42963,7523,44013,June,2847,9320,Arkansas,50486,53333,2014.0
43024,9222,47564,September,4521,9203,Arkansas,52246,56767,2014.0
39304,9349,51809,December,14634,11478,Arkansas,48653,63287,2014.0
48021,8527,42853,March,-3843,9852,Arkansas,56548,52705,2015.0
43789,7926,48962,June,6568,9321,Arkansas,51715,58283,2015.0
42852,8828,48818,September,7964,10826,Arkansas,51680,59644,2015.0
43035,9346,50648,December,10321,12054,Arkansas,52381,62702,2015.0
46022,8386,45143,March,232,9497,Arkansas,54408,54640,2016.0
49467,8435,44812,June,-3870,9220,Arkansas,57902,54032,2016.0
46272,8621,49704,September,6629,11818,Arkansas,54893,61522,2016.0
44060,9832,47550,December,4170,10512,Arkansas,53892,58062,2016.0
41543,9230,46382,March,5378,9769,Arkansas,50773,56151,2017.0
48613,8145,43437,June,-3868,9453,Arkansas,56758,52890,2017.0
45630,8870,46975,September,2074,9599,Arkansas,54500,56574,2017.0
39326,10713,49049,December,9304,10294,Arkansas,50039,59343,2017.0
42665,10438,43487,September,457,10073,Arkansas,53103,53560,1992.0
41775,8600,45557,December,4999,9817,Arkansas,50375,55374,1992.0
41831,10576,46444,March,6367,12330,Arkansas,52407,58774,1993.0
37952,8288,49177,June,13834,10897,Arkansas,46240,60074,1993.0
40601,8177,47254,September,11118,12642,Arkansas,48778,59896,1993.0
42378,7144,47098,December,5538,7962,Arkansas,49522,55060,1993.0
42778,9048,44057,March,5562,13331,Arkansas,51826,57388,1994.0
38815,8718,54605,June,17717,10645,Arkansas,47533,65250,1994.0
41375,8640,52860,September,14642,11797,Arkansas,50015,64657,1994.0
46341,11067,45072,December,-652,11684,Arkansas,57408,56756,1994.0
45973,9390,50716,March,10281,14928,Arkansas,55363,65644,1995.0
46063,11311,50359,June,5533,12548,Arkansas,57374,62907,1995.0
46881,8745,51441,September,9947,14132,Arkansas,55626,65573,1995.0
50726,10477,48976,December,804,13031,Arkansas,61203,62007,1995.0
50454,9212,47734,March,-35,11897,Arkansas,59666,59631,1996.0
47120,9683,52949,June,7724,11578,Arkansas,56803,64527,1996.0
50277,9013,49380,September,703,10613,Arkansas,59290,59993,1996.0
50096,9101,48334,December,-946,9917,Arkansas,59197,58251,1996.0
48575,11616,49915,March,2723,12999,Arkansas,60191,62914,1997.0
44009,9902,50834,June,7906,10983,Arkansas,53911,61817,1997.0
45795,10935,53932,September,7969,10767,Arkansas,56730,64699,1997.0
47330,10908,51721,December,6231,12748,Arkansas,58238,64469,1997.0
51992,9183,47963,March,-3581,9631,Arkansas,61175,57594,1998.0
48314,10430,51621,June,6394,13517,Arkansas,58744,65138,1998.0
52990,10036,51286,September,13,11753,Arkansas,63026,63039,1998.0
50336,10546,52161,December,3325,12046,Arkansas,60882,64207,1998.0
50296,10244,51620,March,4543,13463,Arkansas,60540,65083,1999.0
48288,10554,51976,June,4222,11088,Arkansas,58842,63064,1999.0
47956,9785,51283,September,5116,11574,Arkansas,57741,62857,1999.0
48096,9583,55251,December,10188,12616,Arkansas,57679,67867,1999.0
48971,10461,51402,March,3977,12007,Arkansas,59432,63409,2000.0
50604,11577,49712,June,-611,11858,Arkansas,62181,61570,2000.0
52283,10394,50792,September,-299,11586,Arkansas,62677,62378,2000.0
52816,10069,49107,December,-2207,11571,Arkansas,62885,60678,2000.0
50607,14162,53355,March,1572,12986,Arkansas,64769,66341,2001.0
55928,13429,50143,June,-4542,14672,Arkansas,69357,64815,2001.0
56357,11594,50418,September,-5871,11662,Arkansas,67951,62080,2001.0
54214,11927,45647,December,-8258,12236,Arkansas,66141,57883,2001.0
48884,9918,51207,March,3308,10903,Arkansas,58802,62110,2002.0
50826,9627,50802,June,3437,13088,Arkansas,60453,63890,2002.0
48295,12170,46531,September,-2291,11643,Arkansas,60465,58174,2002.0
49731,9139,45133,December,-3438,10299,Arkansas,58870,55432,2002.0
50345,10031,44709,March,-6195,9472,Arkansas,60376,54181,2003.0
49853,10528,45555,June,-4528,10298,Arkansas,60381,55853,2003.0
44413,9001,50085,September,6615,9944,Arkansas,53414,60029,2003.0
43871,9218,46075,December,4448,11462,Arkansas,53089,57537,2003.0
49831,9389,52218,March,3177,10179,Arkansas,59220,62397,2004.0
46367,9946,47508,June,1523,10328,Arkansas,56313,57836,2004.0
44978,8153,46033,September,3267,10365,Arkansas,53131,56398,2004.0
44942,9532,48860,December,5604,11218,Arkansas,54474,60078,2004.0
45238,11863,50803,March,5507,11805,Arkansas,57101,62608,2005.0
47933,12074,47034,June,-63,12910,Arkansas,60007,59944,2005.0
45367,9685,50696,September,6907,11263,Arkansas,55052,61959,2005.0
45642,9835,48327,December,4126,11276,Arkansas,55477,59603,2005.0
44508,9829,50557,March,10612,14392,Arkansas,54337,64949,2006.0
50642,9229,46708,June,324,13487,Arkansas,59871,60195,2006.0
53311,10100,46392,September,-5447,11572,Arkansas,63411,57964,2006.0
49310,9742,49818,December,2543,11777,Arkansas,59052,61595,2006.0
45533,9584,52092,March,7551,10576,Arkansas,55117,62668,2007.0
52788,9035,45299,June,-6665,9859,Arkansas,61823,55158,2007.0
48404,9301,46472,September,-1485,9748,Arkansas,57705,56220,2007.0
47607,10236,48945,December,2571,11469,Arkansas,57843,60414,2007.0
47125,10532,46820,March,1354,12191,Arkansas,57657,59011,2008.0
53077,10790,45314,June,-7042,11511,Arkansas,63867,56825,2008.0
49924,12400,47614,September,-2685,12025,Arkansas,62324,59639,2008.0
55721,11871,43267,December,-12690,11635,Arkansas,67592,54902,2008.0
56159,11713,42773,March,-13532,11567,Arkansas,67872,54340,2009.0
57379,11558,40511,June,-17309,11117,Arkansas,68937,51628,2009.0
46810,14707,42383,September,-6788,12346,Arkansas,61517,54729,2009.0
44644,9849,43861,December,4029,14661,Arkansas,54493,58522,2009.0
42689,9746,44714,March,1591,9312,Arkansas,52435,54026,2010.0
43422,9286,49931,June,8813,11590,Arkansas,52708,61521,2010.0
46673,11223,45338,September,-2674,9884,Arkansas,57896,55222,2010.0
46404,11561,44004,December,-4905,9056,Arkansas,57965,53060,2010.0
42147,12931,43597,March,3273,14754,Arkansas,55078,58351,2011.0
42513,14774,42329,June,-1005,13953,Arkansas,57287,56282,2011.0
41511,12909,46612,September,9349,17157,Arkansas,54420,63769,2011.0
43544,7255,44348,December,8762,15213,Arkansas,50799,59561,2011.0
44148,9099,46232,March,1753,8768,Arkansas,53247,55000,2012.0
45212,8487,43288,June,-979,9432,Arkansas,53699,52720,2012.0
48707,8765,42015,September,-6023,9434,Arkansas,57472,51449,2012.0
40790,9593,46020,December,5575,9938,Arkansas,50383,55958,2012.0
44950,9576,44077,March,693,11142,Arkansas,54526,55219,2013.0
46992,9336,39636,June,-5740,10952,Arkansas,56328,50588,2013.0
43817,9081,45036,September,1648,9510,Arkansas,52898,54546,2013.0
42910,9779,45550,December,2906,10045,Arkansas,52689,55595,2013.0
40198,8868,46588,March,7057,9535,Arkansas,49066,56123,2014.0
42963,7523,44013,June,2847,9320,Arkansas,50486,53333,2014.0
43024,9222,47564,September,4521,9203,Arkansas,52246,56767,2014.0
39304,9349,51809,December,14634,11478,Arkansas,48653,63287,2014.0
48021,8527,42853,March,-3843,9852,Arkansas,56548,52705,2015.0
43789,7926,48962,June,6568,9321,Arkansas,51715,58283,2015.0
42852,8828,48818,September,7964,10826,Arkansas,51680,59644,2015.0
43035,9346,50648,December,10321,12054,Arkansas,52381,62702,2015.0
46022,8386,45143,March,232,9497,Arkansas,54408,54640,2016.0
49467,8435,44812,June,-3870,9220,Arkansas,57902,54032,2016.0
46272,8621,49704,September,6629,11818,Arkansas,54893,61522,2016.0
44060,9832,47550,December,4170,10512,Arkansas,53892,58062,2016.0
41543,9230,46382,March,5378,9769,Arkansas,50773,56151,2017.0
48613,8145,43437,June,-3868,9453,Arkansas,56758,52890,2017.0
45630,8870,46975,September,2074,9599,Arkansas,54500,56574,2017.0
39326,10713,49049,December,9304,10294,Arkansas,50039,59343,2017.0
813412,182298,774397,September,-6629,214684,California,995710,989081,1992.0
831466,208742,723108,December,-146386,170714,California,1040208,893822,1992.0
745341,234523,702348,March,-31425,246091,California,979864,948439,1993.0
715818,199116,704638,June,-12675,197621,California,914934,902259,1993.0
707395,173036,750586,September,89329,219174,California,880431,969760,1993.0
735557,197100,710544,December,-36408,185705,California,932657,896249,1993.0
683686,218097,751651,March,77394,227526,California,901783,979177,1994.0
694087,248485,719728,June,-6369,216475,California,942572,936203,1994.0
699676,146360,787568,September,159027,217495,California,846036,1005063,1994.0
719693,231867,759376,December,-10354,181830,California,951560,941206,1994.0
737927,184364,771324,March,63846,214813,California,922291,986137,1995.0
727310,192205,785738,June,86521,220298,California,919515,1006036,1995.0
711566,266367,908089,September,154894,224738,California,977933,1132827,1995.0
802259,242394,814596,December,1857,231914,California,1044653,1046510,1995.0
764283,225403,873004,March,139439,256121,California,989686,1129125,1996.0
789973,232532,856098,June,95801,262208,California,1022505,1118306,1996.0
822197,266826,853087,September,37632,273568,California,1089023,1126655,1996.0
745480,231092,858924,December,110966,228614,California,976572,1087538,1996.0
776132,243798,869480,March,138379,288829,California,1019930,1158309,1997.0
762600,246178,852716,June,76766,232828,California,1008778,1085544,1997.0
762175,311075,935323,September,104962,242889,California,1073250,1178212,1997.0
840054,282509,843946,December,-17587,261030,California,1122563,1104976,1997.0
741407,308636,911298,March,257575,396320,California,1050043,1307618,1998.0
859524,336557,852144,June,-12579,331358,California,1196081,1183502,1998.0
736940,208995,873378,September,223661,296218,California,945935,1169596,1998.0
755106,229349,853551,December,70216,201120,California,984455,1054671,1998.0
852341,258755,822588,March,-16166,272342,California,1111096,1094930,1999.0
737398,239546,838039,June,109680,248585,California,976944,1086624,1999.0
754123,241000,890569,September,150788,255342,California,995123,1145911,1999.0
765694,229274,875827,December,156049,275190,California,994968,1151017,1999.0
811130,260771,902195,March,100853,270559,California,1071901,1172754,2000.0
805118,233105,916912,June,124777,246088,California,1038223,1163000,2000.0
771113,249541,896510,September,113560,237704,California,1020654,1134214,2000.0
783187,239469,878210,December,70757,215203,California,1022656,1093413,2000.0
862376,279496,906613,March,36390,271649,California,1141872,1178262,2001.0
953821,268179,828212,June,-140308,253480,California,1222000,1081692,2001.0
919718,282770,774329,September,-187942,240217,California,1202488,1014546,2001.0
879693,231961,758757,December,-102072,250825,California,1111654,1009582,2001.0
820262,247222,860565,March,49241,256160,California,1067484,1116725,2002.0
812371,260987,804668,June,-9183,259507,California,1073358,1064175,2002.0
843784,237733,786428,September,-52733,242356,California,1081517,1028784,2002.0
765899,222879,777212,December,4821,216387,California,988778,993599,2002.0
798518,223772,798393,March,762,224659,California,1022290,1023052,2003.0
780074,218216,780430,June,11444,229304,California,998290,1009734,2003.0
781859,210528,750319,September,-35727,206341,California,992387,956660,2003.0
740815,238736,778694,December,27919,228776,California,979551,1007470,2003.0
737801,222543,878174,March,132036,214206,California,960344,1092380,2004.0
720571,234408,774307,June,18154,198826,California,954979,973133,2004.0
748802,243517,778760,September,39980,253539,California,992319,1032299,2004.0
723380,265883,801600,December,52280,239943,California,989263,1041543,2004.0
721123,208674,780287,March,86142,235652,California,929797,1015939,2005.0
740068,212127,776658,June,38609,214146,California,952195,990804,2005.0
710250,196637,808323,September,126419,224983,California,906887,1033306,2005.0
710296,204736,793689,December,93449,214792,California,915032,1008481,2005.0
749362,190018,790478,March,52608,201510,California,939380,991988,2006.0
733299,211006,773323,June,33298,204280,California,944305,977603,2006.0
758978,199710,756486,September,-6910,195292,California,958688,951778,2006.0
747407,208557,774205,December,32159,213918,California,955964,988123,2006.0
767954,200202,815263,March,52868,205761,California,968156,1021024,2007.0
775210,216435,775907,June,-16467,199271,California,991645,975178,2007.0
781251,203621,739757,September,-26447,218668,California,984872,958425,2007.0
772953,206711,792260,December,41344,228748,California,979664,1021008,2007.0
818591,211175,737079,March,-96423,196264,California,1029766,933343,2008.0
797725,215123,748628,June,-53728,210492,California,1012848,959120,2008.0
807367,202278,679590,September,-130187,199868,California,1009645,879458,2008.0
868853,221431,648658,December,-240726,200900,California,1090284,849558,2008.0
902748,213118,571148,March,-375165,169553,California,1115866,740701,2009.0
776421,214750,618940,June,-188722,183509,California,991171,802449,2009.0
723679,241617,617855,September,-161067,186374,California,965296,804229,2009.0
673800,197762,645875,December,-7924,217763,California,871562,863638,2009.0
677065,215482,633714,March,-77039,181794,California,892547,815508,2010.0
634545,182727,712844,June,98293,202721,California,817272,915565,2010.0
662875,183542,651217,September,-9899,185301,California,846417,836518,2010.0
629328,181589,700123,December,91791,202585,California,810917,902708,2010.0
638177,173178,633826,March,1565,179094,California,811355,812920,2011.0
587117,224114,695449,June,77155,192937,California,811231,888386,2011.0
673478,185745,744523,September,91159,205859,California,859223,950382,2011.0
629104,183578,690860,December,76490,198312,California,812682,889172,2011.0
614082,158595,704520,March,153472,221629,California,772677,926149,2012.0
629130,159629,725471,June,142303,205591,California,788759,931062,2012.0
666157,153335,697351,September,45084,167225,California,819492,864576,2012.0
634297,138503,740524,December,158007,190283,California,772800,930807,2012.0
629314,157570,732350,March,94109,148643,California,786884,880993,2013.0
656662,173603,736015,June,84825,179075,California,830265,915090,2013.0
661792,153827,721329,September,82166,176456,California,815619,897785,2013.0
670596,148149,766118,December,149707,202334,California,818745,968452,2013.0
667328,161890,749025,March,88301,168494,California,829218,917519,2014.0
708124,155801,770794,June,75644,168775,California,863925,939569,2014.0
669397,178449,766502,September,106380,187724,California,847846,954226,2014.0
696140,178173,802747,December,132648,204214,California,874313,1006961,2014.0
663742,195859,776713,March,102774,185662,California,859601,962375,2015.0
710733,183746,765050,June,57168,186597,California,894479,951647,2015.0
657577,163520,782728,September,139751,178120,California,821097,960848,2015.0
736950,192060,860428,December,147520,216102,California,929010,1076530,2015.0
703897,190882,756505,March,48992,187266,California,894779,943771,2016.0
739389,194486,769685,June,48039,212229,California,933875,981914,2016.0
706072,174169,775707,September,110232,214766,California,880241,990473,2016.0
720440,189752,769675,December,69991,210508,California,910192,980183,2016.0
693778,178535,778664,March,90527,184176,California,872313,962840,2017.0
784603,178617,803960,June,45269,204529,California,963220,1008489,2017.0
738067,183020,769491,September,24333,175929,California,921087,945420,2017.0
693959,184652,807863,December,134282,205030,California,878611,1012893,2017.0
813412,182298,774397,September,-6629,214684,California,995710,989081,1992.0
831466,208742,723108,December,-146386,170714,California,1040208,893822,1992.0
745341,234523,702348,March,-31425,246091,California,979864,948439,1993.0
715818,199116,704638,June,-12675,197621,California,914934,902259,1993.0
707395,173036,750586,September,89329,219174,California,880431,969760,1993.0
735557,197100,710544,December,-36408,185705,California,932657,896249,1993.0
683686,218097,751651,March,77394,227526,California,901783,979177,1994.0
694087,248485,719728,June,-6369,216475,California,942572,936203,1994.0
699676,146360,787568,September,159027,217495,California,846036,1005063,1994.0
719693,231867,759376,December,-10354,181830,California,951560,941206,1994.0
737927,184364,771324,March,63846,214813,California,922291,986137,1995.0
727310,192205,785738,June,86521,220298,California,919515,1006036,1995.0
711566,266367,908089,September,154894,224738,California,977933,1132827,1995.0
802259,242394,814596,December,1857,231914,California,1044653,1046510,1995.0
764283,225403,873004,March,139439,256121,California,989686,1129125,1996.0
789973,232532,856098,June,95801,262208,California,1022505,1118306,1996.0
822197,266826,853087,September,37632,273568,California,1089023,1126655,1996.0
745480,231092,858924,December,110966,228614,California,976572,1087538,1996.0
776132,243798,869480,March,138379,288829,California,1019930,1158309,1997.0
762600,246178,852716,June,76766,232828,California,1008778,1085544,1997.0
762175,311075,935323,September,104962,242889,California,1073250,1178212,1997.0
840054,282509,843946,December,-17587,261030,California,1122563,1104976,1997.0
741407,308636,911298,March,257575,396320,California,1050043,1307618,1998.0
859524,336557,852144,June,-12579,331358,California,1196081,1183502,1998.0
736940,208995,873378,September,223661,296218,California,945935,1169596,1998.0
755106,229349,853551,December,70216,201120,California,984455,1054671,1998.0
852341,258755,822588,March,-16166,272342,California,1111096,1094930,1999.0
737398,239546,838039,June,109680,248585,California,976944,1086624,1999.0
754123,241000,890569,September,150788,255342,California,995123,1145911,1999.0
765694,229274,875827,December,156049,275190,California,994968,1151017,1999.0
811130,260771,902195,March,100853,270559,California,1071901,1172754,2000.0
805118,233105,916912,June,124777,246088,California,1038223,1163000,2000.0
771113,249541,896510,September,113560,237704,California,1020654,1134214,2000.0
783187,239469,878210,December,70757,215203,California,1022656,1093413,2000.0
862376,279496,906613,March,36390,271649,California,1141872,1178262,2001.0
953821,268179,828212,June,-140308,253480,California,1222000,1081692,2001.0
919718,282770,774329,September,-187942,240217,California,1202488,1014546,2001.0
879693,231961,758757,December,-102072,250825,California,1111654,1009582,2001.0
820262,247222,860565,March,49241,256160,California,1067484,1116725,2002.0
812371,260987,804668,June,-9183,259507,California,1073358,1064175,2002.0
843784,237733,786428,September,-52733,242356,California,1081517,1028784,2002.0
765899,222879,777212,December,4821,216387,California,988778,993599,2002.0
798518,223772,798393,March,762,224659,California,1022290,1023052,2003.0
780074,218216,780430,June,11444,229304,California,998290,1009734,2003.0
781859,210528,750319,September,-35727,206341,California,992387,956660,2003.0
740815,238736,778694,December,27919,228776,California,979551,1007470,2003.0
737801,222543,878174,March,132036,214206,California,960344,1092380,2004.0
720571,234408,774307,June,18154,198826,California,954979,973133,2004.0
748802,243517,778760,September,39980,253539,California,992319,1032299,2004.0
723380,265883,801600,December,52280,239943,California,989263,1041543,2004.0
721123,208674,780287,March,86142,235652,California,929797,1015939,2005.0
740068,212127,776658,June,38609,214146,California,952195,990804,2005.0
710250,196637,808323,September,126419,224983,California,906887,1033306,2005.0
710296,204736,793689,December,93449,214792,California,915032,1008481,2005.0
749362,190018,790478,March,52608,201510,California,939380,991988,2006.0
733299,211006,773323,June,33298,204280,California,944305,977603,2006.0
758978,199710,756486,September,-6910,195292,California,958688,951778,2006.0
747407,208557,774205,December,32159,213918,California,955964,988123,2006.0
767954,200202,815263,March,52868,205761,California,968156,1021024,2007.0
775210,216435,775907,June,-16467,199271,California,991645,975178,2007.0
781251,203621,739757,September,-26447,218668,California,984872,958425,2007.0
772953,206711,792260,December,41344,228748,California,979664,1021008,2007.0
818591,211175,737079,March,-96423,196264,California,1029766,933343,2008.0
797725,215123,748628,June,-53728,210492,California,1012848,959120,2008.0
807367,202278,679590,September,-130187,199868,California,1009645,879458,2008.0
868853,221431,648658,December,-240726,200900,California,1090284,849558,2008.0
902748,213118,571148,March,-375165,169553,California,1115866,740701,2009.0
776421,214750,618940,June,-188722,183509,California,991171,802449,2009.0
723679,241617,617855,September,-161067,186374,California,965296,804229,2009.0
673800,197762,645875,December,-7924,217763,California,871562,863638,2009.0
677065,215482,633714,March,-77039,181794,California,892547,815508,2010.0
634545,182727,712844,June,98293,202721,California,817272,915565,2010.0
662875,183542,651217,September,-9899,185301,California,846417,836518,2010.0
629328,181589,700123,December,91791,202585,California,810917,902708,2010.0
638177,173178,633826,March,1565,179094,California,811355,812920,2011.0
587117,224114,695449,June,77155,192937,California,811231,888386,2011.0
673478,185745,744523,September,91159,205859,California,859223,950382,2011.0
629104,183578,690860,December,76490,198312,California,812682,889172,2011.0
614082,158595,704520,March,153472,221629,California,772677,926149,2012.0
629130,159629,725471,June,142303,205591,California,788759,931062,2012.0
666157,153335,697351,September,45084,167225,California,819492,864576,2012.0
634297,138503,740524,December,158007,190283,California,772800,930807,2012.0
629314,157570,732350,March,94109,148643,California,786884,880993,2013.0
656662,173603,736015,June,84825,179075,California,830265,915090,2013.0
661792,153827,721329,September,82166,176456,California,815619,897785,2013.0
670596,148149,766118,December,149707,202334,California,818745,968452,2013.0
667328,161890,749025,March,88301,168494,California,829218,917519,2014.0
708124,155801,770794,June,75644,168775,California,863925,939569,2014.0
669397,178449,766502,September,106380,187724,California,847846,954226,2014.0
696140,178173,802747,December,132648,204214,California,874313,1006961,2014.0
663742,195859,776713,March,102774,185662,California,859601,962375,2015.0
710733,183746,765050,June,57168,186597,California,894479,951647,2015.0
657577,163520,782728,September,139751,178120,California,821097,960848,2015.0
736950,192060,860428,December,147520,216102,California,929010,1076530,2015.0
703897,190882,756505,March,48992,187266,California,894779,943771,2016.0
739389,194486,769685,June,48039,212229,California,933875,981914,2016.0
706072,174169,775707,September,110232,214766,California,880241,990473,2016.0
720440,189752,769675,December,69991,210508,California,910192,980183,2016.0
693778,178535,778664,March,90527,184176,California,872313,962840,2017.0
784603,178617,803960,June,45269,204529,California,963220,1008489,2017.0
738067,183020,769491,September,24333,175929,California,921087,945420,2017.0
693959,184652,807863,December,134282,205030,California,878611,1012893,2017.0
79409,20898,96137,September,24255,28425,Colorado,100307,124562,1992.0
84327,21445,94937,December,14638,25473,Colorado,105772,120410,1992.0
83113,21960,99528,March,24405,29950,Colorado,105073,129478,1993.0
87677,25855,94090,June,8318,27760,Colorado,113532,121850,1993.0
88870,18751,101386,September,21743,27978,Colorado,107621,129364,1993.0
88555,22415,105994,December,25114,30090,Colorado,110970,136084,1993.0
103358,16077,104749,March,14374,29060,Colorado,119435,133809,1994.0
96837,17315,102580,June,22128,33700,Colorado,114152,136280,1994.0
99822,16401,110690,September,21649,27182,Colorado,116223,137872,1994.0
100018,18238,114580,December,29616,33292,Colorado,118256,147872,1994.0
104055,19571,113265,March,19841,30202,Colorado,123626,143467,1995.0
112087,19616,103149,June,-250,28304,Colorado,131703,131453,1995.0
109279,18489,114583,September,23168,36353,Colorado,127768,150936,1995.0
102937,20724,110981,December,21050,33730,Colorado,123661,144711,1995.0
111967,21191,115156,March,12275,30277,Colorado,133158,145433,1996.0
110542,23809,113202,June,11647,32796,Colorado,134351,145998,1996.0
104610,21538,117775,September,25194,33567,Colorado,126148,151342,1996.0
105780,22565,118202,December,17026,27169,Colorado,128345,145371,1996.0
108645,23730,116903,March,18206,33678,Colorado,132375,150581,1997.0
113624,21485,111425,June,13496,37180,Colorado,135109,148605,1997.0
113776,20446,119476,September,20273,35019,Colorado,134222,154495,1997.0
108843,27325,133269,December,32511,35410,Colorado,136168,168679,1997.0
121261,27855,131115,March,12404,30405,Colorado,149116,161520,1998.0
116272,21873,116373,June,12076,33848,Colorado,138145,150221,1998.0
108940,22430,126480,September,28549,33439,Colorado,131370,159919,1998.0
118274,25230,126644,December,11983,28843,Colorado,143504,155487,1998.0
119214,26156,127030,March,19159,37499,Colorado,145370,164529,1999.0
120266,21611,122532,June,18294,37639,Colorado,141877,160171,1999.0
111560,26189,125090,September,16469,29128,Colorado,137749,154218,1999.0
110495,25617,128649,December,20895,28358,Colorado,136112,157007,1999.0
117542,24358,142106,March,32303,32097,Colorado,141900,174203,2000.0
114583,26524,124624,June,14410,30893,Colorado,141107,155517,2000.0
119705,26824,136303,September,22290,32516,Colorado,146529,168819,2000.0
121329,25610,131011,December,14740,30668,Colorado,146939,161679,2000.0
130656,27692,132584,March,3947,29711,Colorado,158348,162295,2001.0
146330,26421,124801,June,-19625,28325,Colorado,172751,153126,2001.0
139174,27679,111939,September,-26435,28479,Colorado,166853,140418,2001.0
145105,28175,112401,December,-32435,28444,Colorado,173280,140845,2001.0
127936,28223,124443,March,-1003,30713,Colorado,156159,155156,2002.0
121049,26273,115938,June,-1323,30061,Colorado,147322,145999,2002.0
123542,26701,107269,September,-15522,27452,Colorado,150243,134721,2002.0
121797,23726,105284,December,-12123,28116,Colorado,145523,133400,2002.0
125098,27676,102255,March,-22781,27738,Colorado,152774,129993,2003.0
114707,26348,111252,June,-2991,26812,Colorado,141055,138064,2003.0
107736,26892,106721,September,438,28345,Colorado,134628,135066,2003.0
109649,24863,107476,December,2841,29877,Colorado,134512,137353,2003.0
107548,23216,112949,March,8754,26569,Colorado,130764,139518,2004.0
103237,24147,113165,June,15492,29711,Colorado,127384,142876,2004.0
104699,23978,108159,September,8923,29441,Colorado,128677,137600,2004.0
106629,23840,112065,December,7883,26287,Colorado,130469,138352,2004.0
105114,27769,120147,March,15850,28586,Colorado,132883,148733,2005.0
104566,27706,112433,June,8119,27958,Colorado,132272,140391,2005.0
105582,27826,117972,September,15027,30463,Colorado,133408,148435,2005.0
110671,24130,117028,December,12300,30073,Colorado,134801,147101,2005.0
103710,25100,114789,March,12127,26148,Colorado,128810,140937,2006.0
107471,24283,118174,June,14947,28527,Colorado,131754,146701,2006.0
114778,26792,114173,September,1590,28987,Colorado,141570,143160,2006.0
113102,25548,118372,December,10716,30994,Colorado,138650,149366,2006.0
109280,25164,119107,March,15178,30515,Colorado,134444,149622,2007.0
110674,25772,119242,June,12335,29539,Colorado,136446,148781,2007.0
116173,29012,116323,September,4240,33102,Colorado,145185,149425,2007.0
114794,27507,116456,December,4671,30516,Colorado,142301,146972,2007.0
112255,27635,116453,March,4777,28214,Colorado,139890,144667,2008.0
115114,28896,111733,June,-4126,28151,Colorado,144010,139884,2008.0
118686,29469,108884,September,-11769,27502,Colorado,148155,136386,2008.0
131787,30735,99929,December,-34837,27756,Colorado,162522,127685,2008.0
134333,28098,85421,March,-51774,25236,Colorado,162431,110657,2009.0
124089,29351,92799,June,-34834,25807,Colorado,153440,118606,2009.0
109256,27643,94275,September,-18797,23827,Colorado,136899,118102,2009.0
106979,27110,95107,December,-12296,26686,Colorado,134089,121793,2009.0
101147,24895,94359,March,-5868,25815,Colorado,126042,120174,2010.0
97156,26307,106105,June,8604,25962,Colorado,123463,132067,2010.0
96726,26463,99628,September,1269,24830,Colorado,123189,124458,2010.0
95379,26010,100212,December,9259,30436,Colorado,121389,130648,2010.0
91938,24922,96554,March,6672,26978,Colorado,116860,123532,2011.0
90948,23251,105765,June,16795,25229,Colorado,114199,130994,2011.0
93595,21076,105359,September,16482,25794,Colorado,114671,131153,2011.0
98442,23795,102753,December,5567,25051,Colorado,122237,127804,2011.0
91422,23318,101807,March,11271,24204,Colorado,114740,126011,2012.0
93888,23961,110201,June,18347,25995,Colorado,117849,136196,2012.0
99216,23236,106433,September,8858,24877,Colorado,122452,131310,2012.0
94899,21854,106256,December,17632,28129,Colorado,116753,134385,2012.0
93867,26576,110263,March,16407,26587,Colorado,120443,136850,2013.0
95890,23777,112742,June,17189,24114,Colorado,119667,136856,2013.0
101042,21989,109139,September,12920,26812,Colorado,123031,135951,2013.0
96960,22842,111515,December,18620,26907,Colorado,119802,138422,2013.0
95644,21962,110349,March,18529,25786,Colorado,117606,136135,2014.0
100086,22487,119591,June,23538,26520,Colorado,122573,146111,2014.0
104387,21219,119469,September,22404,28541,Colorado,125606,148010,2014.0
100847,23827,119969,December,20845,25550,Colorado,124674,145519,2014.0
107902,21515,115322,March,12964,27059,Colorado,129417,142381,2015.0
108998,25538,120528,June,11813,25821,Colorado,134536,146349,2015.0
109463,24859,118002,September,12177,28497,Colorado,134322,146499,2015.0
108841,25666,118317,December,13033,29223,Colorado,134507,147540,2015.0
106682,23625,112362,March,10681,28626,Colorado,130307,140988,2016.0
110668,28105,118993,June,11070,30850,Colorado,138773,149843,2016.0
112392,22579,121476,September,18682,32177,Colorado,134971,153653,2016.0
115561,25365,115405,December,2181,27702,Colorado,140926,143107,2016.0
106054,27187,118035,March,14175,29381,Colorado,133241,147416,2017.0
111711,26764,125853,June,15615,28237,Colorado,138475,154090,2017.0
115125,26880,119314,September,4520,27211,Colorado,142005,146525,2017.0
108297,26488,119671,December,15603,30717,Colorado,134785,150388,2017.0
79409,20898,96137,September,24255,28425,Colorado,100307,124562,1992.0
84327,21445,94937,December,14638,25473,Colorado,105772,120410,1992.0
83113,21960,99528,March,24405,29950,Colorado,105073,129478,1993.0
87677,25855,94090,June,8318,27760,Colorado,113532,121850,1993.0
88870,18751,101386,September,21743,27978,Colorado,107621,129364,1993.0
88555,22415,105994,December,25114,30090,Colorado,110970,136084,1993.0
103358,16077,104749,March,14374,29060,Colorado,119435,133809,1994.0
96837,17315,102580,June,22128,33700,Colorado,114152,136280,1994.0
99822,16401,110690,September,21649,27182,Colorado,116223,137872,1994.0
100018,18238,114580,December,29616,33292,Colorado,118256,147872,1994.0
104055,19571,113265,March,19841,30202,Colorado,123626,143467,1995.0
112087,19616,103149,June,-250,28304,Colorado,131703,131453,1995.0
109279,18489,114583,September,23168,36353,Colorado,127768,150936,1995.0
102937,20724,110981,December,21050,33730,Colorado,123661,144711,1995.0
111967,21191,115156,March,12275,30277,Colorado,133158,145433,1996.0
110542,23809,113202,June,11647,32796,Colorado,134351,145998,1996.0
104610,21538,117775,September,25194,33567,Colorado,126148,151342,1996.0
105780,22565,118202,December,17026,27169,Colorado,128345,145371,1996.0
108645,23730,116903,March,18206,33678,Colorado,132375,150581,1997.0
113624,21485,111425,June,13496,37180,Colorado,135109,148605,1997.0
113776,20446,119476,September,20273,35019,Colorado,134222,154495,1997.0
108843,27325,133269,December,32511,35410,Colorado,136168,168679,1997.0
121261,27855,131115,March,12404,30405,Colorado,149116,161520,1998.0
116272,21873,116373,June,12076,33848,Colorado,138145,150221,1998.0
108940,22430,126480,September,28549,33439,Colorado,131370,159919,1998.0
118274,25230,126644,December,11983,28843,Colorado,143504,155487,1998.0
119214,26156,127030,March,19159,37499,Colorado,145370,164529,1999.0
120266,21611,122532,June,18294,37639,Colorado,141877,160171,1999.0
111560,26189,125090,September,16469,29128,Colorado,137749,154218,1999.0
110495,25617,128649,December,20895,28358,Colorado,136112,157007,1999.0
117542,24358,142106,March,32303,32097,Colorado,141900,174203,2000.0
114583,26524,124624,June,14410,30893,Colorado,141107,155517,2000.0
119705,26824,136303,September,22290,32516,Colorado,146529,168819,2000.0
121329,25610,131011,December,14740,30668,Colorado,146939,161679,2000.0
130656,27692,132584,March,3947,29711,Colorado,158348,162295,2001.0
146330,26421,124801,June,-19625,28325,Colorado,172751,153126,2001.0
139174,27679,111939,September,-26435,28479,Colorado,166853,140418,2001.0
145105,28175,112401,December,-32435,28444,Colorado,173280,140845,2001.0
127936,28223,124443,March,-1003,30713,Colorado,156159,155156,2002.0
121049,26273,115938,June,-1323,30061,Colorado,147322,145999,2002.0
123542,26701,107269,September,-15522,27452,Colorado,150243,134721,2002.0
121797,23726,105284,December,-12123,28116,Colorado,145523,133400,2002.0
125098,27676,102255,March,-22781,27738,Colorado,152774,129993,2003.0
114707,26348,111252,June,-2991,26812,Colorado,141055,138064,2003.0
107736,26892,106721,September,438,28345,Colorado,134628,135066,2003.0
109649,24863,107476,December,2841,29877,Colorado,134512,137353,2003.0
107548,23216,112949,March,8754,26569,Colorado,130764,139518,2004.0
103237,24147,113165,June,15492,29711,Colorado,127384,142876,2004.0
104699,23978,108159,September,8923,29441,Colorado,128677,137600,2004.0
106629,23840,112065,December,7883,26287,Colorado,130469,138352,2004.0
105114,27769,120147,March,15850,28586,Colorado,132883,148733,2005.0
104566,27706,112433,June,8119,27958,Colorado,132272,140391,2005.0
105582,27826,117972,September,15027,30463,Colorado,133408,148435,2005.0
110671,24130,117028,December,12300,30073,Colorado,134801,147101,2005.0
103710,25100,114789,March,12127,26148,Colorado,128810,140937,2006.0
107471,24283,118174,June,14947,28527,Colorado,131754,146701,2006.0
114778,26792,114173,September,1590,28987,Colorado,141570,143160,2006.0
113102,25548,118372,December,10716,30994,Colorado,138650,149366,2006.0
109280,25164,119107,March,15178,30515,Colorado,134444,149622,2007.0
110674,25772,119242,June,12335,29539,Colorado,136446,148781,2007.0
116173,29012,116323,September,4240,33102,Colorado,145185,149425,2007.0
114794,27507,116456,December,4671,30516,Colorado,142301,146972,2007.0
112255,27635,116453,March,4777,28214,Colorado,139890,144667,2008.0
115114,28896,111733,June,-4126,28151,Colorado,144010,139884,2008.0
118686,29469,108884,September,-11769,27502,Colorado,148155,136386,2008.0
131787,30735,99929,December,-34837,27756,Colorado,162522,127685,2008.0
134333,28098,85421,March,-51774,25236,Colorado,162431,110657,2009.0
124089,29351,92799,June,-34834,25807,Colorado,153440,118606,2009.0
109256,27643,94275,September,-18797,23827,Colorado,136899,118102,2009.0
106979,27110,95107,December,-12296,26686,Colorado,134089,121793,2009.0
101147,24895,94359,March,-5868,25815,Colorado,126042,120174,2010.0
97156,26307,106105,June,8604,25962,Colorado,123463,132067,2010.0
96726,26463,99628,September,1269,24830,Colorado,123189,124458,2010.0
95379,26010,100212,December,9259,30436,Colorado,121389,130648,2010.0
91938,24922,96554,March,6672,26978,Colorado,116860,123532,2011.0
90948,23251,105765,June,16795,25229,Colorado,114199,130994,2011.0
93595,21076,105359,September,16482,25794,Colorado,114671,131153,2011.0
98442,23795,102753,December,5567,25051,Colorado,122237,127804,2011.0
91422,23318,101807,March,11271,24204,Colorado,114740,126011,2012.0
93888,23961,110201,June,18347,25995,Colorado,117849,136196,2012.0
99216,23236,106433,September,8858,24877,Colorado,122452,131310,2012.0
94899,21854,106256,December,17632,28129,Colorado,116753,134385,2012.0
93867,26576,110263,March,16407,26587,Colorado,120443,136850,2013.0
95890,23777,112742,June,17189,24114,Colorado,119667,136856,2013.0
101042,21989,109139,September,12920,26812,Colorado,123031,135951,2013.0
96960,22842,111515,December,18620,26907,Colorado,119802,138422,2013.0
95644,21962,110349,March,18529,25786,Colorado,117606,136135,2014.0
100086,22487,119591,June,23538,26520,Colorado,122573,146111,2014.0
104387,21219,119469,September,22404,28541,Colorado,125606,148010,2014.0
100847,23827,119969,December,20845,25550,Colorado,124674,145519,2014.0
107902,21515,115322,March,12964,27059,Colorado,129417,142381,2015.0
108998,25538,120528,June,11813,25821,Colorado,134536,146349,2015.0
109463,24859,118002,September,12177,28497,Colorado,134322,146499,2015.0
108841,25666,118317,December,13033,29223,Colorado,134507,147540,2015.0
106682,23625,112362,March,10681,28626,Colorado,130307,140988,2016.0
110668,28105,118993,June,11070,30850,Colorado,138773,149843,2016.0
112392,22579,121476,September,18682,32177,Colorado,134971,153653,2016.0
115561,25365,115405,December,2181,27702,Colorado,140926,143107,2016.0
106054,27187,118035,March,14175,29381,Colorado,133241,147416,2017.0
111711,26764,125853,June,15615,28237,Colorado,138475,154090,2017.0
115125,26880,119314,September,4520,27211,Colorado,142005,146525,2017.0
108297,26488,119671,December,15603,30717,Colorado,134785,150388,2017.0
64978,13819,74035,September,13714,18476,Connecticut,78797,92511,1992.0
75682,17704,66076,December,-10588,16722,Connecticut,93386,82798,1992.0
74986,10236,72464,March,10757,23515,Connecticut,85222,95979,1993.0
72160,20712,69929,June,-5505,17438,Connecticut,92872,87367,1993.0
66546,16022,81265,September,15760,17063,Connecticut,82568,98328,1993.0
72230,20852,73616,December,-177,19289,Connecticut,93082,92905,1993.0
72812,16495,71939,March,583,17951,Connecticut,89307,89890,1994.0
76398,14810,71949,June,615,19874,Connecticut,91208,91823,1994.0
68897,16759,80204,September,12782,18234,Connecticut,85656,98438,1994.0
71546,16643,74022,December,6100,20267,Connecticut,88189,94289,1994.0
73059,15419,78943,March,7854,17389,Connecticut,88478,96332,1995.0
80948,11340,67561,June,-6444,18283,Connecticut,92288,85844,1995.0
70232,13138,78783,September,13590,18177,Connecticut,83370,96960,1995.0
77755,16847,77188,December,-920,16494,Connecticut,94602,93682,1995.0
79660,14159,79497,March,5483,19805,Connecticut,93819,99302,1996.0
75000,16608,75404,June,3419,19623,Connecticut,91608,95027,1996.0
72429,20813,85745,September,11930,19427,Connecticut,93242,105172,1996.0
75355,15738,82671,December,20556,28978,Connecticut,91093,111649,1996.0
78396,15418,90473,March,14620,17961,Connecticut,93814,108434,1997.0
76342,15999,71009,June,-3518,17814,Connecticut,92341,88823,1997.0
73857,22011,84637,September,7635,18866,Connecticut,95868,103503,1997.0
74287,17462,83344,December,11549,19954,Connecticut,91749,103298,1997.0
75108,17844,88468,March,14124,18608,Connecticut,92952,107076,1998.0
80718,18854,74474,June,-4847,20251,Connecticut,99572,94725,1998.0
77870,14204,79535,September,4581,17120,Connecticut,92074,96655,1998.0
73631,12198,83652,December,13577,15754,Connecticut,85829,99406,1998.0
76833,17016,89272,March,14135,18712,Connecticut,93849,107984,1999.0
80711,17637,76058,June,-6014,16276,Connecticut,98348,92334,1999.0
75422,14668,78827,September,4719,15982,Connecticut,90090,94809,1999.0
72675,15379,81191,December,6714,13577,Connecticut,88054,94768,1999.0
78459,17682,90313,March,14410,20238,Connecticut,96141,110551,2000.0
78346,18103,78399,June,-3827,14223,Connecticut,96449,92622,2000.0
76888,13934,80448,September,7904,18278,Connecticut,90822,98726,2000.0
71367,22176,78059,December,-1053,14431,Connecticut,93543,92490,2000.0
76384,38642,77404,March,-19655,17967,Connecticut,115026,95371,2001.0
80576,17539,73242,June,-8939,15934,Connecticut,98115,89176,2001.0
81328,9474,69501,September,-6328,14973,Connecticut,90802,84474,2001.0
78480,9683,70162,December,-4794,13207,Connecticut,88163,83369,2001.0
75118,12268,75433,March,1679,13632,Connecticut,87386,89065,2002.0
75350,11095,67203,June,-7385,11857,Connecticut,86445,79060,2002.0
74024,12516,67095,September,-6805,12640,Connecticut,86540,79735,2002.0
75479,12092,67250,December,-8728,11593,Connecticut,87571,78843,2002.0
73861,10167,63689,March,-7860,12479,Connecticut,84028,76168,2003.0
74447,11629,70794,June,-4774,10508,Connecticut,86076,81302,2003.0
69247,11801,70339,September,-38,10671,Connecticut,81048,81010,2003.0
68214,10460,68595,December,1985,12064,Connecticut,78674,80659,2003.0
70081,10946,71085,March,4968,14910,Connecticut,81027,85995,2004.0
66536,10799,69806,June,4582,12111,Connecticut,77335,81917,2004.0
67356,12441,71799,September,2798,10796,Connecticut,79797,82595,2004.0
69814,16614,69480,December,-4168,12780,Connecticut,86428,82260,2004.0
68923,10341,69446,March,7139,16957,Connecticut,79264,86403,2005.0
69820,10096,72537,June,2914,10293,Connecticut,79916,82830,2005.0
72481,10292,70790,September,-621,11362,Connecticut,82773,82152,2005.0
68744,9349,67252,December,2004,12845,Connecticut,78093,80097,2005.0
66819,8250,70875,March,7803,11997,Connecticut,75069,82872,2006.0
72398,11911,74602,June,1318,11025,Connecticut,84309,85627,2006.0
71459,10375,70372,September,-90,11372,Connecticut,81834,81744,2006.0
68045,8722,73677,December,7730,10820,Connecticut,76767,84497,2006.0
72717,9819,67900,March,-1326,13310,Connecticut,82536,81210,2007.0
68741,10125,76794,June,8879,10951,Connecticut,78866,87745,2007.0
72997,9946,68086,September,-4134,10723,Connecticut,82943,78809,2007.0
72524,9309,72845,December,2716,11704,Connecticut,81833,84549,2007.0
67752,8963,69560,March,2837,9992,Connecticut,76715,79552,2008.0
75572,9702,71015,June,-5723,8536,Connecticut,85274,79551,2008.0
77633,10307,63516,September,-13765,10659,Connecticut,87940,74175,2008.0
82244,9224,60571,December,-20005,10892,Connecticut,91468,71463,2008.0
82797,10367,54991,March,-28699,9474,Connecticut,93164,64465,2009.0
76813,10621,60568,June,-18337,8529,Connecticut,87434,69097,2009.0
68609,10847,60949,September,-9246,9261,Connecticut,79456,70210,2009.0
68338,8046,61646,December,-5497,9241,Connecticut,76384,70887,2009.0
65923,16707,60528,March,-13111,8991,Connecticut,82630,69519,2010.0
61981,5793,67753,June,15042,15063,Connecticut,67774,82816,2010.0
60824,5478,62360,September,5974,9916,Connecticut,66302,72276,2010.0
62571,9005,64247,December,2527,9856,Connecticut,71576,74103,2010.0
60184,9244,60869,March,-313,8246,Connecticut,69428,69115,2011.0
60108,8414,66090,June,8409,10841,Connecticut,68522,76931,2011.0
61849,7027,63763,September,5618,10731,Connecticut,68876,74494,2011.0
62759,8437,62452,December,1359,10103,Connecticut,71196,72555,2011.0
59133,9055,67456,March,9364,10096,Connecticut,68188,77552,2012.0
60503,8993,64525,June,5336,10307,Connecticut,69496,74832,2012.0
65102,9317,62902,September,-1358,10159,Connecticut,74419,73061,2012.0
62592,8530,65285,December,4494,10331,Connecticut,71122,75616,2012.0
62612,9837,62938,March,108,9619,Connecticut,72449,72557,2013.0
59686,8198,66945,June,10421,11360,Connecticut,67884,78305,2013.0
66723,8619,64493,September,-780,10069,Connecticut,75342,74562,2013.0
66188,9590,62551,December,-2797,10430,Connecticut,75778,72981,2013.0
62091,8889,63582,March,1220,8618,Connecticut,70980,72200,2014.0
61044,8028,66752,June,10343,12663,Connecticut,69072,79415,2014.0
64349,9467,63722,September,24,10118,Connecticut,73816,73840,2014.0
64283,9228,66498,December,3074,10087,Connecticut,73511,76585,2014.0
66357,6735,60207,March,-4842,8043,Connecticut,73092,68250,2015.0
62196,8819,70104,June,9903,10814,Connecticut,71015,80918,2015.0
72296,11266,61996,September,-10999,10567,Connecticut,83562,72563,2015.0
61716,8998,66406,December,6546,10854,Connecticut,70714,77260,2015.0
64538,7240,65053,March,3090,9815,Connecticut,71778,74868,2016.0
66641,9889,68640,June,1031,8921,Connecticut,76530,77561,2016.0
66697,9501,64900,September,-1357,9941,Connecticut,76198,74841,2016.0
66245,8788,62342,December,-2314,10377,Connecticut,75033,72719,2016.0
65885,7403,68871,March,5889,10306,Connecticut,73288,79177,2017.0
64157,9082,71961,June,9082,10360,Connecticut,73239,82321,2017.0
71421,10239,65152,September,-5794,10714,Connecticut,81660,75866,2017.0
64653,9084,65857,December,2123,10003,Connecticut,73737,75860,2017.0
64978,13819,74035,September,13714,18476,Connecticut,78797,92511,1992.0
75682,17704,66076,December,-10588,16722,Connecticut,93386,82798,1992.0
74986,10236,72464,March,10757,23515,Connecticut,85222,95979,1993.0
72160,20712,69929,June,-5505,17438,Connecticut,92872,87367,1993.0
66546,16022,81265,September,15760,17063,Connecticut,82568,98328,1993.0
72230,20852,73616,December,-177,19289,Connecticut,93082,92905,1993.0
72812,16495,71939,March,583,17951,Connecticut,89307,89890,1994.0
76398,14810,71949,June,615,19874,Connecticut,91208,91823,1994.0
68897,16759,80204,September,12782,18234,Connecticut,85656,98438,1994.0
71546,16643,74022,December,6100,20267,Connecticut,88189,94289,1994.0
73059,15419,78943,March,7854,17389,Connecticut,88478,96332,1995.0
80948,11340,67561,June,-6444,18283,Connecticut,92288,85844,1995.0
70232,13138,78783,September,13590,18177,Connecticut,83370,96960,1995.0
77755,16847,77188,December,-920,16494,Connecticut,94602,93682,1995.0
79660,14159,79497,March,5483,19805,Connecticut,93819,99302,1996.0
75000,16608,75404,June,3419,19623,Connecticut,91608,95027,1996.0
72429,20813,85745,September,11930,19427,Connecticut,93242,105172,1996.0
75355,15738,82671,December,20556,28978,Connecticut,91093,111649,1996.0
78396,15418,90473,March,14620,17961,Connecticut,93814,108434,1997.0
76342,15999,71009,June,-3518,17814,Connecticut,92341,88823,1997.0
73857,22011,84637,September,7635,18866,Connecticut,95868,103503,1997.0
74287,17462,83344,December,11549,19954,Connecticut,91749,103298,1997.0
75108,17844,88468,March,14124,18608,Connecticut,92952,107076,1998.0
80718,18854,74474,June,-4847,20251,Connecticut,99572,94725,1998.0
77870,14204,79535,September,4581,17120,Connecticut,92074,96655,1998.0
73631,12198,83652,December,13577,15754,Connecticut,85829,99406,1998.0
76833,17016,89272,March,14135,18712,Connecticut,93849,107984,1999.0
80711,17637,76058,June,-6014,16276,Connecticut,98348,92334,1999.0
75422,14668,78827,September,4719,15982,Connecticut,90090,94809,1999.0
72675,15379,81191,December,6714,13577,Connecticut,88054,94768,1999.0
78459,17682,90313,March,14410,20238,Connecticut,96141,110551,2000.0
78346,18103,78399,June,-3827,14223,Connecticut,96449,92622,2000.0
76888,13934,80448,September,7904,18278,Connecticut,90822,98726,2000.0
71367,22176,78059,December,-1053,14431,Connecticut,93543,92490,2000.0
76384,38642,77404,March,-19655,17967,Connecticut,115026,95371,2001.0
80576,17539,73242,June,-8939,15934,Connecticut,98115,89176,2001.0
81328,9474,69501,September,-6328,14973,Connecticut,90802,84474,2001.0
78480,9683,70162,December,-4794,13207,Connecticut,88163,83369,2001.0
75118,12268,75433,March,1679,13632,Connecticut,87386,89065,2002.0
75350,11095,67203,June,-7385,11857,Connecticut,86445,79060,2002.0
74024,12516,67095,September,-6805,12640,Connecticut,86540,79735,2002.0
75479,12092,67250,December,-8728,11593,Connecticut,87571,78843,2002.0
73861,10167,63689,March,-7860,12479,Connecticut,84028,76168,2003.0
74447,11629,70794,June,-4774,10508,Connecticut,86076,81302,2003.0
69247,11801,70339,September,-38,10671,Connecticut,81048,81010,2003.0
68214,10460,68595,December,1985,12064,Connecticut,78674,80659,2003.0
70081,10946,71085,March,4968,14910,Connecticut,81027,85995,2004.0
66536,10799,69806,June,4582,12111,Connecticut,77335,81917,2004.0
67356,12441,71799,September,2798,10796,Connecticut,79797,82595,2004.0
69814,16614,69480,December,-4168,12780,Connecticut,86428,82260,2004.0
68923,10341,69446,March,7139,16957,Connecticut,79264,86403,2005.0
69820,10096,72537,June,2914,10293,Connecticut,79916,82830,2005.0
72481,10292,70790,September,-621,11362,Connecticut,82773,82152,2005.0
68744,9349,67252,December,2004,12845,Connecticut,78093,80097,2005.0
66819,8250,70875,March,7803,11997,Connecticut,75069,82872,2006.0
72398,11911,74602,June,1318,11025,Connecticut,84309,85627,2006.0
71459,10375,70372,September,-90,11372,Connecticut,81834,81744,2006.0
68045,8722,73677,December,7730,10820,Connecticut,76767,84497,2006.0
72717,9819,67900,March,-1326,13310,Connecticut,82536,81210,2007.0
68741,10125,76794,June,8879,10951,Connecticut,78866,87745,2007.0
72997,9946,68086,September,-4134,10723,Connecticut,82943,78809,2007.0
72524,9309,72845,December,2716,11704,Connecticut,81833,84549,2007.0
67752,8963,69560,March,2837,9992,Connecticut,76715,79552,2008.0
75572,9702,71015,June,-5723,8536,Connecticut,85274,79551,2008.0
77633,10307,63516,September,-13765,10659,Connecticut,87940,74175,2008.0
82244,9224,60571,December,-20005,10892,Connecticut,91468,71463,2008.0
82797,10367,54991,March,-28699,9474,Connecticut,93164,64465,2009.0
76813,10621,60568,June,-18337,8529,Connecticut,87434,69097,2009.0
68609,10847,60949,September,-9246,9261,Connecticut,79456,70210,2009.0
68338,8046,61646,December,-5497,9241,Connecticut,76384,70887,2009.0
65923,16707,60528,March,-13111,8991,Connecticut,82630,69519,2010.0
61981,5793,67753,June,15042,15063,Connecticut,67774,82816,2010.0
60824,5478,62360,September,5974,9916,Connecticut,66302,72276,2010.0
62571,9005,64247,December,2527,9856,Connecticut,71576,74103,2010.0
60184,9244,60869,March,-313,8246,Connecticut,69428,69115,2011.0
60108,8414,66090,June,8409,10841,Connecticut,68522,76931,2011.0
61849,7027,63763,September,5618,10731,Connecticut,68876,74494,2011.0
62759,8437,62452,December,1359,10103,Connecticut,71196,72555,2011.0
59133,9055,67456,March,9364,10096,Connecticut,68188,77552,2012.0
60503,8993,64525,June,5336,10307,Connecticut,69496,74832,2012.0
65102,9317,62902,September,-1358,10159,Connecticut,74419,73061,2012.0
62592,8530,65285,December,4494,10331,Connecticut,71122,75616,2012.0
62612,9837,62938,March,108,9619,Connecticut,72449,72557,2013.0
59686,8198,66945,June,10421,11360,Connecticut,67884,78305,2013.0
66723,8619,64493,September,-780,10069,Connecticut,75342,74562,2013.0
66188,9590,62551,December,-2797,10430,Connecticut,75778,72981,2013.0
62091,8889,63582,March,1220,8618,Connecticut,70980,72200,2014.0
61044,8028,66752,June,10343,12663,Connecticut,69072,79415,2014.0
64349,9467,63722,September,24,10118,Connecticut,73816,73840,2014.0
64283,9228,66498,December,3074,10087,Connecticut,73511,76585,2014.0
66357,6735,60207,March,-4842,8043,Connecticut,73092,68250,2015.0
62196,8819,70104,June,9903,10814,Connecticut,71015,80918,2015.0
72296,11266,61996,September,-10999,10567,Connecticut,83562,72563,2015.0
61716,8998,66406,December,6546,10854,Connecticut,70714,77260,2015.0
64538,7240,65053,March,3090,9815,Connecticut,71778,74868,2016.0
66641,9889,68640,June,1031,8921,Connecticut,76530,77561,2016.0
66697,9501,64900,September,-1357,9941,Connecticut,76198,74841,2016.0
66245,8788,62342,December,-2314,10377,Connecticut,75033,72719,2016.0
65885,7403,68871,March,5889,10306,Connecticut,73288,79177,2017.0
64157,9082,71961,June,9082,10360,Connecticut,73239,82321,2017.0
71421,10239,65152,September,-5794,10714,Connecticut,81660,75866,2017.0
64653,9084,65857,December,2123,10003,Connecticut,73737,75860,2017.0
15615,5776,15895,September,-2120,3376,Delaware,21391,19271,1992.0
17359,4226,16381,December,-215,4989,Delaware,21585,21370,1992.0
16133,4870,15858,March,298,5443,Delaware,21003,21301,1993.0
15825,2675,18072,June,3910,4338,Delaware,18500,22410,1993.0
16135,2869,17939,September,3017,4082,Delaware,19004,22021,1993.0
17504,4646,15465,December,-1975,4710,Delaware,22150,20175,1993.0
15965,4256,16175,March,109,4155,Delaware,20221,20330,1994.0
14831,4089,18128,June,3955,4747,Delaware,18920,22875,1994.0
15086,3083,18139,September,5440,5470,Delaware,18169,23609,1994.0
17080,4083,17582,December,195,3776,Delaware,21163,21358,1994.0
16861,3951,20233,March,4083,4662,Delaware,20812,24895,1995.0
20063,4244,16984,June,-2573,4750,Delaware,24307,21734,1995.0
16345,3435,20926,September,5963,4817,Delaware,19780,25743,1995.0
18120,4086,18996,December,917,4127,Delaware,22206,23123,1995.0
20544,4410,21366,March,515,4103,Delaware,24954,25469,1996.0
16375,4117,21843,June,6877,5526,Delaware,20492,27369,1996.0
23505,4772,21434,September,939,7782,Delaware,28277,29216,1996.0
19929,5344,19956,December,837,6154,Delaware,25273,26110,1996.0
17862,5825,23778,March,6467,6376,Delaware,23687,30154,1997.0
20192,3922,19344,June,866,5636,Delaware,24114,24980,1997.0
16561,5143,21337,September,5179,5546,Delaware,21704,26883,1997.0
17748,4873,19845,December,2826,5602,Delaware,22621,25447,1997.0
18963,4689,20568,March,774,3858,Delaware,23652,24426,1998.0
16736,4719,18919,June,3752,6288,Delaware,21455,25207,1998.0
17294,4166,21165,September,5237,5532,Delaware,21460,26697,1998.0
18602,4768,19914,December,1205,4661,Delaware,23370,24575,1998.0
17532,5546,21746,March,4316,5648,Delaware,23078,27394,1999.0
21145,4258,20367,June,558,5594,Delaware,25403,25961,1999.0
18720,4776,21036,September,3180,5640,Delaware,23496,26676,1999.0
19321,4758,22263,December,4786,6602,Delaware,24079,28865,1999.0
18994,9688,21360,March,581,7903,Delaware,28682,29263,2000.0
22677,7785,19067,June,-3590,7805,Delaware,30462,26872,2000.0
20903,6892,21339,September,135,6591,Delaware,27795,27930,2000.0
19901,5727,18958,December,4638,11308,Delaware,25628,30266,2000.0
19130,5792,23502,March,5846,7266,Delaware,24922,30768,2001.0
23778,6417,17074,June,-7618,5503,Delaware,30195,22577,2001.0
20065,5597,18408,September,-1844,5410,Delaware,25662,23818,2001.0
21557,6899,17972,December,-4206,6278,Delaware,28456,24250,2001.0
19843,6275,19398,March,252,6972,Delaware,26118,26370,2002.0
22079,5562,17757,June,-3618,6266,Delaware,27641,24023,2002.0
16984,4986,19525,September,3482,5927,Delaware,21970,25452,2002.0
19897,4719,17847,December,-2423,4346,Delaware,24616,22193,2002.0
23086,5048,18753,March,-2973,6408,Delaware,28134,25161,2003.0
17261,4442,19973,June,3607,5337,Delaware,21703,25310,2003.0
17471,4406,18730,September,1501,4648,Delaware,21877,23378,2003.0
18814,4845,19277,December,1534,5916,Delaware,23659,25193,2003.0
20396,4944,22294,March,4255,7301,Delaware,25340,29595,2004.0
18931,5098,20058,June,2009,5980,Delaware,24029,26038,2004.0
20826,5037,20623,September,400,5640,Delaware,25863,26263,2004.0
18279,8130,22293,December,2357,6473,Delaware,26409,28766,2004.0
18913,5175,18802,March,357,5643,Delaware,24088,24445,2005.0
19991,6307,19431,June,-1273,5594,Delaware,26298,25025,2005.0
19644,5390,20729,September,1767,6072,Delaware,25034,26801,2005.0
20510,4750,20181,December,1996,7075,Delaware,25260,27256,2005.0
18844,5951,19613,March,2507,7689,Delaware,24795,27302,2006.0
20182,7150,20874,June,156,6614,Delaware,27332,27488,2006.0
19984,6335,17752,September,-2829,5738,Delaware,26319,23490,2006.0
19331,4532,19589,December,1832,6106,Delaware,23863,25695,2006.0
23542,5524,24942,March,537,4661,Delaware,29066,29603,2007.0
19591,5048,19796,June,330,5173,Delaware,24639,24969,2007.0
22152,4274,18327,September,-2920,5179,Delaware,26426,23506,2007.0
19283,4545,21099,December,2350,5079,Delaware,23828,26178,2007.0
19448,4192,19638,March,2525,6527,Delaware,23640,26165,2008.0
21819,5921,18549,June,-4377,4814,Delaware,27740,23363,2008.0
21969,5979,17381,September,-4168,6399,Delaware,27948,23780,2008.0
23248,4857,17060,December,-5141,5904,Delaware,28105,22964,2008.0
23940,4551,14155,March,-9677,4659,Delaware,28491,18814,2009.0
20205,4327,16998,June,-3004,4530,Delaware,24532,21528,2009.0
18451,4493,14753,September,-3924,4267,Delaware,22944,19020,2009.0
18768,6261,15870,December,-4664,4495,Delaware,25029,20365,2009.0
17782,3869,14415,March,-2170,5066,Delaware,21651,19481,2010.0
15251,3547,17715,June,4884,5967,Delaware,18798,23682,2010.0
16009,4286,17748,September,3054,5601,Delaware,20295,23349,2010.0
18070,4622,16879,December,-921,4892,Delaware,22692,21771,2010.0
16566,4018,17296,March,2044,5332,Delaware,20584,22628,2011.0
18619,5313,17891,June,-1298,4743,Delaware,23932,22634,2011.0
18472,5028,19940,September,1689,5249,Delaware,23500,25189,2011.0
17556,4019,16482,December,103,5196,Delaware,21575,21678,2011.0
16189,4343,17221,March,1409,4720,Delaware,20532,21941,2012.0
17551,4676,16987,June,-323,4917,Delaware,22227,21904,2012.0
16803,4392,16873,September,157,4479,Delaware,21195,21352,2012.0
15653,4270,17860,December,3680,5743,Delaware,19923,23603,2012.0
16492,4123,17953,March,1877,4539,Delaware,20615,22492,2013.0
16344,4291,17702,June,1957,4890,Delaware,20635,22592,2013.0
17186,3787,18373,September,2191,4791,Delaware,20973,23164,2013.0
16421,4269,17919,December,2536,5307,Delaware,20690,23226,2013.0
17697,3374,16899,March,1622,5794,Delaware,21071,22693,2014.0
14856,4006,18830,June,4935,4967,Delaware,18862,23797,2014.0
18237,4177,17646,September,178,4946,Delaware,22414,22592,2014.0
15780,3950,21005,December,5775,4500,Delaware,19730,25505,2014.0
23029,3744,16753,March,-5565,4455,Delaware,26773,21208,2015.0
16370,4618,23013,June,7037,5012,Delaware,20988,28025,2015.0
18138,4403,17126,September,197,5612,Delaware,22541,22738,2015.0
17890,5175,21964,December,4188,5289,Delaware,23065,27253,2015.0
20490,3991,19067,March,198,5612,Delaware,24481,24679,2016.0
20214,5002,20191,June,161,5186,Delaware,25216,25377,2016.0
19397,5255,18535,September,-743,5374,Delaware,24652,23909,2016.0
18385,4966,18196,December,-13,5142,Delaware,23351,23338,2016.0
18157,4156,19430,March,2663,5546,Delaware,22313,24976,2017.0
19578,6699,19679,June,-1136,5462,Delaware,26277,25141,2017.0
18673,6560,18066,September,-719,6448,Delaware,25233,24514,2017.0
18200,6240,19670,December,2613,7383,Delaware,24440,27053,2017.0
15615,5776,15895,September,-2120,3376,Delaware,21391,19271,1992.0
17359,4226,16381,December,-215,4989,Delaware,21585,21370,1992.0
16133,4870,15858,March,298,5443,Delaware,21003,21301,1993.0
15825,2675,18072,June,3910,4338,Delaware,18500,22410,1993.0
16135,2869,17939,September,3017,4082,Delaware,19004,22021,1993.0
17504,4646,15465,December,-1975,4710,Delaware,22150,20175,1993.0
15965,4256,16175,March,109,4155,Delaware,20221,20330,1994.0
14831,4089,18128,June,3955,4747,Delaware,18920,22875,1994.0
15086,3083,18139,September,5440,5470,Delaware,18169,23609,1994.0
17080,4083,17582,December,195,3776,Delaware,21163,21358,1994.0
16861,3951,20233,March,4083,4662,Delaware,20812,24895,1995.0
20063,4244,16984,June,-2573,4750,Delaware,24307,21734,1995.0
16345,3435,20926,September,5963,4817,Delaware,19780,25743,1995.0
18120,4086,18996,December,917,4127,Delaware,22206,23123,1995.0
20544,4410,21366,March,515,4103,Delaware,24954,25469,1996.0
16375,4117,21843,June,6877,5526,Delaware,20492,27369,1996.0
23505,4772,21434,September,939,7782,Delaware,28277,29216,1996.0
19929,5344,19956,December,837,6154,Delaware,25273,26110,1996.0
17862,5825,23778,March,6467,6376,Delaware,23687,30154,1997.0
20192,3922,19344,June,866,5636,Delaware,24114,24980,1997.0
16561,5143,21337,September,5179,5546,Delaware,21704,26883,1997.0
17748,4873,19845,December,2826,5602,Delaware,22621,25447,1997.0
18963,4689,20568,March,774,3858,Delaware,23652,24426,1998.0
16736,4719,18919,June,3752,6288,Delaware,21455,25207,1998.0
17294,4166,21165,September,5237,5532,Delaware,21460,26697,1998.0
18602,4768,19914,December,1205,4661,Delaware,23370,24575,1998.0
17532,5546,21746,March,4316,5648,Delaware,23078,27394,1999.0
21145,4258,20367,June,558,5594,Delaware,25403,25961,1999.0
18720,4776,21036,September,3180,5640,Delaware,23496,26676,1999.0
19321,4758,22263,December,4786,6602,Delaware,24079,28865,1999.0
18994,9688,21360,March,581,7903,Delaware,28682,29263,2000.0
22677,7785,19067,June,-3590,7805,Delaware,30462,26872,2000.0
20903,6892,21339,September,135,6591,Delaware,27795,27930,2000.0
19901,5727,18958,December,4638,11308,Delaware,25628,30266,2000.0
19130,5792,23502,March,5846,7266,Delaware,24922,30768,2001.0
23778,6417,17074,June,-7618,5503,Delaware,30195,22577,2001.0
20065,5597,18408,September,-1844,5410,Delaware,25662,23818,2001.0
21557,6899,17972,December,-4206,6278,Delaware,28456,24250,2001.0
19843,6275,19398,March,252,6972,Delaware,26118,26370,2002.0
22079,5562,17757,June,-3618,6266,Delaware,27641,24023,2002.0
16984,4986,19525,September,3482,5927,Delaware,21970,25452,2002.0
19897,4719,17847,December,-2423,4346,Delaware,24616,22193,2002.0
23086,5048,18753,March,-2973,6408,Delaware,28134,25161,2003.0
17261,4442,19973,June,3607,5337,Delaware,21703,25310,2003.0
17471,4406,18730,September,1501,4648,Delaware,21877,23378,2003.0
18814,4845,19277,December,1534,5916,Delaware,23659,25193,2003.0
20396,4944,22294,March,4255,7301,Delaware,25340,29595,2004.0
18931,5098,20058,June,2009,5980,Delaware,24029,26038,2004.0
20826,5037,20623,September,400,5640,Delaware,25863,26263,2004.0
18279,8130,22293,December,2357,6473,Delaware,26409,28766,2004.0
18913,5175,18802,March,357,5643,Delaware,24088,24445,2005.0
19991,6307,19431,June,-1273,5594,Delaware,26298,25025,2005.0
19644,5390,20729,September,1767,6072,Delaware,25034,26801,2005.0
20510,4750,20181,December,1996,7075,Delaware,25260,27256,2005.0
18844,5951,19613,March,2507,7689,Delaware,24795,27302,2006.0
20182,7150,20874,June,156,6614,Delaware,27332,27488,2006.0
19984,6335,17752,September,-2829,5738,Delaware,26319,23490,2006.0
19331,4532,19589,December,1832,6106,Delaware,23863,25695,2006.0
23542,5524,24942,March,537,4661,Delaware,29066,29603,2007.0
19591,5048,19796,June,330,5173,Delaware,24639,24969,2007.0
22152,4274,18327,September,-2920,5179,Delaware,26426,23506,2007.0
19283,4545,21099,December,2350,5079,Delaware,23828,26178,2007.0
19448,4192,19638,March,2525,6527,Delaware,23640,26165,2008.0
21819,5921,18549,June,-4377,4814,Delaware,27740,23363,2008.0
21969,5979,17381,September,-4168,6399,Delaware,27948,23780,2008.0
23248,4857,17060,December,-5141,5904,Delaware,28105,22964,2008.0
23940,4551,14155,March,-9677,4659,Delaware,28491,18814,2009.0
20205,4327,16998,June,-3004,4530,Delaware,24532,21528,2009.0
18451,4493,14753,September,-3924,4267,Delaware,22944,19020,2009.0
18768,6261,15870,December,-4664,4495,Delaware,25029,20365,2009.0
17782,3869,14415,March,-2170,5066,Delaware,21651,19481,2010.0
15251,3547,17715,June,4884,5967,Delaware,18798,23682,2010.0
16009,4286,17748,September,3054,5601,Delaware,20295,23349,2010.0
18070,4622,16879,December,-921,4892,Delaware,22692,21771,2010.0
16566,4018,17296,March,2044,5332,Delaware,20584,22628,2011.0
18619,5313,17891,June,-1298,4743,Delaware,23932,22634,2011.0
18472,5028,19940,September,1689,5249,Delaware,23500,25189,2011.0
17556,4019,16482,December,103,5196,Delaware,21575,21678,2011.0
16189,4343,17221,March,1409,4720,Delaware,20532,21941,2012.0
17551,4676,16987,June,-323,4917,Delaware,22227,21904,2012.0
16803,4392,16873,September,157,4479,Delaware,21195,21352,2012.0
15653,4270,17860,December,3680,5743,Delaware,19923,23603,2012.0
16492,4123,17953,March,1877,4539,Delaware,20615,22492,2013.0
16344,4291,17702,June,1957,4890,Delaware,20635,22592,2013.0
17186,3787,18373,September,2191,4791,Delaware,20973,23164,2013.0
16421,4269,17919,December,2536,5307,Delaware,20690,23226,2013.0
17697,3374,16899,March,1622,5794,Delaware,21071,22693,2014.0
14856,4006,18830,June,4935,4967,Delaware,18862,23797,2014.0
18237,4177,17646,September,178,4946,Delaware,22414,22592,2014.0
15780,3950,21005,December,5775,4500,Delaware,19730,25505,2014.0
23029,3744,16753,March,-5565,4455,Delaware,26773,21208,2015.0
16370,4618,23013,June,7037,5012,Delaware,20988,28025,2015.0
18138,4403,17126,September,197,5612,Delaware,22541,22738,2015.0
17890,5175,21964,December,4188,5289,Delaware,23065,27253,2015.0
20490,3991,19067,March,198,5612,Delaware,24481,24679,2016.0
20214,5002,20191,June,161,5186,Delaware,25216,25377,2016.0
19397,5255,18535,September,-743,5374,Delaware,24652,23909,2016.0
18385,4966,18196,December,-13,5142,Delaware,23351,23338,2016.0
18157,4156,19430,March,2663,5546,Delaware,22313,24976,2017.0
19578,6699,19679,June,-1136,5462,Delaware,26277,25141,2017.0
18673,6560,18066,September,-719,6448,Delaware,25233,24514,2017.0
18200,6240,19670,December,2613,7383,Delaware,24440,27053,2017.0
25061,4266,25805,March,4012,7534,District of Columbia,29327,33339,2000.0
20114,6598,26508,June,6731,6935,District of Columbia,26712,33443,2000.0
21745,9939,27036,September,3570,8218,District of Columbia,31684,35254,2000.0
20537,7475,29580,December,7567,5999,District of Columbia,28012,35579,2000.0
35503,6115,25186,March,-9515,6917,District of Columbia,41618,32103,2001.0
23858,6017,22364,June,-2451,5060,District of Columbia,29875,27424,2001.0
23265,7450,23180,September,-856,6679,District of Columbia,30715,29859,2001.0
23407,6797,25463,December,1696,6437,District of Columbia,30204,31900,2001.0
23205,6392,23449,March,251,6399,District of Columbia,29597,29848,2002.0
21167,5254,21275,June,1218,6364,District of Columbia,26421,27639,2002.0
19049,5210,21600,September,1973,4632,District of Columbia,24259,26232,2002.0
19997,4811,20440,December,1929,6297,District of Columbia,24808,26737,2002.0
22750,5917,20365,March,-1973,6329,District of Columbia,28667,26694,2003.0
21925,5855,19935,June,-3299,4546,District of Columbia,27780,24481,2003.0
19706,4029,21062,September,2798,5471,District of Columbia,23735,26533,2003.0
18558,4780,21461,December,2798,4675,District of Columbia,23338,26136,2003.0
20461,4728,24146,March,4915,5958,District of Columbia,25189,30104,2004.0
20017,5429,23565,June,2658,4539,District of Columbia,25446,28104,2004.0
20998,4848,21160,September,-158,4528,District of Columbia,25846,25688,2004.0
21236,4606,21898,December,509,4453,District of Columbia,25842,26351,2004.0
21209,4623,23103,March,1643,4372,District of Columbia,25832,27475,2005.0
19345,5199,24033,June,3773,4284,District of Columbia,24544,28317,2005.0
21593,5052,21350,September,-192,5103,District of Columbia,26645,26453,2005.0
21669,3551,20348,December,-287,4585,District of Columbia,25220,24933,2005.0
19988,3796,21205,March,2039,4618,District of Columbia,23784,25823,2006.0
20895,5454,23999,June,2676,5026,District of Columbia,26349,29025,2006.0
20470,4515,21126,September,1740,5599,District of Columbia,24985,26725,2006.0
20554,5607,21369,December,-315,4477,District of Columbia,26161,25846,2006.0
19103,4818,23172,March,4876,5625,District of Columbia,23921,28797,2007.0
20810,5425,22575,June,1535,5195,District of Columbia,26235,27770,2007.0
21278,6377,22832,September,-912,3911,District of Columbia,27655,26743,2007.0
21064,5049,21096,December,796,5813,District of Columbia,26113,26909,2007.0
21794,4724,23076,March,1606,5048,District of Columbia,26518,28124,2008.0
22638,4474,23224,June,1035,4923,District of Columbia,27112,28147,2008.0
21089,4749,23384,September,2587,5041,District of Columbia,25838,28425,2008.0
24929,6192,19957,December,-5905,5259,District of Columbia,31121,25216,2008.0
21840,5822,21336,March,-1418,4908,District of Columbia,27662,26244,2009.0
22412,5095,20286,June,-2700,4521,District of Columbia,27507,24807,2009.0
22633,3729,18242,September,-3579,4541,District of Columbia,26362,22783,2009.0
20066,4183,21414,December,2700,5535,District of Columbia,24249,26949,2009.0
17455,3690,19443,March,2623,4325,District of Columbia,21145,23768,2010.0
18658,4499,22317,June,3492,4332,District of Columbia,23157,26649,2010.0
22687,7337,20225,September,-4853,4946,District of Columbia,30024,25171,2010.0
19643,5256,21062,December,3166,7003,District of Columbia,24899,28065,2010.0
16840,5110,27329,March,11115,5736,District of Columbia,21950,33065,2011.0
20467,5736,22233,June,1839,5809,District of Columbia,26203,28042,2011.0
18458,5573,20906,September,2630,5755,District of Columbia,24031,26661,2011.0
21353,3379,18818,December,1503,7417,District of Columbia,24732,26235,2011.0
17159,4276,23671,March,6904,4668,District of Columbia,21435,28339,2012.0
20200,4579,22158,June,2457,5078,District of Columbia,24779,27236,2012.0
21915,6770,21601,September,-1356,5728,District of Columbia,28685,27329,2012.0
19899,5991,24248,December,5988,7630,District of Columbia,25890,31878,2012.0
21342,4287,21251,March,2515,6893,District of Columbia,25629,28144,2013.0
21566,5323,23642,June,2610,5857,District of Columbia,26889,29499,2013.0
20576,3946,21796,September,4254,6980,District of Columbia,24522,28776,2013.0
21083,5544,22091,December,985,5521,District of Columbia,26627,27612,2013.0
21739,4677,22958,March,2178,5636,District of Columbia,26416,28594,2014.0
21690,5337,25847,June,3652,4832,District of Columbia,27027,30679,2014.0
22752,4378,22308,September,526,5348,District of Columbia,27130,27656,2014.0
19733,6410,22989,December,642,3796,District of Columbia,26143,26785,2014.0
21645,4946,22602,March,1814,5803,District of Columbia,26591,28405,2015.0
20965,7645,23982,June,2013,6641,District of Columbia,28610,30623,2015.0
21638,5743,23949,September,3079,6511,District of Columbia,27381,30460,2015.0
18843,4800,24952,December,7918,6609,District of Columbia,23643,31561,2015.0
22011,6460,20955,March,-1597,5919,District of Columbia,28471,26874,2016.0
23322,6181,22002,June,450,7951,District of Columbia,29503,29953,2016.0
23358,6109,24966,September,2379,6880,District of Columbia,29467,31846,2016.0
23621,5074,22227,December,93,6561,District of Columbia,28695,28788,2016.0
19735,4642,23263,March,5328,6442,District of Columbia,24377,29705,2017.0
23145,5657,22619,June,506,6689,District of Columbia,28802,29308,2017.0
22057,5523,22489,September,504,5595,District of Columbia,27580,28084,2017.0
20691,5260,23737,December,3921,6135,District of Columbia,25951,29872,2017.0
25061,4266,25805,March,4012,7534,District of Columbia,29327,33339,2000.0
20114,6598,26508,June,6731,6935,District of Columbia,26712,33443,2000.0
21745,9939,27036,September,3570,8218,District of Columbia,31684,35254,2000.0
20537,7475,29580,December,7567,5999,District of Columbia,28012,35579,2000.0
35503,6115,25186,March,-9515,6917,District of Columbia,41618,32103,2001.0
23858,6017,22364,June,-2451,5060,District of Columbia,29875,27424,2001.0
23265,7450,23180,September,-856,6679,District of Columbia,30715,29859,2001.0
23407,6797,25463,December,1696,6437,District of Columbia,30204,31900,2001.0
23205,6392,23449,March,251,6399,District of Columbia,29597,29848,2002.0
21167,5254,21275,June,1218,6364,District of Columbia,26421,27639,2002.0
19049,5210,21600,September,1973,4632,District of Columbia,24259,26232,2002.0
19997,4811,20440,December,1929,6297,District of Columbia,24808,26737,2002.0
22750,5917,20365,March,-1973,6329,District of Columbia,28667,26694,2003.0
21925,5855,19935,June,-3299,4546,District of Columbia,27780,24481,2003.0
19706,4029,21062,September,2798,5471,District of Columbia,23735,26533,2003.0
18558,4780,21461,December,2798,4675,District of Columbia,23338,26136,2003.0
20461,4728,24146,March,4915,5958,District of Columbia,25189,30104,2004.0
20017,5429,23565,June,2658,4539,District of Columbia,25446,28104,2004.0
20998,4848,21160,September,-158,4528,District of Columbia,25846,25688,2004.0
21236,4606,21898,December,509,4453,District of Columbia,25842,26351,2004.0
21209,4623,23103,March,1643,4372,District of Columbia,25832,27475,2005.0
19345,5199,24033,June,3773,4284,District of Columbia,24544,28317,2005.0
21593,5052,21350,September,-192,5103,District of Columbia,26645,26453,2005.0
21669,3551,20348,December,-287,4585,District of Columbia,25220,24933,2005.0
19988,3796,21205,March,2039,4618,District of Columbia,23784,25823,2006.0
20895,5454,23999,June,2676,5026,District of Columbia,26349,29025,2006.0
20470,4515,21126,September,1740,5599,District of Columbia,24985,26725,2006.0
20554,5607,21369,December,-315,4477,District of Columbia,26161,25846,2006.0
19103,4818,23172,March,4876,5625,District of Columbia,23921,28797,2007.0
20810,5425,22575,June,1535,5195,District of Columbia,26235,27770,2007.0
21278,6377,22832,September,-912,3911,District of Columbia,27655,26743,2007.0
21064,5049,21096,December,796,5813,District of Columbia,26113,26909,2007.0
21794,4724,23076,March,1606,5048,District of Columbia,26518,28124,2008.0
22638,4474,23224,June,1035,4923,District of Columbia,27112,28147,2008.0
21089,4749,23384,September,2587,5041,District of Columbia,25838,28425,2008.0
24929,6192,19957,December,-5905,5259,District of Columbia,31121,25216,2008.0
21840,5822,21336,March,-1418,4908,District of Columbia,27662,26244,2009.0
22412,5095,20286,June,-2700,4521,District of Columbia,27507,24807,2009.0
22633,3729,18242,September,-3579,4541,District of Columbia,26362,22783,2009.0
20066,4183,21414,December,2700,5535,District of Columbia,24249,26949,2009.0
17455,3690,19443,March,2623,4325,District of Columbia,21145,23768,2010.0
18658,4499,22317,June,3492,4332,District of Columbia,23157,26649,2010.0
22687,7337,20225,September,-4853,4946,District of Columbia,30024,25171,2010.0
19643,5256,21062,December,3166,7003,District of Columbia,24899,28065,2010.0
16840,5110,27329,March,11115,5736,District of Columbia,21950,33065,2011.0
20467,5736,22233,June,1839,5809,District of Columbia,26203,28042,2011.0
18458,5573,20906,September,2630,5755,District of Columbia,24031,26661,2011.0
21353,3379,18818,December,1503,7417,District of Columbia,24732,26235,2011.0
17159,4276,23671,March,6904,4668,District of Columbia,21435,28339,2012.0
20200,4579,22158,June,2457,5078,District of Columbia,24779,27236,2012.0
21915,6770,21601,September,-1356,5728,District of Columbia,28685,27329,2012.0
19899,5991,24248,December,5988,7630,District of Columbia,25890,31878,2012.0
21342,4287,21251,March,2515,6893,District of Columbia,25629,28144,2013.0
21566,5323,23642,June,2610,5857,District of Columbia,26889,29499,2013.0
20576,3946,21796,September,4254,6980,District of Columbia,24522,28776,2013.0
21083,5544,22091,December,985,5521,District of Columbia,26627,27612,2013.0
21739,4677,22958,March,2178,5636,District of Columbia,26416,28594,2014.0
21690,5337,25847,June,3652,4832,District of Columbia,27027,30679,2014.0
22752,4378,22308,September,526,5348,District of Columbia,27130,27656,2014.0
19733,6410,22989,December,642,3796,District of Columbia,26143,26785,2014.0
21645,4946,22602,March,1814,5803,District of Columbia,26591,28405,2015.0
20965,7645,23982,June,2013,6641,District of Columbia,28610,30623,2015.0
21638,5743,23949,September,3079,6511,District of Columbia,27381,30460,2015.0
18843,4800,24952,December,7918,6609,District of Columbia,23643,31561,2015.0
22011,6460,20955,March,-1597,5919,District of Columbia,28471,26874,2016.0
23322,6181,22002,June,450,7951,District of Columbia,29503,29953,2016.0
23358,6109,24966,September,2379,6880,District of Columbia,29467,31846,2016.0
23621,5074,22227,December,93,6561,District of Columbia,28695,28788,2016.0
19735,4642,23263,March,5328,6442,District of Columbia,24377,29705,2017.0
23145,5657,22619,June,506,6689,District of Columbia,28802,29308,2017.0
22057,5523,22489,September,504,5595,District of Columbia,27580,28084,2017.0
20691,5260,23737,December,3921,6135,District of Columbia,25951,29872,2017.0
295920,89441,316757,September,33173,101777,Florida,385361,418534,1992.0
279751,85672,332903,December,62902,95422,Florida,365423,428325,1992.0
291275,82143,340755,March,70673,103336,Florida,373418,444091,1993.0
297286,95922,351014,June,53153,95347,Florida,393208,446361,1993.0
302085,95000,343446,September,48194,101833,Florida,397085,445279,1993.0
306935,95406,339052,December,39302,102591,Florida,402341,441643,1993.0
308369,89045,369370,March,72178,100222,Florida,397414,469592,1994.0
310203,98925,342280,June,37273,104121,Florida,409128,446401,1994.0
303464,85256,359524,September,81597,110793,Florida,388720,470317,1994.0
318248,95310,352145,December,31000,92413,Florida,413558,444558,1994.0
327326,93358,371145,March,64479,114018,Florida,420684,485163,1995.0
339044,101190,337284,June,-2873,100077,Florida,440234,437361,1995.0
300476,89457,360997,September,63711,92647,Florida,389933,453644,1995.0
322514,92154,359591,December,45824,100901,Florida,414668,460492,1995.0
379924,113253,377996,March,33001,148182,Florida,493177,526178,1996.0
334338,115686,363287,June,30375,117112,Florida,450024,480399,1996.0
357459,101527,381796,September,28512,105702,Florida,458986,487498,1996.0
317876,105689,362372,December,98245,159438,Florida,423565,521810,1996.0
358284,126498,401371,March,36558,119969,Florida,484782,521340,1997.0
336239,115886,384240,June,65520,133405,Florida,452125,517645,1997.0
328411,137597,428942,September,98414,135480,Florida,466008,564422,1997.0
346499,222327,407682,December,-43093,118051,Florida,568826,525733,1997.0
359647,161492,389919,March,34096,165316,Florida,521139,555235,1998.0
341985,102326,388455,June,134218,190074,Florida,444311,578529,1998.0
343271,118991,390971,September,70143,141434,Florida,462262,532405,1998.0
330375,147773,403245,December,56245,131148,Florida,478148,534393,1998.0
383197,159993,433466,March,13432,123156,Florida,543190,556622,1999.0
322667,123130,388127,June,87944,145614,Florida,445797,533741,1999.0
344006,135622,356430,September,-4717,118481,Florida,479628,474911,1999.0
302510,130775,381223,December,66589,118651,Florida,433285,499874,1999.0
350270,133409,405597,March,75727,153809,Florida,483679,559406,2000.0
362292,108739,402049,June,44241,113223,Florida,471031,515272,2000.0
363335,104949,396996,September,55294,126582,Florida,468284,523578,2000.0
375216,100534,368242,December,25196,132704,Florida,475750,500946,2000.0
353515,177801,395925,March,51863,187254,Florida,531316,583179,2001.0
365373,128494,366992,June,-17732,109143,Florida,493867,476135,2001.0
366143,120693,350999,September,-12932,122905,Florida,486836,473904,2001.0
396705,112989,336901,December,-61167,111626,Florida,509694,448527,2001.0
390794,129757,386255,March,3093,137389,Florida,520551,523644,2002.0
350329,128968,357008,June,26029,148318,Florida,479297,505326,2002.0
363772,118724,397396,September,38721,123821,Florida,482496,521217,2002.0
356472,116441,370154,December,23908,126667,Florida,472913,496821,2002.0
392300,142192,421240,March,13823,127075,Florida,534492,548315,2003.0
342284,116328,352576,June,-7849,98187,Florida,458612,450763,2003.0
320415,112226,368218,September,40552,104975,Florida,432641,473193,2003.0
345996,115895,370956,December,24669,115604,Florida,461891,486560,2003.0
395317,118746,401547,March,53822,166338,Florida,514063,567885,2004.0
322755,127304,436387,June,123919,137591,Florida,450059,573978,2004.0
377691,135058,357589,September,-32207,122953,Florida,512749,480542,2004.0
305412,113895,417913,December,139977,141371,Florida,419307,559284,2004.0
359938,116091,423857,March,64514,116686,Florida,476029,540543,2005.0
339231,107258,396660,June,92568,142397,Florida,446489,539057,2005.0
339461,135151,422195,September,86642,139059,Florida,474612,561254,2005.0
371175,111583,371851,December,18874,129781,Florida,482758,501632,2005.0
332179,100722,402286,March,84768,115383,Florida,432901,517669,2006.0
371414,120459,398492,June,27836,121217,Florida,491873,519709,2006.0
372657,113835,381763,September,9120,113849,Florida,486492,495612,2006.0
391764,113660,372622,December,-16282,116520,Florida,505424,489142,2006.0
362420,112382,377002,March,24887,122687,Florida,474802,499689,2007.0
395032,139401,361171,June,-42901,130361,Florida,534433,491532,2007.0
417108,137102,348467,September,-74837,130906,Florida,554210,479373,2007.0
403250,118414,354009,December,-43625,124030,Florida,521664,478039,2007.0
392051,125044,328233,March,-48249,140613,Florida,517095,468846,2008.0
406534,172069,326064,June,-124208,128331,Florida,578603,454395,2008.0
415635,149631,305551,September,-126948,132767,Florida,565266,438318,2008.0
439792,142417,302764,December,-150752,128693,Florida,582209,431457,2008.0
399434,126367,262240,March,-151767,111794,Florida,525801,374034,2009.0
366135,123863,283978,June,-96378,109642,Florida,489998,393620,2009.0
357371,124193,280093,September,-87773,113698,Florida,481564,393791,2009.0
322161,116834,309195,December,-11092,118708,Florida,438995,427903,2009.0
300454,92630,288401,March,-8406,96277,Florida,393084,384678,2010.0
297407,102869,323980,June,27570,103866,Florida,400276,427846,2010.0
310934,116415,304294,September,-15635,107420,Florida,427349,411714,2010.0
292836,115789,326331,December,38463,120757,Florida,408625,447088,2010.0
280611,96911,303419,March,20488,94591,Florida,377522,398010,2011.0
295337,100493,319182,June,33477,110125,Florida,395830,429307,2011.0
290342,99692,326635,September,50308,113707,Florida,390034,440342,2011.0
299878,110488,315940,December,24277,118703,Florida,410366,434643,2011.0
277938,87246,319494,March,56707,102397,Florida,365184,421891,2012.0
302215,90997,319450,June,36460,110222,Florida,393212,429672,2012.0
309110,114286,337407,September,29840,115829,Florida,423396,453236,2012.0
293064,105735,336487,December,53586,115898,Florida,398799,452385,2012.0
289674,103226,328998,March,37659,101561,Florida,392900,430559,2013.0
304807,103173,342716,June,52633,117897,Florida,407980,460613,2013.0
298568,100789,336427,September,53751,116681,Florida,399357,453108,2013.0
295581,100311,346964,December,61359,110287,Florida,395892,457251,2013.0
292952,91152,331646,March,46731,99189,Florida,384104,430835,2014.0
307265,106252,366031,June,65689,113175,Florida,413517,479206,2014.0
307249,99081,370072,September,83705,119963,Florida,406330,490035,2014.0
299966,107435,368136,December,75825,115090,Florida,407401,483226,2014.0
296489,91573,337737,March,51369,101694,Florida,388062,439431,2015.0
313742,97787,372196,June,70371,109704,Florida,411529,481900,2015.0
311786,98730,369139,September,71689,113066,Florida,410516,482205,2015.0
307694,104524,385400,December,98018,124836,Florida,412218,510236,2015.0
319431,92005,337251,March,32571,106756,Florida,411436,444007,2016.0
326108,102860,365979,June,35748,98737,Florida,428968,464716,2016.0
315568,112357,406070,September,112035,133890,Florida,427925,539960,2016.0
335947,109778,365909,December,41985,121801,Florida,445725,487710,2016.0
319032,90258,344941,March,35932,100281,Florida,409290,445222,2017.0
345049,105938,380000,June,36819,107806,Florida,450987,487806,2017.0
424235,126355,311858,September,-133491,105241,Florida,550590,417099,2017.0
284518,102136,461816,December,214372,139210,Florida,386654,601026,2017.0
295920,89441,316757,September,33173,101777,Florida,385361,418534,1992.0
279751,85672,332903,December,62902,95422,Florida,365423,428325,1992.0
291275,82143,340755,March,70673,103336,Florida,373418,444091,1993.0
297286,95922,351014,June,53153,95347,Florida,393208,446361,1993.0
302085,95000,343446,September,48194,101833,Florida,397085,445279,1993.0
306935,95406,339052,December,39302,102591,Florida,402341,441643,1993.0
308369,89045,369370,March,72178,100222,Florida,397414,469592,1994.0
310203,98925,342280,June,37273,104121,Florida,409128,446401,1994.0
303464,85256,359524,September,81597,110793,Florida,388720,470317,1994.0
318248,95310,352145,December,31000,92413,Florida,413558,444558,1994.0
327326,93358,371145,March,64479,114018,Florida,420684,485163,1995.0
339044,101190,337284,June,-2873,100077,Florida,440234,437361,1995.0
300476,89457,360997,September,63711,92647,Florida,389933,453644,1995.0
322514,92154,359591,December,45824,100901,Florida,414668,460492,1995.0
379924,113253,377996,March,33001,148182,Florida,493177,526178,1996.0
334338,115686,363287,June,30375,117112,Florida,450024,480399,1996.0
357459,101527,381796,September,28512,105702,Florida,458986,487498,1996.0
317876,105689,362372,December,98245,159438,Florida,423565,521810,1996.0
358284,126498,401371,March,36558,119969,Florida,484782,521340,1997.0
336239,115886,384240,June,65520,133405,Florida,452125,517645,1997.0
328411,137597,428942,September,98414,135480,Florida,466008,564422,1997.0
346499,222327,407682,December,-43093,118051,Florida,568826,525733,1997.0
359647,161492,389919,March,34096,165316,Florida,521139,555235,1998.0
341985,102326,388455,June,134218,190074,Florida,444311,578529,1998.0
343271,118991,390971,September,70143,141434,Florida,462262,532405,1998.0
330375,147773,403245,December,56245,131148,Florida,478148,534393,1998.0
383197,159993,433466,March,13432,123156,Florida,543190,556622,1999.0
322667,123130,388127,June,87944,145614,Florida,445797,533741,1999.0
344006,135622,356430,September,-4717,118481,Florida,479628,474911,1999.0
302510,130775,381223,December,66589,118651,Florida,433285,499874,1999.0
350270,133409,405597,March,75727,153809,Florida,483679,559406,2000.0
362292,108739,402049,June,44241,113223,Florida,471031,515272,2000.0
363335,104949,396996,September,55294,126582,Florida,468284,523578,2000.0
375216,100534,368242,December,25196,132704,Florida,475750,500946,2000.0
353515,177801,395925,March,51863,187254,Florida,531316,583179,2001.0
365373,128494,366992,June,-17732,109143,Florida,493867,476135,2001.0
366143,120693,350999,September,-12932,122905,Florida,486836,473904,2001.0
396705,112989,336901,December,-61167,111626,Florida,509694,448527,2001.0
390794,129757,386255,March,3093,137389,Florida,520551,523644,2002.0
350329,128968,357008,June,26029,148318,Florida,479297,505326,2002.0
363772,118724,397396,September,38721,123821,Florida,482496,521217,2002.0
356472,116441,370154,December,23908,126667,Florida,472913,496821,2002.0
392300,142192,421240,March,13823,127075,Florida,534492,548315,2003.0
342284,116328,352576,June,-7849,98187,Florida,458612,450763,2003.0
320415,112226,368218,September,40552,104975,Florida,432641,473193,2003.0
345996,115895,370956,December,24669,115604,Florida,461891,486560,2003.0
395317,118746,401547,March,53822,166338,Florida,514063,567885,2004.0
322755,127304,436387,June,123919,137591,Florida,450059,573978,2004.0
377691,135058,357589,September,-32207,122953,Florida,512749,480542,2004.0
305412,113895,417913,December,139977,141371,Florida,419307,559284,2004.0
359938,116091,423857,March,64514,116686,Florida,476029,540543,2005.0
339231,107258,396660,June,92568,142397,Florida,446489,539057,2005.0
339461,135151,422195,September,86642,139059,Florida,474612,561254,2005.0
371175,111583,371851,December,18874,129781,Florida,482758,501632,2005.0
332179,100722,402286,March,84768,115383,Florida,432901,517669,2006.0
371414,120459,398492,June,27836,121217,Florida,491873,519709,2006.0
372657,113835,381763,September,9120,113849,Florida,486492,495612,2006.0
391764,113660,372622,December,-16282,116520,Florida,505424,489142,2006.0
362420,112382,377002,March,24887,122687,Florida,474802,499689,2007.0
395032,139401,361171,June,-42901,130361,Florida,534433,491532,2007.0
417108,137102,348467,September,-74837,130906,Florida,554210,479373,2007.0
403250,118414,354009,December,-43625,124030,Florida,521664,478039,2007.0
392051,125044,328233,March,-48249,140613,Florida,517095,468846,2008.0
406534,172069,326064,June,-124208,128331,Florida,578603,454395,2008.0
415635,149631,305551,September,-126948,132767,Florida,565266,438318,2008.0
439792,142417,302764,December,-150752,128693,Florida,582209,431457,2008.0
399434,126367,262240,March,-151767,111794,Florida,525801,374034,2009.0
366135,123863,283978,June,-96378,109642,Florida,489998,393620,2009.0
357371,124193,280093,September,-87773,113698,Florida,481564,393791,2009.0
322161,116834,309195,December,-11092,118708,Florida,438995,427903,2009.0
300454,92630,288401,March,-8406,96277,Florida,393084,384678,2010.0
297407,102869,323980,June,27570,103866,Florida,400276,427846,2010.0
310934,116415,304294,September,-15635,107420,Florida,427349,411714,2010.0
292836,115789,326331,December,38463,120757,Florida,408625,447088,2010.0
280611,96911,303419,March,20488,94591,Florida,377522,398010,2011.0
295337,100493,319182,June,33477,110125,Florida,395830,429307,2011.0
290342,99692,326635,September,50308,113707,Florida,390034,440342,2011.0
299878,110488,315940,December,24277,118703,Florida,410366,434643,2011.0
277938,87246,319494,March,56707,102397,Florida,365184,421891,2012.0
302215,90997,319450,June,36460,110222,Florida,393212,429672,2012.0
309110,114286,337407,September,29840,115829,Florida,423396,453236,2012.0
293064,105735,336487,December,53586,115898,Florida,398799,452385,2012.0
289674,103226,328998,March,37659,101561,Florida,392900,430559,2013.0
304807,103173,342716,June,52633,117897,Florida,407980,460613,2013.0
298568,100789,336427,September,53751,116681,Florida,399357,453108,2013.0
295581,100311,346964,December,61359,110287,Florida,395892,457251,2013.0
292952,91152,331646,March,46731,99189,Florida,384104,430835,2014.0
307265,106252,366031,June,65689,113175,Florida,413517,479206,2014.0
307249,99081,370072,September,83705,119963,Florida,406330,490035,2014.0
299966,107435,368136,December,75825,115090,Florida,407401,483226,2014.0
296489,91573,337737,March,51369,101694,Florida,388062,439431,2015.0
313742,97787,372196,June,70371,109704,Florida,411529,481900,2015.0
311786,98730,369139,September,71689,113066,Florida,410516,482205,2015.0
307694,104524,385400,December,98018,124836,Florida,412218,510236,2015.0
319431,92005,337251,March,32571,106756,Florida,411436,444007,2016.0
326108,102860,365979,June,35748,98737,Florida,428968,464716,2016.0
315568,112357,406070,September,112035,133890,Florida,427925,539960,2016.0
335947,109778,365909,December,41985,121801,Florida,445725,487710,2016.0
319032,90258,344941,March,35932,100281,Florida,409290,445222,2017.0
345049,105938,380000,June,36819,107806,Florida,450987,487806,2017.0
424235,126355,311858,September,-133491,105241,Florida,550590,417099,2017.0
284518,102136,461816,December,214372,139210,Florida,386654,601026,2017.0
129341,34364,161531,September,42779,44953,Georgia,163705,206484,1992.0
148850,33649,150854,December,16888,48533,Georgia,182499,199387,1992.0
157102,31760,150279,March,9352,47935,Georgia,188862,198214,1993.0
133222,35033,169756,June,43490,41989,Georgia,168255,211745,1993.0
145902,30018,176744,September,44185,43361,Georgia,175920,220105,1993.0
152865,30375,174712,December,39734,48262,Georgia,183240,222974,1993.0
155605,38365,175939,March,24057,42088,Georgia,193970,218027,1994.0
143914,38771,183256,June,42929,42358,Georgia,182685,225614,1994.0
149803,32377,187273,September,51936,46843,Georgia,182180,234116,1994.0
162895,31883,183425,December,32395,43748,Georgia,194778,227173,1994.0
170994,36483,185941,March,26214,47750,Georgia,207477,233691,1995.0
165635,39454,180563,June,27504,52030,Georgia,205089,232593,1995.0
165161,37374,194987,September,40412,47960,Georgia,202535,242947,1995.0
176972,36607,188696,December,27408,52291,Georgia,213579,240987,1995.0
180512,41705,192107,March,28101,58211,Georgia,222217,250318,1996.0
177405,42307,204282,June,44306,59736,Georgia,219712,264018,1996.0
187438,43948,197258,September,13564,47692,Georgia,231386,244950,1996.0
189243,43377,193879,December,19145,57886,Georgia,232620,251765,1996.0
181975,45367,197933,March,19068,48477,Georgia,227342,246410,1997.0
189332,55927,188505,June,4848,61602,Georgia,245259,250107,1997.0
179504,56981,209194,September,36852,64143,Georgia,236485,273337,1997.0
179589,59750,199800,December,34564,74103,Georgia,239339,273903,1997.0
184960,82822,218578,March,25973,75177,Georgia,267782,293755,1998.0
198459,70955,212890,June,28746,85270,Georgia,269414,298160,1998.0
189246,59259,213775,September,31069,65799,Georgia,248505,279574,1998.0
188055,52124,202791,December,27704,65092,Georgia,240179,267883,1998.0
188342,66037,205620,March,27448,76207,Georgia,254379,281827,1999.0
185121,53595,213587,June,58963,84092,Georgia,238716,297679,1999.0
206182,77727,212691,September,4196,75414,Georgia,283909,288105,1999.0
195321,65614,217686,December,27605,70854,Georgia,260935,288540,1999.0
202696,65869,221653,March,29880,76792,Georgia,268565,298445,2000.0
200281,62756,206434,June,16589,73192,Georgia,263037,279626,2000.0
202089,70194,208821,September,15370,78832,Georgia,272283,287653,2000.0
204691,64490,204875,December,1448,65754,Georgia,269181,270629,2000.0
210353,74149,203378,March,-16869,64255,Georgia,284502,267633,2001.0
215360,52262,179968,June,-25094,62560,Georgia,267622,242528,2001.0
215809,72116,197217,September,-15273,75435,Georgia,287925,272652,2001.0
231086,91281,181907,December,-68046,72414,Georgia,322367,254321,2001.0
198612,55612,189536,March,-2395,62293,Georgia,254224,251829,2002.0
194849,43455,186952,June,5159,56511,Georgia,238304,243463,2002.0
182595,61823,174545,September,-14544,55329,Georgia,244418,229874,2002.0
179711,54852,167568,December,-17142,49853,Georgia,234563,217421,2002.0
199435,53194,179924,March,-17471,55234,Georgia,252629,235158,2003.0
179795,62302,165372,June,-28675,48050,Georgia,242097,213422,2003.0
164155,34820,179366,September,27322,46931,Georgia,198975,226297,2003.0
167277,43201,173297,December,7804,44985,Georgia,210478,218282,2003.0
176424,50105,188433,March,21786,59882,Georgia,226529,248315,2004.0
171405,64159,185503,June,13560,63621,Georgia,235564,249124,2004.0
184630,82601,177189,September,-25679,64363,Georgia,267231,241552,2004.0
161010,54127,198818,December,57392,73711,Georgia,215137,272529,2004.0
178147,71479,202114,March,12634,60146,Georgia,249626,262260,2005.0
180726,52368,191962,June,27562,68694,Georgia,233094,260656,2005.0
174226,58856,196540,September,27139,63681,Georgia,233082,260221,2005.0
177012,56273,189917,December,11855,55223,Georgia,233285,245140,2005.0
169007,57506,199802,March,31827,58538,Georgia,226513,258340,2006.0
184583,47127,193643,June,24655,62722,Georgia,231710,256365,2006.0
180195,69978,183467,September,-4083,62623,Georgia,250173,246090,2006.0
185005,63981,192423,December,10368,66931,Georgia,248986,259354,2006.0
178360,55352,196262,March,21293,58743,Georgia,233712,255005,2007.0
190226,58772,187811,June,-4881,56306,Georgia,248998,244117,2007.0
190246,50746,178270,September,1864,64586,Georgia,240992,242856,2007.0
186392,67154,187949,December,-6833,58764,Georgia,253546,246713,2007.0
195711,58163,169404,March,-13259,71211,Georgia,253874,240615,2008.0
195283,66455,172434,June,-28086,61218,Georgia,261738,233652,2008.0
197516,60353,161063,September,-37308,59498,Georgia,257869,220561,2008.0
228485,70116,155169,December,-83618,59814,Georgia,298601,214983,2008.0
209924,61440,140802,March,-77019,53543,Georgia,271364,194345,2009.0
194046,61759,145518,June,-52299,57988,Georgia,255805,203506,2009.0
175621,50920,138995,September,-38233,49313,Georgia,226541,188308,2009.0
160540,54471,152779,December,-10251,51981,Georgia,215011,204760,2009.0
152972,49551,149481,March,-1503,51539,Georgia,202523,201020,2010.0
146316,57798,160249,June,4955,48820,Georgia,204114,209069,2010.0
150887,47834,158703,September,16479,56497,Georgia,198721,215200,2010.0
146533,51103,162967,December,16161,50830,Georgia,197636,213797,2010.0
142555,47068,160491,March,20713,49845,Georgia,189623,210336,2011.0
151818,45428,158479,June,7340,46107,Georgia,197246,204586,2011.0
152332,45119,157185,September,10051,50317,Georgia,197451,207502,2011.0
150405,51543,153156,December,-905,47887,Georgia,201948,201043,2011.0
142039,48651,164408,March,29617,55899,Georgia,190690,220307,2012.0
149961,44736,161042,June,14163,47818,Georgia,194697,208860,2012.0
152992,45634,155104,September,2758,46280,Georgia,198626,201384,2012.0
143112,46415,164762,December,27070,51835,Georgia,189527,216597,2012.0
144352,43276,166509,March,28249,49368,Georgia,187628,215877,2013.0
151930,45348,168736,June,17087,45629,Georgia,197278,214365,2013.0
152021,41313,171539,September,25371,47166,Georgia,193334,218705,2013.0
144928,47272,173620,December,30446,49026,Georgia,192200,222646,2013.0
147233,41237,168952,March,32595,52113,Georgia,188470,221065,2014.0
153282,46821,180490,June,29573,49186,Georgia,200103,229676,2014.0
158770,39623,179838,September,32091,50646,Georgia,198393,230484,2014.0
153172,39208,187618,December,44983,49745,Georgia,192380,237363,2014.0
161734,39902,172982,March,15937,44591,Georgia,201636,217573,2015.0
161647,40638,192311,June,30450,40424,Georgia,202285,232735,2015.0
169745,39228,184628,September,19936,44281,Georgia,208973,228909,2015.0
160092,42962,196734,December,44888,51208,Georgia,203054,247942,2015.0
167134,39711,180892,March,17038,42991,Georgia,206845,223883,2016.0
173068,56872,191318,June,18575,57197,Georgia,229940,248515,2016.0
169780,43338,190007,September,30598,53709,Georgia,213118,243716,2016.0
164163,47406,192401,December,28315,47483,Georgia,211569,239884,2016.0
171301,41459,179747,March,18205,51218,Georgia,212760,230965,2017.0
178100,47390,184537,June,4133,45086,Georgia,225490,229623,2017.0
184833,43518,181574,September,-3425,43352,Georgia,228351,224926,2017.0
159827,45409,203475,December,50317,52078,Georgia,205236,255553,2017.0
129341,34364,161531,September,42779,44953,Georgia,163705,206484,1992.0
148850,33649,150854,December,16888,48533,Georgia,182499,199387,1992.0
157102,31760,150279,March,9352,47935,Georgia,188862,198214,1993.0
133222,35033,169756,June,43490,41989,Georgia,168255,211745,1993.0
145902,30018,176744,September,44185,43361,Georgia,175920,220105,1993.0
152865,30375,174712,December,39734,48262,Georgia,183240,222974,1993.0
155605,38365,175939,March,24057,42088,Georgia,193970,218027,1994.0
143914,38771,183256,June,42929,42358,Georgia,182685,225614,1994.0
149803,32377,187273,September,51936,46843,Georgia,182180,234116,1994.0
162895,31883,183425,December,32395,43748,Georgia,194778,227173,1994.0
170994,36483,185941,March,26214,47750,Georgia,207477,233691,1995.0
165635,39454,180563,June,27504,52030,Georgia,205089,232593,1995.0
165161,37374,194987,September,40412,47960,Georgia,202535,242947,1995.0
176972,36607,188696,December,27408,52291,Georgia,213579,240987,1995.0
180512,41705,192107,March,28101,58211,Georgia,222217,250318,1996.0
177405,42307,204282,June,44306,59736,Georgia,219712,264018,1996.0
187438,43948,197258,September,13564,47692,Georgia,231386,244950,1996.0
189243,43377,193879,December,19145,57886,Georgia,232620,251765,1996.0
181975,45367,197933,March,19068,48477,Georgia,227342,246410,1997.0
189332,55927,188505,June,4848,61602,Georgia,245259,250107,1997.0
179504,56981,209194,September,36852,64143,Georgia,236485,273337,1997.0
179589,59750,199800,December,34564,74103,Georgia,239339,273903,1997.0
184960,82822,218578,March,25973,75177,Georgia,267782,293755,1998.0
198459,70955,212890,June,28746,85270,Georgia,269414,298160,1998.0
189246,59259,213775,September,31069,65799,Georgia,248505,279574,1998.0
188055,52124,202791,December,27704,65092,Georgia,240179,267883,1998.0
188342,66037,205620,March,27448,76207,Georgia,254379,281827,1999.0
185121,53595,213587,June,58963,84092,Georgia,238716,297679,1999.0
206182,77727,212691,September,4196,75414,Georgia,283909,288105,1999.0
195321,65614,217686,December,27605,70854,Georgia,260935,288540,1999.0
202696,65869,221653,March,29880,76792,Georgia,268565,298445,2000.0
200281,62756,206434,June,16589,73192,Georgia,263037,279626,2000.0
202089,70194,208821,September,15370,78832,Georgia,272283,287653,2000.0
204691,64490,204875,December,1448,65754,Georgia,269181,270629,2000.0
210353,74149,203378,March,-16869,64255,Georgia,284502,267633,2001.0
215360,52262,179968,June,-25094,62560,Georgia,267622,242528,2001.0
215809,72116,197217,September,-15273,75435,Georgia,287925,272652,2001.0
231086,91281,181907,December,-68046,72414,Georgia,322367,254321,2001.0
198612,55612,189536,March,-2395,62293,Georgia,254224,251829,2002.0
194849,43455,186952,June,5159,56511,Georgia,238304,243463,2002.0
182595,61823,174545,September,-14544,55329,Georgia,244418,229874,2002.0
179711,54852,167568,December,-17142,49853,Georgia,234563,217421,2002.0
199435,53194,179924,March,-17471,55234,Georgia,252629,235158,2003.0
179795,62302,165372,June,-28675,48050,Georgia,242097,213422,2003.0
164155,34820,179366,September,27322,46931,Georgia,198975,226297,2003.0
167277,43201,173297,December,7804,44985,Georgia,210478,218282,2003.0
176424,50105,188433,March,21786,59882,Georgia,226529,248315,2004.0
171405,64159,185503,June,13560,63621,Georgia,235564,249124,2004.0
184630,82601,177189,September,-25679,64363,Georgia,267231,241552,2004.0
161010,54127,198818,December,57392,73711,Georgia,215137,272529,2004.0
178147,71479,202114,March,12634,60146,Georgia,249626,262260,2005.0
180726,52368,191962,June,27562,68694,Georgia,233094,260656,2005.0
174226,58856,196540,September,27139,63681,Georgia,233082,260221,2005.0
177012,56273,189917,December,11855,55223,Georgia,233285,245140,2005.0
169007,57506,199802,March,31827,58538,Georgia,226513,258340,2006.0
184583,47127,193643,June,24655,62722,Georgia,231710,256365,2006.0
180195,69978,183467,September,-4083,62623,Georgia,250173,246090,2006.0
185005,63981,192423,December,10368,66931,Georgia,248986,259354,2006.0
178360,55352,196262,March,21293,58743,Georgia,233712,255005,2007.0
190226,58772,187811,June,-4881,56306,Georgia,248998,244117,2007.0
190246,50746,178270,September,1864,64586,Georgia,240992,242856,2007.0
186392,67154,187949,December,-6833,58764,Georgia,253546,246713,2007.0
195711,58163,169404,March,-13259,71211,Georgia,253874,240615,2008.0
195283,66455,172434,June,-28086,61218,Georgia,261738,233652,2008.0
197516,60353,161063,September,-37308,59498,Georgia,257869,220561,2008.0
228485,70116,155169,December,-83618,59814,Georgia,298601,214983,2008.0
209924,61440,140802,March,-77019,53543,Georgia,271364,194345,2009.0
194046,61759,145518,June,-52299,57988,Georgia,255805,203506,2009.0
175621,50920,138995,September,-38233,49313,Georgia,226541,188308,2009.0
160540,54471,152779,December,-10251,51981,Georgia,215011,204760,2009.0
152972,49551,149481,March,-1503,51539,Georgia,202523,201020,2010.0
146316,57798,160249,June,4955,48820,Georgia,204114,209069,2010.0
150887,47834,158703,September,16479,56497,Georgia,198721,215200,2010.0
146533,51103,162967,December,16161,50830,Georgia,197636,213797,2010.0
142555,47068,160491,March,20713,49845,Georgia,189623,210336,2011.0
151818,45428,158479,June,7340,46107,Georgia,197246,204586,2011.0
152332,45119,157185,September,10051,50317,Georgia,197451,207502,2011.0
150405,51543,153156,December,-905,47887,Georgia,201948,201043,2011.0
142039,48651,164408,March,29617,55899,Georgia,190690,220307,2012.0
149961,44736,161042,June,14163,47818,Georgia,194697,208860,2012.0
152992,45634,155104,September,2758,46280,Georgia,198626,201384,2012.0
143112,46415,164762,December,27070,51835,Georgia,189527,216597,2012.0
144352,43276,166509,March,28249,49368,Georgia,187628,215877,2013.0
151930,45348,168736,June,17087,45629,Georgia,197278,214365,2013.0
152021,41313,171539,September,25371,47166,Georgia,193334,218705,2013.0
144928,47272,173620,December,30446,49026,Georgia,192200,222646,2013.0
147233,41237,168952,March,32595,52113,Georgia,188470,221065,2014.0
153282,46821,180490,June,29573,49186,Georgia,200103,229676,2014.0
158770,39623,179838,September,32091,50646,Georgia,198393,230484,2014.0
153172,39208,187618,December,44983,49745,Georgia,192380,237363,2014.0
161734,39902,172982,March,15937,44591,Georgia,201636,217573,2015.0
161647,40638,192311,June,30450,40424,Georgia,202285,232735,2015.0
169745,39228,184628,September,19936,44281,Georgia,208973,228909,2015.0
160092,42962,196734,December,44888,51208,Georgia,203054,247942,2015.0
167134,39711,180892,March,17038,42991,Georgia,206845,223883,2016.0
173068,56872,191318,June,18575,57197,Georgia,229940,248515,2016.0
169780,43338,190007,September,30598,53709,Georgia,213118,243716,2016.0
164163,47406,192401,December,28315,47483,Georgia,211569,239884,2016.0
171301,41459,179747,March,18205,51218,Georgia,212760,230965,2017.0
178100,47390,184537,June,4133,45086,Georgia,225490,229623,2017.0
184833,43518,181574,September,-3425,43352,Georgia,228351,224926,2017.0
159827,45409,203475,December,50317,52078,Georgia,205236,255553,2017.0
23103,6124,20217,September,-1438,7572,Hawaii,29227,27789,1992.0
24773,7232,23740,December,-1664,6601,Hawaii,32005,30341,1992.0
24043,6694,23648,March,236,7325,Hawaii,30737,30973,1993.0
24545,4631,20778,June,-1487,6911,Hawaii,29176,27689,1993.0
23361,6924,20140,September,-3480,6665,Hawaii,30285,26805,1993.0
25761,6101,22045,December,-1883,7934,Hawaii,31862,29979,1993.0
20610,9522,24166,March,1953,7919,Hawaii,30132,32085,1994.0
23352,4199,20393,June,1151,8309,Hawaii,27551,28702,1994.0
21988,5809,22090,September,124,5831,Hawaii,27797,27921,1994.0
22691,7482,21086,December,-1178,7909,Hawaii,30173,28995,1994.0
21348,6256,20388,March,596,7812,Hawaii,27604,28200,1995.0
22295,5537,20638,June,-1928,5266,Hawaii,27832,25904,1995.0
21850,6966,21039,September,-3014,4763,Hawaii,28816,25802,1995.0
21192,5711,19851,December,-1754,5298,Hawaii,26903,25149,1995.0
21811,3886,20693,March,1579,6583,Hawaii,25697,27276,1996.0
19738,6968,20433,June,-1114,5159,Hawaii,26706,25592,1996.0
22048,4735,20355,September,-180,6248,Hawaii,26783,26603,1996.0
21960,7076,21901,December,-991,6144,Hawaii,29036,28045,1996.0
20792,5068,19485,March,1590,7965,Hawaii,25860,27450,1997.0
21505,5089,19341,June,-1703,5550,Hawaii,26594,24891,1997.0
20375,5404,19898,September,-1373,4508,Hawaii,25779,24406,1997.0
19623,8042,21077,December,-1130,5458,Hawaii,27665,26535,1997.0
19296,5736,19737,March,252,5547,Hawaii,25032,25284,1998.0
20356,5156,20191,June,652,5973,Hawaii,25512,26164,1998.0
20408,5064,20987,September,479,4964,Hawaii,25472,25951,1998.0
21692,4142,19980,December,-1300,4554,Hawaii,25834,24534,1998.0
20105,5026,20317,March,969,5783,Hawaii,25131,26100,1999.0
17928,5103,20668,June,3087,5450,Hawaii,23031,26118,1999.0
18689,5651,20288,September,1682,5734,Hawaii,24340,26022,1999.0
18994,4862,22356,December,3891,5391,Hawaii,23856,27747,1999.0
20049,5251,23383,March,5046,6963,Hawaii,25300,30346,2000.0
19224,5350,23795,June,5652,6431,Hawaii,24574,30226,2000.0
19525,6452,23549,September,3453,5881,Hawaii,25977,29430,2000.0
21233,5999,21703,December,-271,5258,Hawaii,27232,26961,2000.0
19716,6107,21906,March,1351,5268,Hawaii,25823,27174,2001.0
20501,6281,21058,June,852,6576,Hawaii,26782,27634,2001.0
21968,5180,20327,September,-2008,4813,Hawaii,27148,25140,2001.0
32127,5449,17647,December,-14901,5028,Hawaii,37576,22675,2001.0
19657,5009,24224,March,4773,5215,Hawaii,24666,29439,2002.0
17573,5936,24452,June,6337,5394,Hawaii,23509,29846,2002.0
18532,4905,21700,September,2322,4059,Hawaii,23437,25759,2002.0
20546,3921,21184,December,3012,6295,Hawaii,24467,27479,2002.0
19915,6388,22981,March,1427,4749,Hawaii,26303,27730,2003.0
19314,4219,20612,June,1514,4435,Hawaii,23533,25047,2003.0
18720,4488,22177,September,3928,4959,Hawaii,23208,27136,2003.0
19500,4725,21679,December,2827,5373,Hawaii,24225,27052,2003.0
20333,4450,22317,March,2458,4924,Hawaii,24783,27241,2004.0
18318,4409,23863,June,5640,4504,Hawaii,22727,28367,2004.0
19582,4299,22696,September,4861,6046,Hawaii,23881,28742,2004.0
19440,3991,24047,December,5767,5151,Hawaii,23431,29198,2004.0
20374,4133,23229,March,3000,4278,Hawaii,24507,27507,2005.0
19141,4483,24973,June,5866,4517,Hawaii,23624,29490,2005.0
20213,3903,25069,September,5618,4665,Hawaii,24116,29734,2005.0
22098,3800,23424,December,2346,4820,Hawaii,25898,28244,2005.0
21285,3940,23717,March,3029,4537,Hawaii,25225,28254,2006.0
20397,3991,24212,June,4812,4988,Hawaii,24388,29200,2006.0
21782,4279,23312,September,1711,4460,Hawaii,26061,27772,2006.0
22204,4878,22867,December,315,4530,Hawaii,27082,27397,2006.0
22508,4490,22998,March,1538,5538,Hawaii,26998,28536,2007.0
21486,4818,24553,June,3697,5448,Hawaii,26304,30001,2007.0
24270,5757,21992,September,-3573,4462,Hawaii,30027,26454,2007.0
22052,4842,22335,December,634,5193,Hawaii,26894,27528,2007.0
24008,4902,23608,March,-138,5164,Hawaii,28910,28772,2008.0
26941,6975,22234,June,-6428,5254,Hawaii,33916,27488,2008.0
28945,4943,19845,September,-8787,5256,Hawaii,33888,25101,2008.0
28384,5492,19154,December,-9730,4992,Hawaii,33876,24146,2008.0
25075,5134,18170,March,-7441,4598,Hawaii,30209,22768,2009.0
24072,5844,18358,June,-6475,5083,Hawaii,29916,23441,2009.0
22276,5396,18598,September,-3928,5146,Hawaii,27672,23744,2009.0
21038,5552,19168,December,-2230,5192,Hawaii,26590,24360,2009.0
20485,4563,19895,March,-419,4734,Hawaii,25048,24629,2010.0
20499,5100,20059,June,-826,4714,Hawaii,25599,24773,2010.0
19446,5825,22250,September,2509,5530,Hawaii,25271,27780,2010.0
18445,4988,21682,December,3238,4989,Hawaii,23433,26671,2010.0
18353,4272,20393,March,2331,4563,Hawaii,22625,24956,2011.0
20822,6424,19705,June,-2999,4542,Hawaii,27246,24247,2011.0
17579,4173,22783,September,6298,5267,Hawaii,21752,28050,2011.0
17885,4392,20682,December,3184,4779,Hawaii,22277,25461,2011.0
21173,4097,21096,March,227,4401,Hawaii,25270,25497,2012.0
18764,4771,22675,June,4088,4948,Hawaii,23535,27623,2012.0
18476,4388,21241,September,4033,5656,Hawaii,22864,26897,2012.0
17159,3939,21706,December,5411,4803,Hawaii,21098,26509,2012.0
19292,4097,21292,March,2321,4418,Hawaii,23389,25710,2013.0
20129,4773,21544,June,1217,4575,Hawaii,24902,26119,2013.0
19168,4679,21607,September,3465,5705,Hawaii,23847,27312,2013.0
18528,4089,22746,December,4630,4501,Hawaii,22617,27247,2013.0
20695,4910,20224,March,-910,4471,Hawaii,25605,24695,2014.0
19971,4935,20565,June,24,4365,Hawaii,24906,24930,2014.0
18962,4080,22026,September,3576,4592,Hawaii,23042,26618,2014.0
18093,4251,21961,December,4173,4556,Hawaii,22344,26517,2014.0
19994,3966,21947,March,2152,4165,Hawaii,23960,26112,2015.0
20024,4649,21275,June,930,4328,Hawaii,24673,25603,2015.0
19636,4123,21114,September,2410,5055,Hawaii,23759,26169,2015.0
18368,4832,24240,December,6925,5885,Hawaii,23200,30125,2015.0
21240,4816,23212,March,1505,4349,Hawaii,26056,27561,2016.0
24657,5701,23208,June,-1707,5443,Hawaii,30358,28651,2016.0
21102,4252,24491,September,5726,6589,Hawaii,25354,31080,2016.0
22301,4474,21332,December,-102,5341,Hawaii,26775,26673,2016.0
20672,4851,22489,March,1856,4890,Hawaii,25523,27379,2017.0
23174,5482,22342,June,-1009,5305,Hawaii,28656,27647,2017.0
22907,5127,22388,September,716,6362,Hawaii,28034,28750,2017.0
20352,5758,22486,December,1010,4634,Hawaii,26110,27120,2017.0
23103,6124,20217,September,-1438,7572,Hawaii,29227,27789,1992.0
24773,7232,23740,December,-1664,6601,Hawaii,32005,30341,1992.0
24043,6694,23648,March,236,7325,Hawaii,30737,30973,1993.0
24545,4631,20778,June,-1487,6911,Hawaii,29176,27689,1993.0
23361,6924,20140,September,-3480,6665,Hawaii,30285,26805,1993.0
25761,6101,22045,December,-1883,7934,Hawaii,31862,29979,1993.0
20610,9522,24166,March,1953,7919,Hawaii,30132,32085,1994.0
23352,4199,20393,June,1151,8309,Hawaii,27551,28702,1994.0
21988,5809,22090,September,124,5831,Hawaii,27797,27921,1994.0
22691,7482,21086,December,-1178,7909,Hawaii,30173,28995,1994.0
21348,6256,20388,March,596,7812,Hawaii,27604,28200,1995.0
22295,5537,20638,June,-1928,5266,Hawaii,27832,25904,1995.0
21850,6966,21039,September,-3014,4763,Hawaii,28816,25802,1995.0
21192,5711,19851,December,-1754,5298,Hawaii,26903,25149,1995.0
21811,3886,20693,March,1579,6583,Hawaii,25697,27276,1996.0
19738,6968,20433,June,-1114,5159,Hawaii,26706,25592,1996.0
22048,4735,20355,September,-180,6248,Hawaii,26783,26603,1996.0
21960,7076,21901,December,-991,6144,Hawaii,29036,28045,1996.0
20792,5068,19485,March,1590,7965,Hawaii,25860,27450,1997.0
21505,5089,19341,June,-1703,5550,Hawaii,26594,24891,1997.0
20375,5404,19898,September,-1373,4508,Hawaii,25779,24406,1997.0
19623,8042,21077,December,-1130,5458,Hawaii,27665,26535,1997.0
19296,5736,19737,March,252,5547,Hawaii,25032,25284,1998.0
20356,5156,20191,June,652,5973,Hawaii,25512,26164,1998.0
20408,5064,20987,September,479,4964,Hawaii,25472,25951,1998.0
21692,4142,19980,December,-1300,4554,Hawaii,25834,24534,1998.0
20105,5026,20317,March,969,5783,Hawaii,25131,26100,1999.0
17928,5103,20668,June,3087,5450,Hawaii,23031,26118,1999.0
18689,5651,20288,September,1682,5734,Hawaii,24340,26022,1999.0
18994,4862,22356,December,3891,5391,Hawaii,23856,27747,1999.0
20049,5251,23383,March,5046,6963,Hawaii,25300,30346,2000.0
19224,5350,23795,June,5652,6431,Hawaii,24574,30226,2000.0
19525,6452,23549,September,3453,5881,Hawaii,25977,29430,2000.0
21233,5999,21703,December,-271,5258,Hawaii,27232,26961,2000.0
19716,6107,21906,March,1351,5268,Hawaii,25823,27174,2001.0
20501,6281,21058,June,852,6576,Hawaii,26782,27634,2001.0
21968,5180,20327,September,-2008,4813,Hawaii,27148,25140,2001.0
32127,5449,17647,December,-14901,5028,Hawaii,37576,22675,2001.0
19657,5009,24224,March,4773,5215,Hawaii,24666,29439,2002.0
17573,5936,24452,June,6337,5394,Hawaii,23509,29846,2002.0
18532,4905,21700,September,2322,4059,Hawaii,23437,25759,2002.0
20546,3921,21184,December,3012,6295,Hawaii,24467,27479,2002.0
19915,6388,22981,March,1427,4749,Hawaii,26303,27730,2003.0
19314,4219,20612,June,1514,4435,Hawaii,23533,25047,2003.0
18720,4488,22177,September,3928,4959,Hawaii,23208,27136,2003.0
19500,4725,21679,December,2827,5373,Hawaii,24225,27052,2003.0
20333,4450,22317,March,2458,4924,Hawaii,24783,27241,2004.0
18318,4409,23863,June,5640,4504,Hawaii,22727,28367,2004.0
19582,4299,22696,September,4861,6046,Hawaii,23881,28742,2004.0
19440,3991,24047,December,5767,5151,Hawaii,23431,29198,2004.0
20374,4133,23229,March,3000,4278,Hawaii,24507,27507,2005.0
19141,4483,24973,June,5866,4517,Hawaii,23624,29490,2005.0
20213,3903,25069,September,5618,4665,Hawaii,24116,29734,2005.0
22098,3800,23424,December,2346,4820,Hawaii,25898,28244,2005.0
21285,3940,23717,March,3029,4537,Hawaii,25225,28254,2006.0
20397,3991,24212,June,4812,4988,Hawaii,24388,29200,2006.0
21782,4279,23312,September,1711,4460,Hawaii,26061,27772,2006.0
22204,4878,22867,December,315,4530,Hawaii,27082,27397,2006.0
22508,4490,22998,March,1538,5538,Hawaii,26998,28536,2007.0
21486,4818,24553,June,3697,5448,Hawaii,26304,30001,2007.0
24270,5757,21992,September,-3573,4462,Hawaii,30027,26454,2007.0
22052,4842,22335,December,634,5193,Hawaii,26894,27528,2007.0
24008,4902,23608,March,-138,5164,Hawaii,28910,28772,2008.0
26941,6975,22234,June,-6428,5254,Hawaii,33916,27488,2008.0
28945,4943,19845,September,-8787,5256,Hawaii,33888,25101,2008.0
28384,5492,19154,December,-9730,4992,Hawaii,33876,24146,2008.0
25075,5134,18170,March,-7441,4598,Hawaii,30209,22768,2009.0
24072,5844,18358,June,-6475,5083,Hawaii,29916,23441,2009.0
22276,5396,18598,September,-3928,5146,Hawaii,27672,23744,2009.0
21038,5552,19168,December,-2230,5192,Hawaii,26590,24360,2009.0
20485,4563,19895,March,-419,4734,Hawaii,25048,24629,2010.0
20499,5100,20059,June,-826,4714,Hawaii,25599,24773,2010.0
19446,5825,22250,September,2509,5530,Hawaii,25271,27780,2010.0
18445,4988,21682,December,3238,4989,Hawaii,23433,26671,2010.0
18353,4272,20393,March,2331,4563,Hawaii,22625,24956,2011.0
20822,6424,19705,June,-2999,4542,Hawaii,27246,24247,2011.0
17579,4173,22783,September,6298,5267,Hawaii,21752,28050,2011.0
17885,4392,20682,December,3184,4779,Hawaii,22277,25461,2011.0
21173,4097,21096,March,227,4401,Hawaii,25270,25497,2012.0
18764,4771,22675,June,4088,4948,Hawaii,23535,27623,2012.0
18476,4388,21241,September,4033,5656,Hawaii,22864,26897,2012.0
17159,3939,21706,December,5411,4803,Hawaii,21098,26509,2012.0
19292,4097,21292,March,2321,4418,Hawaii,23389,25710,2013.0
20129,4773,21544,June,1217,4575,Hawaii,24902,26119,2013.0
19168,4679,21607,September,3465,5705,Hawaii,23847,27312,2013.0
18528,4089,22746,December,4630,4501,Hawaii,22617,27247,2013.0
20695,4910,20224,March,-910,4471,Hawaii,25605,24695,2014.0
19971,4935,20565,June,24,4365,Hawaii,24906,24930,2014.0
18962,4080,22026,September,3576,4592,Hawaii,23042,26618,2014.0
18093,4251,21961,December,4173,4556,Hawaii,22344,26517,2014.0
19994,3966,21947,March,2152,4165,Hawaii,23960,26112,2015.0
20024,4649,21275,June,930,4328,Hawaii,24673,25603,2015.0
19636,4123,21114,September,2410,5055,Hawaii,23759,26169,2015.0
18368,4832,24240,December,6925,5885,Hawaii,23200,30125,2015.0
21240,4816,23212,March,1505,4349,Hawaii,26056,27561,2016.0
24657,5701,23208,June,-1707,5443,Hawaii,30358,28651,2016.0
21102,4252,24491,September,5726,6589,Hawaii,25354,31080,2016.0
22301,4474,21332,December,-102,5341,Hawaii,26775,26673,2016.0
20672,4851,22489,March,1856,4890,Hawaii,25523,27379,2017.0
23174,5482,22342,June,-1009,5305,Hawaii,28656,27647,2017.0
22907,5127,22388,September,716,6362,Hawaii,28034,28750,2017.0
20352,5758,22486,December,1010,4634,Hawaii,26110,27120,2017.0
29287,6593,29236,September,-556,6088,Idaho,35880,35324,1992.0
25489,5402,25791,December,2296,7396,Idaho,30891,33187,1992.0
24164,4755,24071,March,349,5197,Idaho,28919,29268,1993.0
22882,4589,30691,June,11148,7928,Idaho,27471,38619,1993.0
27698,5975,31879,September,4880,6674,Idaho,33673,38553,1993.0
26907,5216,29074,December,4004,7053,Idaho,32123,36127,1993.0
24948,4174,29736,March,6967,6353,Idaho,29122,36089,1994.0
25178,4233,31749,June,9815,7477,Idaho,29411,39226,1994.0
32468,5515,31664,September,893,7212,Idaho,37983,38876,1994.0
30316,6047,30576,December,898,6685,Idaho,36363,37261,1994.0
26490,6939,34205,March,6959,6183,Idaho,33429,40388,1995.0
31335,4818,29127,June,70,7096,Idaho,36153,36223,1995.0
31227,5439,32387,September,3456,7735,Idaho,36666,40122,1995.0
30151,5917,29948,December,128,6248,Idaho,36068,36196,1995.0
28750,4864,31792,March,5681,7503,Idaho,33614,39295,1996.0
29589,4994,31075,June,5111,8619,Idaho,34583,39694,1996.0
32528,5851,31769,September,229,6839,Idaho,38379,38608,1996.0
28724,6450,30120,December,2513,7567,Idaho,35174,37687,1996.0
28156,5738,32821,March,5653,6726,Idaho,33894,39547,1997.0
29734,4933,31177,June,4039,7529,Idaho,34667,38706,1997.0
31132,6547,32912,September,2990,7757,Idaho,37679,40669,1997.0
30191,6014,32041,December,5172,9336,Idaho,36205,41377,1997.0
30739,6894,32287,March,2640,7986,Idaho,37633,40273,1998.0
31956,6255,31760,June,1294,7745,Idaho,38211,39505,1998.0
30305,7005,33250,September,3883,7943,Idaho,37310,41193,1998.0
29923,7026,32683,December,5462,9728,Idaho,36949,42411,1998.0
30696,6286,30900,March,1330,7412,Idaho,36982,38312,1999.0
29389,5478,32879,June,5128,7116,Idaho,34867,39995,1999.0
30300,6442,33413,September,4983,8312,Idaho,36742,41725,1999.0
30264,6226,34362,December,5136,7264,Idaho,36490,41626,1999.0
30805,7136,33255,March,3921,8607,Idaho,37941,41862,2000.0
30982,8449,35931,June,4769,8269,Idaho,39431,44200,2000.0
33207,7927,37362,September,5382,9154,Idaho,41134,46516,2000.0
33860,8061,35504,December,2988,9405,Idaho,41921,44909,2000.0
33870,10668,36440,March,3286,11384,Idaho,44538,47824,2001.0
36248,10436,33388,June,-4376,8920,Idaho,46684,42308,2001.0
36116,8516,32227,September,-4193,8212,Idaho,44632,40439,2001.0
34213,7670,30670,December,-3519,7694,Idaho,41883,38364,2001.0
34320,7704,28888,March,-4023,9113,Idaho,42024,38001,2002.0
31938,7054,35508,June,5289,8773,Idaho,38992,44281,2002.0
31458,7007,32096,September,1368,7737,Idaho,38465,39833,2002.0
31335,6350,33794,December,3625,7516,Idaho,37685,41310,2002.0
34857,9014,31137,March,-3187,9547,Idaho,43871,40684,2003.0
31816,7336,30569,June,488,9071,Idaho,39152,39640,2003.0
30231,8848,31859,September,721,7941,Idaho,39079,39800,2003.0
30476,6667,32111,December,3507,8539,Idaho,37143,40650,2003.0
30354,9207,36242,March,4729,8048,Idaho,39561,44290,2004.0
29381,6971,35994,June,8317,8675,Idaho,36352,44669,2004.0
32703,7453,30760,September,-1356,8040,Idaho,40156,38800,2004.0
28864,6986,34101,December,7129,8878,Idaho,35850,42979,2004.0
29791,7872,36441,March,8051,9273,Idaho,37663,45714,2005.0
29729,7971,33116,June,4090,8674,Idaho,37700,41790,2005.0
28035,7479,36030,September,9308,8792,Idaho,35514,44822,2005.0
31460,6979,36886,December,7853,9406,Idaho,38439,46292,2005.0
30765,8674,38426,March,8907,9920,Idaho,39439,48346,2006.0
33923,8049,37151,June,4697,9518,Idaho,41972,46669,2006.0
35123,7602,34392,September,2269,10602,Idaho,42725,44994,2006.0
32717,8052,36811,December,5731,9689,Idaho,40769,46500,2006.0
32208,8133,38800,March,8379,9920,Idaho,40341,48720,2007.0
36161,8135,35650,June,1028,9674,Idaho,44296,45324,2007.0
37775,9306,32660,September,-5270,9151,Idaho,47081,41811,2007.0
34377,8615,37293,December,3655,9354,Idaho,42992,46647,2007.0
37887,9468,34584,March,-2994,9777,Idaho,47355,44361,2008.0
37997,9598,32575,June,-5850,9170,Idaho,47595,41745,2008.0
37919,10216,32163,September,-7035,8937,Idaho,48135,41100,2008.0
41082,9538,29166,December,-12186,9268,Idaho,50620,38434,2008.0
44908,10298,25924,March,-19887,9395,Idaho,55206,35319,2009.0
37235,10079,29988,June,-8617,8709,Idaho,47314,38697,2009.0
30506,9111,30976,September,-483,8158,Idaho,39617,39134,2009.0
31613,8397,29018,December,-1876,9116,Idaho,40010,38134,2009.0
31890,7755,28835,March,-3707,7103,Idaho,39645,35938,2010.0
30591,8232,28995,June,-2035,7793,Idaho,38823,36788,2010.0
27608,7912,30181,September,4237,9576,Idaho,35520,39757,2010.0
29674,8303,32026,December,2645,8596,Idaho,37977,40622,2010.0
29103,7925,27722,March,-2344,6962,Idaho,37028,34684,2011.0
29537,7532,29426,June,420,8063,Idaho,37069,37489,2011.0
26551,7441,32563,September,7481,8910,Idaho,33992,41473,2011.0
29626,8258,29557,December,-728,7599,Idaho,37884,37156,2011.0
30673,9345,29711,March,-2325,7982,Idaho,40018,37693,2012.0
28984,8428,32361,June,3181,8232,Idaho,37412,40593,2012.0
28223,7696,32523,September,5416,8812,Idaho,35919,41335,2012.0
30057,7158,32432,December,2929,7712,Idaho,37215,40144,2012.0
28939,11619,33469,March,385,7474,Idaho,40558,40943,2013.0
29889,7951,32667,June,3709,8882,Idaho,37840,41549,2013.0
29247,7956,31472,September,3137,8868,Idaho,37203,40340,2013.0
30501,8057,35111,December,5020,8467,Idaho,38558,43578,2013.0
31138,7875,34977,March,5456,9492,Idaho,39013,44469,2014.0
33335,8458,33055,June,-648,8090,Idaho,41793,41145,2014.0
32965,6244,30559,September,364,9014,Idaho,39209,39573,2014.0
28815,9593,34914,December,4456,7950,Idaho,38408,42864,2014.0
30945,8003,38136,March,9986,10798,Idaho,38948,48934,2015.0
31891,7766,33906,June,1773,7524,Idaho,39657,41430,2015.0
31230,7854,34909,September,4138,8313,Idaho,39084,43222,2015.0
31851,6847,35539,December,5100,8259,Idaho,38698,43798,2015.0
28714,7748,37292,March,10000,9170,Idaho,36462,46462,2016.0
33939,6390,34137,June,922,7114,Idaho,40329,41251,2016.0
33432,7742,35997,September,3837,9014,Idaho,41174,45011,2016.0
31233,7664,34920,December,3948,7925,Idaho,38897,42845,2016.0
30464,6688,36728,March,8811,9235,Idaho,37152,45963,2017.0
32387,6737,34950,June,4126,8300,Idaho,39124,43250,2017.0
32525,6647,31123,September,44,8093,Idaho,39172,39216,2017.0
30609,7322,35121,December,6136,8946,Idaho,37931,44067,2017.0
29287,6593,29236,September,-556,6088,Idaho,35880,35324,1992.0
25489,5402,25791,December,2296,7396,Idaho,30891,33187,1992.0
24164,4755,24071,March,349,5197,Idaho,28919,29268,1993.0
22882,4589,30691,June,11148,7928,Idaho,27471,38619,1993.0
27698,5975,31879,September,4880,6674,Idaho,33673,38553,1993.0
26907,5216,29074,December,4004,7053,Idaho,32123,36127,1993.0
24948,4174,29736,March,6967,6353,Idaho,29122,36089,1994.0
25178,4233,31749,June,9815,7477,Idaho,29411,39226,1994.0
32468,5515,31664,September,893,7212,Idaho,37983,38876,1994.0
30316,6047,30576,December,898,6685,Idaho,36363,37261,1994.0
26490,6939,34205,March,6959,6183,Idaho,33429,40388,1995.0
31335,4818,29127,June,70,7096,Idaho,36153,36223,1995.0
31227,5439,32387,September,3456,7735,Idaho,36666,40122,1995.0
30151,5917,29948,December,128,6248,Idaho,36068,36196,1995.0
28750,4864,31792,March,5681,7503,Idaho,33614,39295,1996.0
29589,4994,31075,June,5111,8619,Idaho,34583,39694,1996.0
32528,5851,31769,September,229,6839,Idaho,38379,38608,1996.0
28724,6450,30120,December,2513,7567,Idaho,35174,37687,1996.0
28156,5738,32821,March,5653,6726,Idaho,33894,39547,1997.0
29734,4933,31177,June,4039,7529,Idaho,34667,38706,1997.0
31132,6547,32912,September,2990,7757,Idaho,37679,40669,1997.0
30191,6014,32041,December,5172,9336,Idaho,36205,41377,1997.0
30739,6894,32287,March,2640,7986,Idaho,37633,40273,1998.0
31956,6255,31760,June,1294,7745,Idaho,38211,39505,1998.0
30305,7005,33250,September,3883,7943,Idaho,37310,41193,1998.0
29923,7026,32683,December,5462,9728,Idaho,36949,42411,1998.0
30696,6286,30900,March,1330,7412,Idaho,36982,38312,1999.0
29389,5478,32879,June,5128,7116,Idaho,34867,39995,1999.0
30300,6442,33413,September,4983,8312,Idaho,36742,41725,1999.0
30264,6226,34362,December,5136,7264,Idaho,36490,41626,1999.0
30805,7136,33255,March,3921,8607,Idaho,37941,41862,2000.0
30982,8449,35931,June,4769,8269,Idaho,39431,44200,2000.0
33207,7927,37362,September,5382,9154,Idaho,41134,46516,2000.0
33860,8061,35504,December,2988,9405,Idaho,41921,44909,2000.0
33870,10668,36440,March,3286,11384,Idaho,44538,47824,2001.0
36248,10436,33388,June,-4376,8920,Idaho,46684,42308,2001.0
36116,8516,32227,September,-4193,8212,Idaho,44632,40439,2001.0
34213,7670,30670,December,-3519,7694,Idaho,41883,38364,2001.0
34320,7704,28888,March,-4023,9113,Idaho,42024,38001,2002.0
31938,7054,35508,June,5289,8773,Idaho,38992,44281,2002.0
31458,7007,32096,September,1368,7737,Idaho,38465,39833,2002.0
31335,6350,33794,December,3625,7516,Idaho,37685,41310,2002.0
34857,9014,31137,March,-3187,9547,Idaho,43871,40684,2003.0
31816,7336,30569,June,488,9071,Idaho,39152,39640,2003.0
30231,8848,31859,September,721,7941,Idaho,39079,39800,2003.0
30476,6667,32111,December,3507,8539,Idaho,37143,40650,2003.0
30354,9207,36242,March,4729,8048,Idaho,39561,44290,2004.0
29381,6971,35994,June,8317,8675,Idaho,36352,44669,2004.0
32703,7453,30760,September,-1356,8040,Idaho,40156,38800,2004.0
28864,6986,34101,December,7129,8878,Idaho,35850,42979,2004.0
29791,7872,36441,March,8051,9273,Idaho,37663,45714,2005.0
29729,7971,33116,June,4090,8674,Idaho,37700,41790,2005.0
28035,7479,36030,September,9308,8792,Idaho,35514,44822,2005.0
31460,6979,36886,December,7853,9406,Idaho,38439,46292,2005.0
30765,8674,38426,March,8907,9920,Idaho,39439,48346,2006.0
33923,8049,37151,June,4697,9518,Idaho,41972,46669,2006.0
35123,7602,34392,September,2269,10602,Idaho,42725,44994,2006.0
32717,8052,36811,December,5731,9689,Idaho,40769,46500,2006.0
32208,8133,38800,March,8379,9920,Idaho,40341,48720,2007.0
36161,8135,35650,June,1028,9674,Idaho,44296,45324,2007.0
37775,9306,32660,September,-5270,9151,Idaho,47081,41811,2007.0
34377,8615,37293,December,3655,9354,Idaho,42992,46647,2007.0
37887,9468,34584,March,-2994,9777,Idaho,47355,44361,2008.0
37997,9598,32575,June,-5850,9170,Idaho,47595,41745,2008.0
37919,10216,32163,September,-7035,8937,Idaho,48135,41100,2008.0
41082,9538,29166,December,-12186,9268,Idaho,50620,38434,2008.0
44908,10298,25924,March,-19887,9395,Idaho,55206,35319,2009.0
37235,10079,29988,June,-8617,8709,Idaho,47314,38697,2009.0
30506,9111,30976,September,-483,8158,Idaho,39617,39134,2009.0
31613,8397,29018,December,-1876,9116,Idaho,40010,38134,2009.0
31890,7755,28835,March,-3707,7103,Idaho,39645,35938,2010.0
30591,8232,28995,June,-2035,7793,Idaho,38823,36788,2010.0
27608,7912,30181,September,4237,9576,Idaho,35520,39757,2010.0
29674,8303,32026,December,2645,8596,Idaho,37977,40622,2010.0
29103,7925,27722,March,-2344,6962,Idaho,37028,34684,2011.0
29537,7532,29426,June,420,8063,Idaho,37069,37489,2011.0
26551,7441,32563,September,7481,8910,Idaho,33992,41473,2011.0
29626,8258,29557,December,-728,7599,Idaho,37884,37156,2011.0
30673,9345,29711,March,-2325,7982,Idaho,40018,37693,2012.0
28984,8428,32361,June,3181,8232,Idaho,37412,40593,2012.0
28223,7696,32523,September,5416,8812,Idaho,35919,41335,2012.0
30057,7158,32432,December,2929,7712,Idaho,37215,40144,2012.0
28939,11619,33469,March,385,7474,Idaho,40558,40943,2013.0
29889,7951,32667,June,3709,8882,Idaho,37840,41549,2013.0
29247,7956,31472,September,3137,8868,Idaho,37203,40340,2013.0
30501,8057,35111,December,5020,8467,Idaho,38558,43578,2013.0
31138,7875,34977,March,5456,9492,Idaho,39013,44469,2014.0
33335,8458,33055,June,-648,8090,Idaho,41793,41145,2014.0
32965,6244,30559,September,364,9014,Idaho,39209,39573,2014.0
28815,9593,34914,December,4456,7950,Idaho,38408,42864,2014.0
30945,8003,38136,March,9986,10798,Idaho,38948,48934,2015.0
31891,7766,33906,June,1773,7524,Idaho,39657,41430,2015.0
31230,7854,34909,September,4138,8313,Idaho,39084,43222,2015.0
31851,6847,35539,December,5100,8259,Idaho,38698,43798,2015.0
28714,7748,37292,March,10000,9170,Idaho,36462,46462,2016.0
33939,6390,34137,June,922,7114,Idaho,40329,41251,2016.0
33432,7742,35997,September,3837,9014,Idaho,41174,45011,2016.0
31233,7664,34920,December,3948,7925,Idaho,38897,42845,2016.0
30464,6688,36728,March,8811,9235,Idaho,37152,45963,2017.0
32387,6737,34950,June,4126,8300,Idaho,39124,43250,2017.0
32525,6647,31123,September,44,8093,Idaho,39172,39216,2017.0
30609,7322,35121,December,6136,8946,Idaho,37931,44067,2017.0
224340,61023,279273,September,66522,72612,Illinois,285363,351885,1992.0
244243,56399,235791,December,49,64900,Illinois,300642,300691,1992.0
236718,64071,266127,March,39262,73924,Illinois,300789,340051,1993.0
236050,79941,256042,June,-1323,58626,Illinois,315991,314668,1993.0
232307,65214,275449,September,62577,84649,Illinois,297521,360098,1993.0
240897,70812,265928,December,27206,72987,Illinois,311709,338915,1993.0
253295,65019,277765,March,47490,88039,Illinois,318314,365804,1994.0
234925,74428,260011,June,29266,78608,Illinois,309353,338619,1994.0
256421,59723,291584,September,55103,79663,Illinois,316144,371247,1994.0
245226,63996,253860,December,-10531,44831,Illinois,309222,298691,1994.0
244589,69822,296586,March,88312,106137,Illinois,314411,402723,1995.0
261215,81004,252315,June,-19226,70678,Illinois,342219,322993,1995.0
243803,66145,282485,September,45497,72960,Illinois,309948,355445,1995.0
255907,75940,256149,December,4117,79815,Illinois,331847,335964,1995.0
271686,64374,283704,March,14642,66998,Illinois,336060,350702,1996.0
273164,39197,252772,June,14708,74297,Illinois,312361,327069,1996.0
254473,69804,279129,September,29877,75025,Illinois,324277,354154,1996.0
257881,56369,285350,December,33595,62495,Illinois,314250,347845,1996.0
257972,63271,283616,March,38979,76606,Illinois,321243,360222,1997.0
276202,61512,257506,June,-11749,68459,Illinois,337714,325965,1997.0
259306,64397,287077,September,33836,70462,Illinois,323703,357539,1997.0
261994,61912,303381,December,54408,74933,Illinois,323906,378314,1997.0
284146,61349,300835,March,26282,70942,Illinois,345495,371777,1998.0
289799,67553,271500,June,36,85888,Illinois,357352,357388,1998.0
262087,73398,308535,September,44462,71412,Illinois,335485,379947,1998.0
262375,55653,280101,December,28386,66313,Illinois,318028,346414,1998.0
277986,61434,268984,March,3177,73613,Illinois,339420,342597,1999.0
260547,62687,265678,June,8713,66269,Illinois,323234,331947,1999.0
254847,59529,264901,September,8065,57540,Illinois,314376,322441,1999.0
244260,54819,280276,December,43249,62052,Illinois,299079,342328,1999.0
259235,59068,297275,March,42602,63630,Illinois,318303,360905,2000.0
272320,53338,265950,June,433,60141,Illinois,325658,326091,2000.0
266543,59220,271689,September,7634,61708,Illinois,325763,333397,2000.0
276817,52306,257678,December,-14730,56715,Illinois,329123,314393,2000.0
271226,64024,294153,March,14343,55440,Illinois,335250,349593,2001.0
293000,57764,250413,June,-39085,61266,Illinois,350764,311679,2001.0
290283,64719,237260,September,-67816,49926,Illinois,355002,287186,2001.0
292720,55586,242625,December,-51314,54367,Illinois,348306,296992,2001.0
265570,55924,240484,March,-28102,52908,Illinois,321494,293392,2002.0
268051,57216,248318,June,-16354,60595,Illinois,325267,308913,2002.0
248395,49431,239341,September,-5001,53484,Illinois,297826,292825,2002.0
261226,53522,246026,December,-16026,52696,Illinois,314748,298722,2002.0
264895,52201,232255,March,-32542,52299,Illinois,317096,284554,2003.0
251480,54622,237938,June,-16229,51935,Illinois,306102,289873,2003.0
244115,50292,241251,September,1704,54860,Illinois,294407,296111,2003.0
245951,52041,241083,December,-1136,55773,Illinois,297992,296856,2003.0
243506,58286,249172,March,5131,57751,Illinois,301792,306923,2004.0
236661,53096,252920,June,16553,53390,Illinois,289757,306310,2004.0
234781,57248,240575,September,-1629,49825,Illinois,292029,290400,2004.0
226366,56709,239835,December,15499,58739,Illinois,283075,298574,2004.0
235128,51565,228549,March,-4815,53329,Illinois,286693,281878,2005.0
230984,53899,244942,June,21357,61298,Illinois,284883,306240,2005.0
225984,47200,249315,September,31565,55434,Illinois,273184,304749,2005.0
233371,49481,237563,December,5046,50335,Illinois,282852,287898,2005.0
217118,49248,248087,March,27569,45848,Illinois,266366,293935,2006.0
227565,42231,250469,June,31195,50522,Illinois,269796,300991,2006.0
236284,48878,233495,September,-6256,45411,Illinois,285162,278906,2006.0
230325,46600,238548,December,12337,50714,Illinois,276925,289262,2006.0
224610,50012,245591,March,18833,47864,Illinois,274622,293455,2007.0
228630,50544,247252,June,14420,46342,Illinois,279174,293594,2007.0
239380,47365,224666,September,-17424,44655,Illinois,286745,269321,2007.0
230405,48318,237763,December,8945,49905,Illinois,278723,287668,2007.0
232109,50794,223443,March,-15803,43657,Illinois,282903,267100,2008.0
238751,46311,224307,June,-9299,51456,Illinois,285062,275763,2008.0
249518,46608,207402,September,-42592,46132,Illinois,296126,253534,2008.0
274427,54171,197009,December,-85261,46328,Illinois,328598,243337,2008.0
283050,53471,177005,March,-121429,38087,Illinois,336521,215092,2009.0
277691,47773,194262,June,-81299,49903,Illinois,325464,244165,2009.0
232510,50391,191823,September,-48754,42324,Illinois,282901,234147,2009.0
223200,49758,206438,December,-17046,49474,Illinois,272958,255912,2009.0
202697,44924,193279,March,-12877,41465,Illinois,247621,234744,2010.0
189810,42460,223806,June,34564,43028,Illinois,232270,266834,2010.0
200303,48720,209583,September,4499,43939,Illinois,249023,253522,2010.0
202910,47279,226924,December,33293,56558,Illinois,250189,283482,2010.0
194118,44181,205373,March,6367,39293,Illinois,238299,244666,2011.0
205217,42575,225000,June,25016,47808,Illinois,247792,272808,2011.0
204554,46007,225655,September,23857,48763,Illinois,250561,274418,2011.0
209636,47876,215263,December,6862,49111,Illinois,257512,264374,2011.0
190378,43832,220224,March,31236,45222,Illinois,234210,265446,2012.0
203807,39935,222279,June,20939,42402,Illinois,243742,264681,2012.0
211807,49678,222177,September,11043,50351,Illinois,261485,272528,2012.0
204150,47919,217319,December,5185,39935,Illinois,252069,257254,2012.0
212799,51389,224398,March,6326,46116,Illinois,264188,270514,2013.0
207549,54975,232964,June,21034,50594,Illinois,262524,283558,2013.0
221811,52251,223214,September,9256,60104,Illinois,274062,283318,2013.0
208945,53326,240461,December,23941,45751,Illinois,262271,286212,2013.0
225009,47063,223799,March,14062,62335,Illinois,272072,286134,2014.0
212243,58419,250432,June,32489,52719,Illinois,270662,303151,2014.0
230894,56337,230703,September,-2578,53950,Illinois,287231,284653,2014.0
215991,58502,245255,December,35552,64790,Illinois,274493,310045,2014.0
228144,59085,227403,March,5230,65056,Illinois,287229,292459,2015.0
210759,49804,246452,June,49276,63387,Illinois,260563,309839,2015.0
232682,58505,220038,September,-13897,57252,Illinois,291187,277290,2015.0
226485,57546,257708,December,37172,63495,Illinois,284031,321203,2015.0
229005,55182,234999,March,-359,48829,Illinois,284187,283828,2016.0
246731,54737,238485,June,1251,64234,Illinois,301468,302719,2016.0
230519,61118,236783,September,3323,58177,Illinois,291637,294960,2016.0
232108,58177,239702,December,18906,69489,Illinois,290285,309191,2016.0
223655,52935,237832,March,21666,60424,Illinois,276590,298256,2017.0
234505,48672,242883,June,12379,52673,Illinois,283177,295556,2017.0
251279,58386,235806,September,-22174,51685,Illinois,309665,287491,2017.0
217908,56523,254694,December,36150,55887,Illinois,274431,310581,2017.0
224340,61023,279273,September,66522,72612,Illinois,285363,351885,1992.0
244243,56399,235791,December,49,64900,Illinois,300642,300691,1992.0
236718,64071,266127,March,39262,73924,Illinois,300789,340051,1993.0
236050,79941,256042,June,-1323,58626,Illinois,315991,314668,1993.0
232307,65214,275449,September,62577,84649,Illinois,297521,360098,1993.0
240897,70812,265928,December,27206,72987,Illinois,311709,338915,1993.0
253295,65019,277765,March,47490,88039,Illinois,318314,365804,1994.0
234925,74428,260011,June,29266,78608,Illinois,309353,338619,1994.0
256421,59723,291584,September,55103,79663,Illinois,316144,371247,1994.0
245226,63996,253860,December,-10531,44831,Illinois,309222,298691,1994.0
244589,69822,296586,March,88312,106137,Illinois,314411,402723,1995.0
261215,81004,252315,June,-19226,70678,Illinois,342219,322993,1995.0
243803,66145,282485,September,45497,72960,Illinois,309948,355445,1995.0
255907,75940,256149,December,4117,79815,Illinois,331847,335964,1995.0
271686,64374,283704,March,14642,66998,Illinois,336060,350702,1996.0
273164,39197,252772,June,14708,74297,Illinois,312361,327069,1996.0
254473,69804,279129,September,29877,75025,Illinois,324277,354154,1996.0
257881,56369,285350,December,33595,62495,Illinois,314250,347845,1996.0
257972,63271,283616,March,38979,76606,Illinois,321243,360222,1997.0
276202,61512,257506,June,-11749,68459,Illinois,337714,325965,1997.0
259306,64397,287077,September,33836,70462,Illinois,323703,357539,1997.0
261994,61912,303381,December,54408,74933,Illinois,323906,378314,1997.0
284146,61349,300835,March,26282,70942,Illinois,345495,371777,1998.0
289799,67553,271500,June,36,85888,Illinois,357352,357388,1998.0
262087,73398,308535,September,44462,71412,Illinois,335485,379947,1998.0
262375,55653,280101,December,28386,66313,Illinois,318028,346414,1998.0
277986,61434,268984,March,3177,73613,Illinois,339420,342597,1999.0
260547,62687,265678,June,8713,66269,Illinois,323234,331947,1999.0
254847,59529,264901,September,8065,57540,Illinois,314376,322441,1999.0
244260,54819,280276,December,43249,62052,Illinois,299079,342328,1999.0
259235,59068,297275,March,42602,63630,Illinois,318303,360905,2000.0
272320,53338,265950,June,433,60141,Illinois,325658,326091,2000.0
266543,59220,271689,September,7634,61708,Illinois,325763,333397,2000.0
276817,52306,257678,December,-14730,56715,Illinois,329123,314393,2000.0
271226,64024,294153,March,14343,55440,Illinois,335250,349593,2001.0
293000,57764,250413,June,-39085,61266,Illinois,350764,311679,2001.0
290283,64719,237260,September,-67816,49926,Illinois,355002,287186,2001.0
292720,55586,242625,December,-51314,54367,Illinois,348306,296992,2001.0
265570,55924,240484,March,-28102,52908,Illinois,321494,293392,2002.0
268051,57216,248318,June,-16354,60595,Illinois,325267,308913,2002.0
248395,49431,239341,September,-5001,53484,Illinois,297826,292825,2002.0
261226,53522,246026,December,-16026,52696,Illinois,314748,298722,2002.0
264895,52201,232255,March,-32542,52299,Illinois,317096,284554,2003.0
251480,54622,237938,June,-16229,51935,Illinois,306102,289873,2003.0
244115,50292,241251,September,1704,54860,Illinois,294407,296111,2003.0
245951,52041,241083,December,-1136,55773,Illinois,297992,296856,2003.0
243506,58286,249172,March,5131,57751,Illinois,301792,306923,2004.0
236661,53096,252920,June,16553,53390,Illinois,289757,306310,2004.0
234781,57248,240575,September,-1629,49825,Illinois,292029,290400,2004.0
226366,56709,239835,December,15499,58739,Illinois,283075,298574,2004.0
235128,51565,228549,March,-4815,53329,Illinois,286693,281878,2005.0
230984,53899,244942,June,21357,61298,Illinois,284883,306240,2005.0
225984,47200,249315,September,31565,55434,Illinois,273184,304749,2005.0
233371,49481,237563,December,5046,50335,Illinois,282852,287898,2005.0
217118,49248,248087,March,27569,45848,Illinois,266366,293935,2006.0
227565,42231,250469,June,31195,50522,Illinois,269796,300991,2006.0
236284,48878,233495,September,-6256,45411,Illinois,285162,278906,2006.0
230325,46600,238548,December,12337,50714,Illinois,276925,289262,2006.0
224610,50012,245591,March,18833,47864,Illinois,274622,293455,2007.0
228630,50544,247252,June,14420,46342,Illinois,279174,293594,2007.0
239380,47365,224666,September,-17424,44655,Illinois,286745,269321,2007.0
230405,48318,237763,December,8945,49905,Illinois,278723,287668,2007.0
232109,50794,223443,March,-15803,43657,Illinois,282903,267100,2008.0
238751,46311,224307,June,-9299,51456,Illinois,285062,275763,2008.0
249518,46608,207402,September,-42592,46132,Illinois,296126,253534,2008.0
274427,54171,197009,December,-85261,46328,Illinois,328598,243337,2008.0
283050,53471,177005,March,-121429,38087,Illinois,336521,215092,2009.0
277691,47773,194262,June,-81299,49903,Illinois,325464,244165,2009.0
232510,50391,191823,September,-48754,42324,Illinois,282901,234147,2009.0
223200,49758,206438,December,-17046,49474,Illinois,272958,255912,2009.0
202697,44924,193279,March,-12877,41465,Illinois,247621,234744,2010.0
189810,42460,223806,June,34564,43028,Illinois,232270,266834,2010.0
200303,48720,209583,September,4499,43939,Illinois,249023,253522,2010.0
202910,47279,226924,December,33293,56558,Illinois,250189,283482,2010.0
194118,44181,205373,March,6367,39293,Illinois,238299,244666,2011.0
205217,42575,225000,June,25016,47808,Illinois,247792,272808,2011.0
204554,46007,225655,September,23857,48763,Illinois,250561,274418,2011.0
209636,47876,215263,December,6862,49111,Illinois,257512,264374,2011.0
190378,43832,220224,March,31236,45222,Illinois,234210,265446,2012.0
203807,39935,222279,June,20939,42402,Illinois,243742,264681,2012.0
211807,49678,222177,September,11043,50351,Illinois,261485,272528,2012.0
204150,47919,217319,December,5185,39935,Illinois,252069,257254,2012.0
212799,51389,224398,March,6326,46116,Illinois,264188,270514,2013.0
207549,54975,232964,June,21034,50594,Illinois,262524,283558,2013.0
221811,52251,223214,September,9256,60104,Illinois,274062,283318,2013.0
208945,53326,240461,December,23941,45751,Illinois,262271,286212,2013.0
225009,47063,223799,March,14062,62335,Illinois,272072,286134,2014.0
212243,58419,250432,June,32489,52719,Illinois,270662,303151,2014.0
230894,56337,230703,September,-2578,53950,Illinois,287231,284653,2014.0
215991,58502,245255,December,35552,64790,Illinois,274493,310045,2014.0
228144,59085,227403,March,5230,65056,Illinois,287229,292459,2015.0
210759,49804,246452,June,49276,63387,Illinois,260563,309839,2015.0
232682,58505,220038,September,-13897,57252,Illinois,291187,277290,2015.0
226485,57546,257708,December,37172,63495,Illinois,284031,321203,2015.0
229005,55182,234999,March,-359,48829,Illinois,284187,283828,2016.0
246731,54737,238485,June,1251,64234,Illinois,301468,302719,2016.0
230519,61118,236783,September,3323,58177,Illinois,291637,294960,2016.0
232108,58177,239702,December,18906,69489,Illinois,290285,309191,2016.0
223655,52935,237832,March,21666,60424,Illinois,276590,298256,2017.0
234505,48672,242883,June,12379,52673,Illinois,283177,295556,2017.0
251279,58386,235806,September,-22174,51685,Illinois,309665,287491,2017.0
217908,56523,254694,December,36150,55887,Illinois,274431,310581,2017.0
113825,16634,127091,September,21240,24608,Indiana,130459,151699,1992.0
114270,20306,113159,December,4785,26202,Indiana,134576,139361,1992.0
121991,19070,120530,March,6972,27503,Indiana,141061,148033,1993.0
117779,21467,130059,June,19986,29173,Indiana,139246,159232,1993.0
112348,17390,131958,September,30141,27921,Indiana,129738,159879,1993.0
118529,21392,129413,December,20508,31016,Indiana,139921,160429,1993.0
115003,28461,141762,March,29584,31286,Indiana,143464,173048,1994.0
124664,24235,134500,June,16716,31115,Indiana,148899,165615,1994.0
121549,34858,153431,September,39282,42258,Indiana,156407,195689,1994.0
127094,22429,133975,December,12453,28001,Indiana,149523,161976,1994.0
125571,27014,155460,March,36655,33780,Indiana,152585,189240,1995.0
137891,22686,132586,June,-2935,25056,Indiana,160577,157642,1995.0
127207,26558,142413,September,19264,30616,Indiana,153765,173029,1995.0
136011,26682,133373,December,-2349,26971,Indiana,162693,160344,1995.0
140525,25757,137666,March,-2383,26233,Indiana,166282,163899,1996.0
130984,25747,135038,June,11795,33488,Indiana,156731,168526,1996.0
131688,26733,142393,September,15731,31759,Indiana,158421,174152,1996.0
139115,26468,139664,December,5775,31694,Indiana,165583,171358,1996.0
129478,24457,140795,March,24932,38072,Indiana,153935,178867,1997.0
135362,22994,129060,June,-1038,28258,Indiana,158356,157318,1997.0
129048,26893,146136,September,16239,26044,Indiana,155941,172180,1997.0
129641,26574,144128,December,21181,33268,Indiana,156215,177396,1997.0
133864,28502,141787,March,10310,30889,Indiana,162366,172676,1998.0
131152,30561,142051,June,14875,34537,Indiana,161713,176588,1998.0
139978,26843,141349,September,3858,29330,Indiana,166821,170679,1998.0
129790,25664,149873,December,26868,32449,Indiana,155454,182322,1998.0
141200,33148,149475,March,8579,33452,Indiana,174348,182927,1999.0
139747,26117,145877,June,11732,31719,Indiana,165864,177596,1999.0
138207,27144,143868,September,4652,26135,Indiana,165351,170003,1999.0
132065,23789,155842,December,30501,30513,Indiana,155854,186355,1999.0
138139,31117,149090,March,12776,32942,Indiana,169256,182032,2000.0
144603,30195,135316,June,-10733,28749,Indiana,174798,164065,2000.0
144666,35921,134385,September,-14268,31934,Indiana,180587,166319,2000.0
149044,29326,137391,December,-15098,25881,Indiana,178370,163272,2000.0
152220,34376,137675,March,-14205,34716,Indiana,186596,172391,2001.0
148515,27306,127544,June,-18682,29595,Indiana,175821,157139,2001.0
144949,24429,125657,September,-20127,23594,Indiana,169378,149251,2001.0
144767,27957,119702,December,-26517,26505,Indiana,172724,146207,2001.0
137389,31077,126999,March,-9160,32307,Indiana,168466,159306,2002.0
129825,31138,133116,June,2620,30467,Indiana,160963,163583,2002.0
125171,25454,130729,September,7464,27360,Indiana,150625,158089,2002.0
134026,25641,122558,December,-10974,26135,Indiana,159667,148693,2002.0
137665,28077,120882,March,-12744,32116,Indiana,165742,152998,2003.0
130433,33883,124040,June,-11813,28463,Indiana,164316,152503,2003.0
122354,21172,123092,September,8862,29296,Indiana,143526,152388,2003.0
120783,22788,121224,December,3044,25391,Indiana,143571,146615,2003.0
121300,22982,129806,March,8230,22706,Indiana,144282,152512,2004.0
115285,23109,129851,June,17085,25628,Indiana,138394,155479,2004.0
121281,23172,125861,September,6788,25380,Indiana,144453,151241,2004.0
120866,23359,120326,December,1066,24965,Indiana,144225,145291,2004.0
119071,25160,120718,March,1951,25464,Indiana,144231,146182,2005.0
119985,28013,126434,June,2745,24309,Indiana,147998,150743,2005.0
120417,24581,133470,September,15972,27500,Indiana,144998,160970,2005.0
126089,23496,123908,December,590,26267,Indiana,149585,150175,2005.0
118582,24160,131663,March,14468,25547,Indiana,142742,157210,2006.0
128633,23554,124363,June,-4956,22868,Indiana,152187,147231,2006.0
128421,24212,123122,September,-4506,25005,Indiana,152633,148127,2006.0
124780,23074,125845,December,5359,27368,Indiana,147854,153213,2006.0
122879,22295,124689,March,5519,26004,Indiana,145174,150693,2007.0
122186,25438,126346,June,5315,26593,Indiana,147624,152939,2007.0
124771,27482,117840,September,-8245,26168,Indiana,152253,144008,2007.0
124526,24917,121509,December,-2986,24948,Indiana,149443,146457,2007.0
130048,24351,112165,March,-19961,22273,Indiana,154399,134438,2008.0
131921,25088,122200,June,-7933,26876,Indiana,157009,149076,2008.0
135222,25636,114418,September,-17206,29234,Indiana,160858,143652,2008.0
162520,26418,105956,December,-58119,24863,Indiana,188938,130819,2008.0
165041,28046,96478,March,-75630,20979,Indiana,193087,117457,2009.0
150414,25405,105076,June,-48164,22579,Indiana,175819,127655,2009.0
116248,24233,119920,September,1958,22519,Indiana,140481,142439,2009.0
110969,22955,115172,December,2393,21145,Indiana,133924,136317,2009.0
109957,21071,111872,March,212,19368,Indiana,131028,131240,2010.0
105369,22958,122483,June,16964,22808,Indiana,128327,145291,2010.0
105387,24455,116467,September,9135,22510,Indiana,129842,138977,2010.0
107308,23043,118004,December,15834,28181,Indiana,130351,146185,2010.0
102904,16335,116896,March,19427,21770,Indiana,119239,138666,2011.0
106026,23338,116674,June,6670,19360,Indiana,129364,136034,2011.0
105199,22501,124267,September,23264,26697,Indiana,127700,150964,2011.0
112076,21321,116649,December,6496,23244,Indiana,133397,139893,2011.0
101827,19108,129199,March,32129,23865,Indiana,120935,153064,2012.0
112595,19707,118646,June,8743,22399,Indiana,132302,141045,2012.0
113542,19596,115712,September,6168,23594,Indiana,133138,139306,2012.0
110161,21623,119004,December,9577,22357,Indiana,131784,141361,2012.0
110507,20052,118481,March,7997,20075,Indiana,130559,138556,2013.0
109832,19104,117971,June,12094,23059,Indiana,128936,141030,2013.0
111722,19174,116725,September,7033,21204,Indiana,130896,137929,2013.0
105032,21575,129107,December,22536,20036,Indiana,126607,149143,2013.0
116688,21787,111516,March,-6718,20241,Indiana,138475,131757,2014.0
104710,20202,121348,June,22299,25863,Indiana,124912,147211,2014.0
111671,20989,111755,September,1916,22821,Indiana,132660,134576,2014.0
104723,22666,135402,December,31563,23550,Indiana,127389,158952,2014.0
116295,19198,113630,March,1226,23089,Indiana,135493,136719,2015.0
113458,18276,125562,June,14422,20594,Indiana,131734,146156,2015.0
117924,19060,116322,September,2885,23547,Indiana,136984,139869,2015.0
107989,18870,135115,December,31896,23640,Indiana,126859,158755,2015.0
119525,17723,121844,March,4653,20057,Indiana,137248,141901,2016.0
116912,19153,118560,June,2182,19687,Indiana,136065,138247,2016.0
115129,18387,127031,September,16362,22847,Indiana,133516,149878,2016.0
115588,21618,123879,December,5368,18695,Indiana,137206,142574,2016.0
112108,19751,126974,March,17720,22605,Indiana,131859,149579,2017.0
122525,20957,125312,June,5297,23467,Indiana,143482,148779,2017.0
121989,22983,122174,September,-1133,21665,Indiana,144972,143839,2017.0
110491,23296,130371,December,18586,22002,Indiana,133787,152373,2017.0
113825,16634,127091,September,21240,24608,Indiana,130459,151699,1992.0
114270,20306,113159,December,4785,26202,Indiana,134576,139361,1992.0
121991,19070,120530,March,6972,27503,Indiana,141061,148033,1993.0
117779,21467,130059,June,19986,29173,Indiana,139246,159232,1993.0
112348,17390,131958,September,30141,27921,Indiana,129738,159879,1993.0
118529,21392,129413,December,20508,31016,Indiana,139921,160429,1993.0
115003,28461,141762,March,29584,31286,Indiana,143464,173048,1994.0
124664,24235,134500,June,16716,31115,Indiana,148899,165615,1994.0
121549,34858,153431,September,39282,42258,Indiana,156407,195689,1994.0
127094,22429,133975,December,12453,28001,Indiana,149523,161976,1994.0
125571,27014,155460,March,36655,33780,Indiana,152585,189240,1995.0
137891,22686,132586,June,-2935,25056,Indiana,160577,157642,1995.0
127207,26558,142413,September,19264,30616,Indiana,153765,173029,1995.0
136011,26682,133373,December,-2349,26971,Indiana,162693,160344,1995.0
140525,25757,137666,March,-2383,26233,Indiana,166282,163899,1996.0
130984,25747,135038,June,11795,33488,Indiana,156731,168526,1996.0
131688,26733,142393,September,15731,31759,Indiana,158421,174152,1996.0
139115,26468,139664,December,5775,31694,Indiana,165583,171358,1996.0
129478,24457,140795,March,24932,38072,Indiana,153935,178867,1997.0
135362,22994,129060,June,-1038,28258,Indiana,158356,157318,1997.0
129048,26893,146136,September,16239,26044,Indiana,155941,172180,1997.0
129641,26574,144128,December,21181,33268,Indiana,156215,177396,1997.0
133864,28502,141787,March,10310,30889,Indiana,162366,172676,1998.0
131152,30561,142051,June,14875,34537,Indiana,161713,176588,1998.0
139978,26843,141349,September,3858,29330,Indiana,166821,170679,1998.0
129790,25664,149873,December,26868,32449,Indiana,155454,182322,1998.0
141200,33148,149475,March,8579,33452,Indiana,174348,182927,1999.0
139747,26117,145877,June,11732,31719,Indiana,165864,177596,1999.0
138207,27144,143868,September,4652,26135,Indiana,165351,170003,1999.0
132065,23789,155842,December,30501,30513,Indiana,155854,186355,1999.0
138139,31117,149090,March,12776,32942,Indiana,169256,182032,2000.0
144603,30195,135316,June,-10733,28749,Indiana,174798,164065,2000.0
144666,35921,134385,September,-14268,31934,Indiana,180587,166319,2000.0
149044,29326,137391,December,-15098,25881,Indiana,178370,163272,2000.0
152220,34376,137675,March,-14205,34716,Indiana,186596,172391,2001.0
148515,27306,127544,June,-18682,29595,Indiana,175821,157139,2001.0
144949,24429,125657,September,-20127,23594,Indiana,169378,149251,2001.0
144767,27957,119702,December,-26517,26505,Indiana,172724,146207,2001.0
137389,31077,126999,March,-9160,32307,Indiana,168466,159306,2002.0
129825,31138,133116,June,2620,30467,Indiana,160963,163583,2002.0
125171,25454,130729,September,7464,27360,Indiana,150625,158089,2002.0
134026,25641,122558,December,-10974,26135,Indiana,159667,148693,2002.0
137665,28077,120882,March,-12744,32116,Indiana,165742,152998,2003.0
130433,33883,124040,June,-11813,28463,Indiana,164316,152503,2003.0
122354,21172,123092,September,8862,29296,Indiana,143526,152388,2003.0
120783,22788,121224,December,3044,25391,Indiana,143571,146615,2003.0
121300,22982,129806,March,8230,22706,Indiana,144282,152512,2004.0
115285,23109,129851,June,17085,25628,Indiana,138394,155479,2004.0
121281,23172,125861,September,6788,25380,Indiana,144453,151241,2004.0
120866,23359,120326,December,1066,24965,Indiana,144225,145291,2004.0
119071,25160,120718,March,1951,25464,Indiana,144231,146182,2005.0
119985,28013,126434,June,2745,24309,Indiana,147998,150743,2005.0
120417,24581,133470,September,15972,27500,Indiana,144998,160970,2005.0
126089,23496,123908,December,590,26267,Indiana,149585,150175,2005.0
118582,24160,131663,March,14468,25547,Indiana,142742,157210,2006.0
128633,23554,124363,June,-4956,22868,Indiana,152187,147231,2006.0
128421,24212,123122,September,-4506,25005,Indiana,152633,148127,2006.0
124780,23074,125845,December,5359,27368,Indiana,147854,153213,2006.0
122879,22295,124689,March,5519,26004,Indiana,145174,150693,2007.0
122186,25438,126346,June,5315,26593,Indiana,147624,152939,2007.0
124771,27482,117840,September,-8245,26168,Indiana,152253,144008,2007.0
124526,24917,121509,December,-2986,24948,Indiana,149443,146457,2007.0
130048,24351,112165,March,-19961,22273,Indiana,154399,134438,2008.0
131921,25088,122200,June,-7933,26876,Indiana,157009,149076,2008.0
135222,25636,114418,September,-17206,29234,Indiana,160858,143652,2008.0
162520,26418,105956,December,-58119,24863,Indiana,188938,130819,2008.0
165041,28046,96478,March,-75630,20979,Indiana,193087,117457,2009.0
150414,25405,105076,June,-48164,22579,Indiana,175819,127655,2009.0
116248,24233,119920,September,1958,22519,Indiana,140481,142439,2009.0
110969,22955,115172,December,2393,21145,Indiana,133924,136317,2009.0
109957,21071,111872,March,212,19368,Indiana,131028,131240,2010.0
105369,22958,122483,June,16964,22808,Indiana,128327,145291,2010.0
105387,24455,116467,September,9135,22510,Indiana,129842,138977,2010.0
107308,23043,118004,December,15834,28181,Indiana,130351,146185,2010.0
102904,16335,116896,March,19427,21770,Indiana,119239,138666,2011.0
106026,23338,116674,June,6670,19360,Indiana,129364,136034,2011.0
105199,22501,124267,September,23264,26697,Indiana,127700,150964,2011.0
112076,21321,116649,December,6496,23244,Indiana,133397,139893,2011.0
101827,19108,129199,March,32129,23865,Indiana,120935,153064,2012.0
112595,19707,118646,June,8743,22399,Indiana,132302,141045,2012.0
113542,19596,115712,September,6168,23594,Indiana,133138,139306,2012.0
110161,21623,119004,December,9577,22357,Indiana,131784,141361,2012.0
110507,20052,118481,March,7997,20075,Indiana,130559,138556,2013.0
109832,19104,117971,June,12094,23059,Indiana,128936,141030,2013.0
111722,19174,116725,September,7033,21204,Indiana,130896,137929,2013.0
105032,21575,129107,December,22536,20036,Indiana,126607,149143,2013.0
116688,21787,111516,March,-6718,20241,Indiana,138475,131757,2014.0
104710,20202,121348,June,22299,25863,Indiana,124912,147211,2014.0
111671,20989,111755,September,1916,22821,Indiana,132660,134576,2014.0
104723,22666,135402,December,31563,23550,Indiana,127389,158952,2014.0
116295,19198,113630,March,1226,23089,Indiana,135493,136719,2015.0
113458,18276,125562,June,14422,20594,Indiana,131734,146156,2015.0
117924,19060,116322,September,2885,23547,Indiana,136984,139869,2015.0
107989,18870,135115,December,31896,23640,Indiana,126859,158755,2015.0
119525,17723,121844,March,4653,20057,Indiana,137248,141901,2016.0
116912,19153,118560,June,2182,19687,Indiana,136065,138247,2016.0
115129,18387,127031,September,16362,22847,Indiana,133516,149878,2016.0
115588,21618,123879,December,5368,18695,Indiana,137206,142574,2016.0
112108,19751,126974,March,17720,22605,Indiana,131859,149579,2017.0
122525,20957,125312,June,5297,23467,Indiana,143482,148779,2017.0
121989,22983,122174,September,-1133,21665,Indiana,144972,143839,2017.0
110491,23296,130371,December,18586,22002,Indiana,133787,152373,2017.0
53920,10804,62530,September,10782,12976,Iowa,64724,75506,1992.0
59558,11792,56472,December,-2513,12365,Iowa,71350,68837,1992.0
56982,10102,58486,March,5381,13979,Iowa,67084,72465,1993.0
57404,9079,60400,June,10286,16369,Iowa,66483,76769,1993.0
53065,13644,63038,September,12956,16627,Iowa,66709,79665,1993.0
57835,12472,62628,December,3932,11611,Iowa,70307,74239,1993.0
64340,10988,63761,March,5089,16656,Iowa,75328,80417,1994.0
53330,9487,64185,June,22743,21375,Iowa,62817,85560,1994.0
56763,14078,69716,September,11999,13124,Iowa,70841,82840,1994.0
62545,11155,64138,December,5339,14901,Iowa,73700,79039,1994.0
57376,11719,73377,March,21462,17180,Iowa,69095,90557,1995.0
65243,12979,62109,June,-1761,14352,Iowa,78222,76461,1995.0
59217,9777,67049,September,12697,14642,Iowa,68994,81691,1995.0
65114,12051,68457,December,4189,12897,Iowa,77165,81354,1995.0
63251,11562,69078,March,10276,16011,Iowa,74813,85089,1996.0
72784,12432,63173,June,-7948,14095,Iowa,85216,77268,1996.0
60496,13243,68274,September,9813,15278,Iowa,73739,83552,1996.0
63132,10574,66976,December,6664,13394,Iowa,73706,80370,1996.0
65411,13050,69367,March,6024,15118,Iowa,78461,84485,1997.0
64815,11866,67578,June,6493,15596,Iowa,76681,83174,1997.0
65284,12373,68512,September,6388,15533,Iowa,77657,84045,1997.0
62462,11363,72385,December,11446,12886,Iowa,73825,85271,1997.0
67713,13623,70727,March,12636,23245,Iowa,81336,93972,1998.0
72050,15230,72831,June,4864,19313,Iowa,87280,92144,1998.0
67286,16310,70189,September,6297,19704,Iowa,83596,89893,1998.0
65485,15170,72924,December,7884,15615,Iowa,80655,88539,1998.0
66967,25992,71213,March,-2085,19661,Iowa,92959,90874,1999.0
66816,15963,67683,June,5165,20261,Iowa,82779,87944,1999.0
72132,18874,71760,September,10248,29494,Iowa,91006,101254,1999.0
66260,13776,72002,December,11822,19856,Iowa,80036,91858,1999.0
69356,15427,76083,March,4444,13144,Iowa,84783,89227,2000.0
65369,19170,64059,June,-9879,10601,Iowa,84539,74660,2000.0
76146,17154,73931,September,11206,30575,Iowa,93300,104506,2000.0
71427,16486,65190,December,-6134,16589,Iowa,87913,81779,2000.0
71915,19750,75367,March,-1604,14694,Iowa,91665,90061,2001.0
70530,26061,65986,June,-12945,17660,Iowa,96591,83646,2001.0
68315,18475,66469,September,-8127,12194,Iowa,86790,78663,2001.0
69176,15408,58613,December,-14104,11867,Iowa,84584,70480,2001.0
69423,12953,64594,March,259,18041,Iowa,82376,82635,2002.0
62994,12633,62942,June,1188,13873,Iowa,75627,76815,2002.0
62514,12328,62868,September,94,12068,Iowa,74842,74936,2002.0
64344,12393,60184,December,-3417,13136,Iowa,76737,73320,2002.0
69139,11520,56816,March,-7658,16185,Iowa,80659,73001,2003.0
64301,12402,61396,June,-1978,13329,Iowa,76703,74725,2003.0
57397,9753,62449,September,8379,13080,Iowa,67150,75529,2003.0
60520,12134,63943,December,4531,13242,Iowa,72654,77185,2003.0
60533,11611,62468,March,3263,12939,Iowa,72144,75407,2004.0
59153,11990,63691,June,5019,12471,Iowa,71143,76162,2004.0
59821,11936,62521,September,4675,13911,Iowa,71757,76432,2004.0
59803,10493,65316,December,9825,14805,Iowa,70296,80121,2004.0
59537,11305,64545,March,7180,13477,Iowa,70842,78022,2005.0
64184,12774,63912,June,-232,12814,Iowa,76958,76726,2005.0
58705,11094,65906,September,9022,12915,Iowa,69799,78821,2005.0
62246,11148,64091,December,4593,13896,Iowa,73394,77987,2005.0
58068,13370,68453,March,11277,14262,Iowa,71438,82715,2006.0
65575,11202,64477,June,2143,14443,Iowa,76777,78920,2006.0
64309,9718,63315,September,1706,12418,Iowa,74027,75733,2006.0
61948,11033,66264,December,6352,13069,Iowa,72981,79333,2006.0
64220,11814,63430,March,114,12718,Iowa,76034,76148,2007.0
62400,12248,66822,June,5290,13116,Iowa,74648,79938,2007.0
65832,9688,61938,September,-924,12658,Iowa,75520,74596,2007.0
61870,10265,65511,December,6099,12723,Iowa,72135,78234,2007.0
62037,14120,64862,March,438,11733,Iowa,76157,76595,2008.0
66167,13840,63402,June,-4694,11911,Iowa,80007,75313,2008.0
64713,10983,62001,September,-974,12721,Iowa,75696,74722,2008.0
72128,12899,60383,December,-12808,11836,Iowa,85027,72219,2008.0
76517,12543,52526,March,-24585,11949,Iowa,89060,64475,2009.0
72992,10866,56075,June,-15923,11860,Iowa,83858,67935,2009.0
61697,9515,55981,September,-5661,9570,Iowa,71212,65551,2009.0
62484,10751,56358,December,-4403,12474,Iowa,73235,68832,2009.0
56697,10439,55553,March,-1934,9649,Iowa,67136,65202,2010.0
58721,8710,60248,June,1948,9131,Iowa,67431,69379,2010.0
58051,10341,59006,September,819,10205,Iowa,68392,69211,2010.0
56233,11494,61596,December,8437,14568,Iowa,67727,76164,2010.0
57182,10339,55618,March,-722,11181,Iowa,67521,66799,2011.0
55999,11281,59816,June,5142,12606,Iowa,67280,72422,2011.0
54249,10891,61087,September,9958,14011,Iowa,65140,75098,2011.0
57334,11362,56893,December,2141,13944,Iowa,68696,70837,2011.0
54055,9539,60912,March,12436,15118,Iowa,63594,76030,2012.0
54466,10051,60363,June,6645,10799,Iowa,64517,71162,2012.0
57622,10559,58803,September,2869,12247,Iowa,68181,71050,2012.0
57345,10674,58827,December,3534,12726,Iowa,68019,71553,2012.0
57674,9811,58957,March,4952,13480,Iowa,67485,72437,2013.0
57108,9975,62324,June,8166,12925,Iowa,67083,75249,2013.0
58654,9725,60694,September,6665,14350,Iowa,68379,75044,2013.0
58430,11455,62660,December,5982,13207,Iowa,69885,75867,2013.0
58852,11912,61733,March,2475,11506,Iowa,70764,73239,2014.0
59410,12759,65521,June,6491,13139,Iowa,72169,78660,2014.0
62566,11040,62069,September,272,11809,Iowa,73606,73878,2014.0
60513,11768,65741,December,6029,12569,Iowa,72281,78310,2014.0
60220,10549,64686,March,6789,12872,Iowa,70769,77558,2015.0
66780,10568,65290,June,380,12438,Iowa,77348,77728,2015.0
65922,11672,60539,September,-3774,13281,Iowa,77594,73820,2015.0
61358,11741,64499,December,4745,13345,Iowa,73099,77844,2015.0
59738,10685,66282,March,8789,12930,Iowa,70423,79212,2016.0
68988,12154,61809,June,-7006,12327,Iowa,81142,74136,2016.0
63451,11591,65702,September,3991,13331,Iowa,75042,79033,2016.0
66440,10553,60823,December,-3038,13132,Iowa,76993,73955,2016.0
60567,10757,66164,March,7440,12600,Iowa,71324,78764,2017.0
63780,10179,61704,June,-511,11744,Iowa,73959,73448,2017.0
63509,9907,57852,September,-3254,12310,Iowa,73416,70162,2017.0
58496,10227,64479,December,7560,11804,Iowa,68723,76283,2017.0
53920,10804,62530,September,10782,12976,Iowa,64724,75506,1992.0
59558,11792,56472,December,-2513,12365,Iowa,71350,68837,1992.0
56982,10102,58486,March,5381,13979,Iowa,67084,72465,1993.0
57404,9079,60400,June,10286,16369,Iowa,66483,76769,1993.0
53065,13644,63038,September,12956,16627,Iowa,66709,79665,1993.0
57835,12472,62628,December,3932,11611,Iowa,70307,74239,1993.0
64340,10988,63761,March,5089,16656,Iowa,75328,80417,1994.0
53330,9487,64185,June,22743,21375,Iowa,62817,85560,1994.0
56763,14078,69716,September,11999,13124,Iowa,70841,82840,1994.0
62545,11155,64138,December,5339,14901,Iowa,73700,79039,1994.0
57376,11719,73377,March,21462,17180,Iowa,69095,90557,1995.0
65243,12979,62109,June,-1761,14352,Iowa,78222,76461,1995.0
59217,9777,67049,September,12697,14642,Iowa,68994,81691,1995.0
65114,12051,68457,December,4189,12897,Iowa,77165,81354,1995.0
63251,11562,69078,March,10276,16011,Iowa,74813,85089,1996.0
72784,12432,63173,June,-7948,14095,Iowa,85216,77268,1996.0
60496,13243,68274,September,9813,15278,Iowa,73739,83552,1996.0
63132,10574,66976,December,6664,13394,Iowa,73706,80370,1996.0
65411,13050,69367,March,6024,15118,Iowa,78461,84485,1997.0
64815,11866,67578,June,6493,15596,Iowa,76681,83174,1997.0
65284,12373,68512,September,6388,15533,Iowa,77657,84045,1997.0
62462,11363,72385,December,11446,12886,Iowa,73825,85271,1997.0
67713,13623,70727,March,12636,23245,Iowa,81336,93972,1998.0
72050,15230,72831,June,4864,19313,Iowa,87280,92144,1998.0
67286,16310,70189,September,6297,19704,Iowa,83596,89893,1998.0
65485,15170,72924,December,7884,15615,Iowa,80655,88539,1998.0
66967,25992,71213,March,-2085,19661,Iowa,92959,90874,1999.0
66816,15963,67683,June,5165,20261,Iowa,82779,87944,1999.0
72132,18874,71760,September,10248,29494,Iowa,91006,101254,1999.0
66260,13776,72002,December,11822,19856,Iowa,80036,91858,1999.0
69356,15427,76083,March,4444,13144,Iowa,84783,89227,2000.0
65369,19170,64059,June,-9879,10601,Iowa,84539,74660,2000.0
76146,17154,73931,September,11206,30575,Iowa,93300,104506,2000.0
71427,16486,65190,December,-6134,16589,Iowa,87913,81779,2000.0
71915,19750,75367,March,-1604,14694,Iowa,91665,90061,2001.0
70530,26061,65986,June,-12945,17660,Iowa,96591,83646,2001.0
68315,18475,66469,September,-8127,12194,Iowa,86790,78663,2001.0
69176,15408,58613,December,-14104,11867,Iowa,84584,70480,2001.0
69423,12953,64594,March,259,18041,Iowa,82376,82635,2002.0
62994,12633,62942,June,1188,13873,Iowa,75627,76815,2002.0
62514,12328,62868,September,94,12068,Iowa,74842,74936,2002.0
64344,12393,60184,December,-3417,13136,Iowa,76737,73320,2002.0
69139,11520,56816,March,-7658,16185,Iowa,80659,73001,2003.0
64301,12402,61396,June,-1978,13329,Iowa,76703,74725,2003.0
57397,9753,62449,September,8379,13080,Iowa,67150,75529,2003.0
60520,12134,63943,December,4531,13242,Iowa,72654,77185,2003.0
60533,11611,62468,March,3263,12939,Iowa,72144,75407,2004.0
59153,11990,63691,June,5019,12471,Iowa,71143,76162,2004.0
59821,11936,62521,September,4675,13911,Iowa,71757,76432,2004.0
59803,10493,65316,December,9825,14805,Iowa,70296,80121,2004.0
59537,11305,64545,March,7180,13477,Iowa,70842,78022,2005.0
64184,12774,63912,June,-232,12814,Iowa,76958,76726,2005.0
58705,11094,65906,September,9022,12915,Iowa,69799,78821,2005.0
62246,11148,64091,December,4593,13896,Iowa,73394,77987,2005.0
58068,13370,68453,March,11277,14262,Iowa,71438,82715,2006.0
65575,11202,64477,June,2143,14443,Iowa,76777,78920,2006.0
64309,9718,63315,September,1706,12418,Iowa,74027,75733,2006.0
61948,11033,66264,December,6352,13069,Iowa,72981,79333,2006.0
64220,11814,63430,March,114,12718,Iowa,76034,76148,2007.0
62400,12248,66822,June,5290,13116,Iowa,74648,79938,2007.0
65832,9688,61938,September,-924,12658,Iowa,75520,74596,2007.0
61870,10265,65511,December,6099,12723,Iowa,72135,78234,2007.0
62037,14120,64862,March,438,11733,Iowa,76157,76595,2008.0
66167,13840,63402,June,-4694,11911,Iowa,80007,75313,2008.0
64713,10983,62001,September,-974,12721,Iowa,75696,74722,2008.0
72128,12899,60383,December,-12808,11836,Iowa,85027,72219,2008.0
76517,12543,52526,March,-24585,11949,Iowa,89060,64475,2009.0
72992,10866,56075,June,-15923,11860,Iowa,83858,67935,2009.0
61697,9515,55981,September,-5661,9570,Iowa,71212,65551,2009.0
62484,10751,56358,December,-4403,12474,Iowa,73235,68832,2009.0
56697,10439,55553,March,-1934,9649,Iowa,67136,65202,2010.0
58721,8710,60248,June,1948,9131,Iowa,67431,69379,2010.0
58051,10341,59006,September,819,10205,Iowa,68392,69211,2010.0
56233,11494,61596,December,8437,14568,Iowa,67727,76164,2010.0
57182,10339,55618,March,-722,11181,Iowa,67521,66799,2011.0
55999,11281,59816,June,5142,12606,Iowa,67280,72422,2011.0
54249,10891,61087,September,9958,14011,Iowa,65140,75098,2011.0
57334,11362,56893,December,2141,13944,Iowa,68696,70837,2011.0
54055,9539,60912,March,12436,15118,Iowa,63594,76030,2012.0
54466,10051,60363,June,6645,10799,Iowa,64517,71162,2012.0
57622,10559,58803,September,2869,12247,Iowa,68181,71050,2012.0
57345,10674,58827,December,3534,12726,Iowa,68019,71553,2012.0
57674,9811,58957,March,4952,13480,Iowa,67485,72437,2013.0
57108,9975,62324,June,8166,12925,Iowa,67083,75249,2013.0
58654,9725,60694,September,6665,14350,Iowa,68379,75044,2013.0
58430,11455,62660,December,5982,13207,Iowa,69885,75867,2013.0
58852,11912,61733,March,2475,11506,Iowa,70764,73239,2014.0
59410,12759,65521,June,6491,13139,Iowa,72169,78660,2014.0
62566,11040,62069,September,272,11809,Iowa,73606,73878,2014.0
60513,11768,65741,December,6029,12569,Iowa,72281,78310,2014.0
60220,10549,64686,March,6789,12872,Iowa,70769,77558,2015.0
66780,10568,65290,June,380,12438,Iowa,77348,77728,2015.0
65922,11672,60539,September,-3774,13281,Iowa,77594,73820,2015.0
61358,11741,64499,December,4745,13345,Iowa,73099,77844,2015.0
59738,10685,66282,March,8789,12930,Iowa,70423,79212,2016.0
68988,12154,61809,June,-7006,12327,Iowa,81142,74136,2016.0
63451,11591,65702,September,3991,13331,Iowa,75042,79033,2016.0
66440,10553,60823,December,-3038,13132,Iowa,76993,73955,2016.0
60567,10757,66164,March,7440,12600,Iowa,71324,78764,2017.0
63780,10179,61704,June,-511,11744,Iowa,73959,73448,2017.0
63509,9907,57852,September,-3254,12310,Iowa,73416,70162,2017.0
58496,10227,64479,December,7560,11804,Iowa,68723,76283,2017.0
51273,18023,59826,September,5273,14743,Kansas,69296,74569,1992.0
54723,11547,52127,December,683,14826,Kansas,66270,66953,1992.0
52727,11935,51121,March,2290,15831,Kansas,64662,66952,1993.0
50142,11385,57148,June,7834,12213,Kansas,61527,69361,1993.0
52523,10274,54851,September,6756,14702,Kansas,62797,69553,1993.0
53411,13119,52805,December,1,13726,Kansas,66530,66531,1993.0
50504,12213,57401,March,12030,17346,Kansas,62717,74747,1994.0
49086,11346,56079,June,9514,13867,Kansas,60432,69946,1994.0
53372,9271,59946,September,10557,13254,Kansas,62643,73200,1994.0
53747,14268,58173,December,1202,11044,Kansas,68015,69217,1994.0
50970,13381,64305,March,15104,15150,Kansas,64351,79455,1995.0
55346,12210,57483,June,2313,12386,Kansas,67556,69869,1995.0
52420,12086,59830,September,9744,14420,Kansas,64506,74250,1995.0
56256,13918,60647,December,3733,13260,Kansas,70174,73907,1995.0
54880,15926,61923,March,11406,20289,Kansas,70806,82212,1996.0
54889,14699,61378,June,7273,15483,Kansas,69588,76861,1996.0
55516,14221,61677,September,6672,14732,Kansas,69737,76409,1996.0
57085,11666,62012,December,8033,14772,Kansas,68751,76784,1996.0
57944,17127,68611,March,12128,18588,Kansas,75071,87199,1997.0
55591,13609,67563,June,16263,17900,Kansas,69200,85463,1997.0
58992,16534,70263,September,14740,20003,Kansas,75526,90266,1997.0
61490,18565,68146,December,2675,14584,Kansas,80055,82730,1997.0
61737,14623,65925,March,12789,23224,Kansas,76360,89149,1998.0
60948,20618,71057,June,6948,17457,Kansas,81566,88514,1998.0
64723,19749,66432,September,4933,22973,Kansas,84472,89405,1998.0
62696,16291,66572,December,9918,22333,Kansas,78987,88905,1998.0
67754,20405,66526,March,-2963,18670,Kansas,88159,85196,1999.0
65104,23035,67255,June,2842,23726,Kansas,88139,90981,1999.0
63477,18149,66760,September,2951,17817,Kansas,81626,84577,1999.0
67036,15758,66611,December,6118,22301,Kansas,82794,88912,1999.0
64907,20527,69611,March,3705,19528,Kansas,85434,89139,2000.0
67003,14152,62993,June,3604,21766,Kansas,81155,84759,2000.0
62362,19743,64129,September,1068,19044,Kansas,82105,83173,2000.0
64823,14843,62550,December,-5451,11665,Kansas,79666,74215,2000.0
66267,13211,67926,March,8489,20041,Kansas,79478,87967,2001.0
65473,15527,63264,June,-3383,14353,Kansas,81000,77617,2001.0
63413,17883,58092,September,-9753,13451,Kansas,81296,71543,2001.0
63950,12630,57022,December,-7175,12383,Kansas,76580,69405,2001.0
65459,15967,59482,March,-4974,16970,Kansas,81426,76452,2002.0
60660,18170,61294,June,539,18075,Kansas,78830,79369,2002.0
63052,19327,58228,September,-5579,18572,Kansas,82379,76800,2002.0
63491,17795,56469,December,-8511,16306,Kansas,81286,72775,2002.0
64691,14364,51842,March,-9300,17913,Kansas,79055,69755,2003.0
61735,12924,54181,June,-5043,15435,Kansas,74659,69616,2003.0
57484,11321,59840,September,4154,13119,Kansas,68805,72959,2003.0
58370,12671,58386,December,1542,14197,Kansas,71041,72583,2003.0
57450,11291,58185,March,2873,13429,Kansas,68741,71614,2004.0
56375,11366,59235,June,3733,12239,Kansas,67741,71474,2004.0
55703,14064,61986,September,6635,14416,Kansas,69767,76402,2004.0
56426,13991,58950,December,2504,13971,Kansas,70417,72921,2004.0
58119,14644,55592,March,-2865,14306,Kansas,72763,69898,2005.0
55551,11909,57291,June,5704,15873,Kansas,67460,73164,2005.0
58953,13275,61446,September,743,11525,Kansas,72228,72971,2005.0
52794,13478,56036,December,3685,13921,Kansas,66272,69957,2005.0
50322,13041,61056,March,8878,11185,Kansas,63363,72241,2006.0
54255,16949,56257,June,271,15218,Kansas,71204,71475,2006.0
53261,12585,62193,September,14094,17747,Kansas,65846,79940,2006.0
55004,13743,61490,December,5769,13026,Kansas,68747,74516,2006.0
54891,12658,64996,March,10448,13001,Kansas,67549,77997,2007.0
59394,15182,56270,June,-4104,14202,Kansas,74576,70472,2007.0
53248,13109,61050,September,8708,14015,Kansas,66357,75065,2007.0
58023,16957,56784,December,-3274,14922,Kansas,74980,71706,2007.0
60583,15914,69850,March,10038,16685,Kansas,76497,86535,2008.0
60823,15354,56593,June,-4166,15418,Kansas,76177,72011,2008.0
64319,11309,54740,September,-7938,12950,Kansas,75628,67690,2008.0
65695,13612,59231,December,-5540,14536,Kansas,79307,73767,2008.0
67452,11608,44097,March,-23515,11448,Kansas,79060,55545,2009.0
68397,11208,45753,June,-21987,11865,Kansas,79605,57618,2009.0
58873,8141,46602,September,-9052,11360,Kansas,67014,57962,2009.0
55551,12210,51651,December,-5732,10378,Kansas,67761,62029,2009.0
51251,11133,46251,March,-5538,10595,Kansas,62384,56846,2010.0
47887,11334,50314,June,2747,11654,Kansas,59221,61968,2010.0
48893,14316,50565,September,-1203,11441,Kansas,63209,62006,2010.0
47331,12532,53250,December,10587,17200,Kansas,59863,70450,2010.0
50370,10951,49607,March,-533,11181,Kansas,61321,60788,2011.0
50476,11297,50790,June,1319,12302,Kansas,61773,63092,2011.0
50204,10453,53883,September,6122,12896,Kansas,60657,66779,2011.0
51547,10272,51294,December,2216,12741,Kansas,61819,64035,2011.0
45832,10475,59341,March,14735,11701,Kansas,56307,71042,2012.0
50200,10535,52426,June,3493,11802,Kansas,60735,64228,2012.0
52098,12604,50188,September,-3748,10766,Kansas,64702,60954,2012.0
48215,10939,52868,December,8597,14883,Kansas,59154,67751,2012.0
50692,9765,50752,March,1468,11173,Kansas,60457,61925,2013.0
49367,10674,55626,June,7734,12149,Kansas,60041,67775,2013.0
51814,11178,53726,September,6575,15841,Kansas,62992,69567,2013.0
48862,10434,56024,December,9372,12644,Kansas,59296,68668,2013.0
50560,11082,53848,March,2459,10253,Kansas,61642,64101,2014.0
51957,10402,56370,June,5594,11583,Kansas,62359,67953,2014.0
54055,9760,51783,September,-445,11587,Kansas,63815,63370,2014.0
48885,10809,57364,December,10548,12878,Kansas,59694,70242,2014.0
54647,10400,52597,March,-1419,11031,Kansas,65047,63628,2015.0
53323,11744,55709,June,1603,10961,Kansas,65067,66670,2015.0
53993,10756,52619,September,-395,11735,Kansas,64749,64354,2015.0
51406,11362,56658,December,8103,14213,Kansas,62768,70871,2015.0
55702,11436,51985,March,-1268,13885,Kansas,67138,65870,2016.0
55785,14083,53070,June,-6053,10745,Kansas,69868,63815,2016.0
53053,10523,56298,September,6329,13607,Kansas,63576,69905,2016.0
53294,11507,54459,December,2612,12954,Kansas,64801,67413,2016.0
51761,11280,54965,March,3254,11330,Kansas,63041,66295,2017.0
55743,18692,51728,June,-12503,10204,Kansas,74435,61932,2017.0
52784,11398,52431,September,6507,18258,Kansas,64182,70689,2017.0
48115,11233,55111,December,9051,13288,Kansas,59348,68399,2017.0
51273,18023,59826,September,5273,14743,Kansas,69296,74569,1992.0
54723,11547,52127,December,683,14826,Kansas,66270,66953,1992.0
52727,11935,51121,March,2290,15831,Kansas,64662,66952,1993.0
50142,11385,57148,June,7834,12213,Kansas,61527,69361,1993.0
52523,10274,54851,September,6756,14702,Kansas,62797,69553,1993.0
53411,13119,52805,December,1,13726,Kansas,66530,66531,1993.0
50504,12213,57401,March,12030,17346,Kansas,62717,74747,1994.0
49086,11346,56079,June,9514,13867,Kansas,60432,69946,1994.0
53372,9271,59946,September,10557,13254,Kansas,62643,73200,1994.0
53747,14268,58173,December,1202,11044,Kansas,68015,69217,1994.0
50970,13381,64305,March,15104,15150,Kansas,64351,79455,1995.0
55346,12210,57483,June,2313,12386,Kansas,67556,69869,1995.0
52420,12086,59830,September,9744,14420,Kansas,64506,74250,1995.0
56256,13918,60647,December,3733,13260,Kansas,70174,73907,1995.0
54880,15926,61923,March,11406,20289,Kansas,70806,82212,1996.0
54889,14699,61378,June,7273,15483,Kansas,69588,76861,1996.0
55516,14221,61677,September,6672,14732,Kansas,69737,76409,1996.0
57085,11666,62012,December,8033,14772,Kansas,68751,76784,1996.0
57944,17127,68611,March,12128,18588,Kansas,75071,87199,1997.0
55591,13609,67563,June,16263,17900,Kansas,69200,85463,1997.0
58992,16534,70263,September,14740,20003,Kansas,75526,90266,1997.0
61490,18565,68146,December,2675,14584,Kansas,80055,82730,1997.0
61737,14623,65925,March,12789,23224,Kansas,76360,89149,1998.0
60948,20618,71057,June,6948,17457,Kansas,81566,88514,1998.0
64723,19749,66432,September,4933,22973,Kansas,84472,89405,1998.0
62696,16291,66572,December,9918,22333,Kansas,78987,88905,1998.0
67754,20405,66526,March,-2963,18670,Kansas,88159,85196,1999.0
65104,23035,67255,June,2842,23726,Kansas,88139,90981,1999.0
63477,18149,66760,September,2951,17817,Kansas,81626,84577,1999.0
67036,15758,66611,December,6118,22301,Kansas,82794,88912,1999.0
64907,20527,69611,March,3705,19528,Kansas,85434,89139,2000.0
67003,14152,62993,June,3604,21766,Kansas,81155,84759,2000.0
62362,19743,64129,September,1068,19044,Kansas,82105,83173,2000.0
64823,14843,62550,December,-5451,11665,Kansas,79666,74215,2000.0
66267,13211,67926,March,8489,20041,Kansas,79478,87967,2001.0
65473,15527,63264,June,-3383,14353,Kansas,81000,77617,2001.0
63413,17883,58092,September,-9753,13451,Kansas,81296,71543,2001.0
63950,12630,57022,December,-7175,12383,Kansas,76580,69405,2001.0
65459,15967,59482,March,-4974,16970,Kansas,81426,76452,2002.0
60660,18170,61294,June,539,18075,Kansas,78830,79369,2002.0
63052,19327,58228,September,-5579,18572,Kansas,82379,76800,2002.0
63491,17795,56469,December,-8511,16306,Kansas,81286,72775,2002.0
64691,14364,51842,March,-9300,17913,Kansas,79055,69755,2003.0
61735,12924,54181,June,-5043,15435,Kansas,74659,69616,2003.0
57484,11321,59840,September,4154,13119,Kansas,68805,72959,2003.0
58370,12671,58386,December,1542,14197,Kansas,71041,72583,2003.0
57450,11291,58185,March,2873,13429,Kansas,68741,71614,2004.0
56375,11366,59235,June,3733,12239,Kansas,67741,71474,2004.0
55703,14064,61986,September,6635,14416,Kansas,69767,76402,2004.0
56426,13991,58950,December,2504,13971,Kansas,70417,72921,2004.0
58119,14644,55592,March,-2865,14306,Kansas,72763,69898,2005.0
55551,11909,57291,June,5704,15873,Kansas,67460,73164,2005.0
58953,13275,61446,September,743,11525,Kansas,72228,72971,2005.0
52794,13478,56036,December,3685,13921,Kansas,66272,69957,2005.0
50322,13041,61056,March,8878,11185,Kansas,63363,72241,2006.0
54255,16949,56257,June,271,15218,Kansas,71204,71475,2006.0
53261,12585,62193,September,14094,17747,Kansas,65846,79940,2006.0
55004,13743,61490,December,5769,13026,Kansas,68747,74516,2006.0
54891,12658,64996,March,10448,13001,Kansas,67549,77997,2007.0
59394,15182,56270,June,-4104,14202,Kansas,74576,70472,2007.0
53248,13109,61050,September,8708,14015,Kansas,66357,75065,2007.0
58023,16957,56784,December,-3274,14922,Kansas,74980,71706,2007.0
60583,15914,69850,March,10038,16685,Kansas,76497,86535,2008.0
60823,15354,56593,June,-4166,15418,Kansas,76177,72011,2008.0
64319,11309,54740,September,-7938,12950,Kansas,75628,67690,2008.0
65695,13612,59231,December,-5540,14536,Kansas,79307,73767,2008.0
67452,11608,44097,March,-23515,11448,Kansas,79060,55545,2009.0
68397,11208,45753,June,-21987,11865,Kansas,79605,57618,2009.0
58873,8141,46602,September,-9052,11360,Kansas,67014,57962,2009.0
55551,12210,51651,December,-5732,10378,Kansas,67761,62029,2009.0
51251,11133,46251,March,-5538,10595,Kansas,62384,56846,2010.0
47887,11334,50314,June,2747,11654,Kansas,59221,61968,2010.0
48893,14316,50565,September,-1203,11441,Kansas,63209,62006,2010.0
47331,12532,53250,December,10587,17200,Kansas,59863,70450,2010.0
50370,10951,49607,March,-533,11181,Kansas,61321,60788,2011.0
50476,11297,50790,June,1319,12302,Kansas,61773,63092,2011.0
50204,10453,53883,September,6122,12896,Kansas,60657,66779,2011.0
51547,10272,51294,December,2216,12741,Kansas,61819,64035,2011.0
45832,10475,59341,March,14735,11701,Kansas,56307,71042,2012.0
50200,10535,52426,June,3493,11802,Kansas,60735,64228,2012.0
52098,12604,50188,September,-3748,10766,Kansas,64702,60954,2012.0
48215,10939,52868,December,8597,14883,Kansas,59154,67751,2012.0
50692,9765,50752,March,1468,11173,Kansas,60457,61925,2013.0
49367,10674,55626,June,7734,12149,Kansas,60041,67775,2013.0
51814,11178,53726,September,6575,15841,Kansas,62992,69567,2013.0
48862,10434,56024,December,9372,12644,Kansas,59296,68668,2013.0
50560,11082,53848,March,2459,10253,Kansas,61642,64101,2014.0
51957,10402,56370,June,5594,11583,Kansas,62359,67953,2014.0
54055,9760,51783,September,-445,11587,Kansas,63815,63370,2014.0
48885,10809,57364,December,10548,12878,Kansas,59694,70242,2014.0
54647,10400,52597,March,-1419,11031,Kansas,65047,63628,2015.0
53323,11744,55709,June,1603,10961,Kansas,65067,66670,2015.0
53993,10756,52619,September,-395,11735,Kansas,64749,64354,2015.0
51406,11362,56658,December,8103,14213,Kansas,62768,70871,2015.0
55702,11436,51985,March,-1268,13885,Kansas,67138,65870,2016.0
55785,14083,53070,June,-6053,10745,Kansas,69868,63815,2016.0
53053,10523,56298,September,6329,13607,Kansas,63576,69905,2016.0
53294,11507,54459,December,2612,12954,Kansas,64801,67413,2016.0
51761,11280,54965,March,3254,11330,Kansas,63041,66295,2017.0
55743,18692,51728,June,-12503,10204,Kansas,74435,61932,2017.0
52784,11398,52431,September,6507,18258,Kansas,64182,70689,2017.0
48115,11233,55111,December,9051,13288,Kansas,59348,68399,2017.0
66696,10681,70926,September,7407,13858,Kentucky,77377,84784,1992.0
68558,12382,69558,December,4889,16271,Kentucky,80940,85829,1992.0
69176,14084,72078,March,6230,17412,Kentucky,83260,89490,1993.0
65316,12463,78812,June,18674,17641,Kentucky,77779,96453,1993.0
68758,11489,78728,September,14680,16199,Kentucky,80247,94927,1993.0
71797,14566,73927,December,3842,16278,Kentucky,86363,90205,1993.0
67511,14470,83013,March,16980,15948,Kentucky,81981,98961,1994.0
68826,13217,87912,June,22380,16511,Kentucky,82043,104423,1994.0
73316,12628,83212,September,13194,15926,Kentucky,85944,99138,1994.0
75681,13017,79387,December,7666,16977,Kentucky,88698,96364,1994.0
76413,16259,81491,March,6760,17941,Kentucky,92672,99432,1995.0
75943,11637,81310,June,12063,18333,Kentucky,87580,99643,1995.0
78991,13844,82695,September,9240,19380,Kentucky,92835,102075,1995.0
80131,13916,76252,December,-2549,15246,Kentucky,94047,91498,1995.0
75023,17880,81662,March,6213,17454,Kentucky,92903,99116,1996.0
76280,18546,82781,June,6510,18555,Kentucky,94826,101336,1996.0
78097,13802,84376,September,14832,22355,Kentucky,91899,106731,1996.0
79555,15659,80252,December,3376,18338,Kentucky,95214,98590,1996.0
74439,18976,88267,March,13215,18363,Kentucky,93415,106630,1997.0
77117,16571,84419,June,9826,19095,Kentucky,93688,103514,1997.0
82234,17477,88303,September,7012,18420,Kentucky,99711,106723,1997.0
79763,16899,82831,December,5176,19007,Kentucky,96662,101838,1997.0
80309,18844,88345,March,7824,18632,Kentucky,99153,106977,1998.0
81242,19129,87785,June,9879,22465,Kentucky,100371,110250,1998.0
84673,18409,93292,September,11029,20819,Kentucky,103082,114111,1998.0
84735,14384,85871,December,4953,18201,Kentucky,99119,104072,1998.0
82712,19659,86829,March,8639,24181,Kentucky,102371,111010,1999.0
84916,20434,92470,June,8051,20931,Kentucky,105350,113401,1999.0
85454,22023,101170,September,13972,20279,Kentucky,107477,121449,1999.0
87189,19005,88350,December,2373,20217,Kentucky,106194,108567,1999.0
81144,15258,94147,March,20578,22833,Kentucky,96402,116980,2000.0
89617,18393,81085,June,-13021,13904,Kentucky,108010,94989,2000.0
87674,21641,95431,September,7230,21114,Kentucky,109315,116545,2000.0
89842,16525,87036,December,-2649,16682,Kentucky,106367,103718,2000.0
93395,19071,78470,March,-13394,20602,Kentucky,112466,99072,2001.0
101761,23561,86206,June,-20286,18830,Kentucky,125322,105036,2001.0
90786,21059,79696,September,-14740,17409,Kentucky,111845,97105,2001.0
86824,20470,73694,December,-12181,21419,Kentucky,107294,95113,2001.0
79289,19941,82648,March,5675,22257,Kentucky,99230,104905,2002.0
85046,17930,77216,June,-5379,20381,Kentucky,102976,97597,2002.0
80921,17771,79769,September,-1992,16931,Kentucky,98692,96700,2002.0
82943,16746,79900,December,-1297,18492,Kentucky,99689,98392,2002.0
76627,18317,77754,March,-669,16521,Kentucky,94944,94275,2003.0
78294,16984,74359,June,-3440,17479,Kentucky,95278,91838,2003.0
71279,15473,78278,September,7776,16250,Kentucky,86752,94528,2003.0
74034,17367,80942,December,4765,15224,Kentucky,91401,96166,2003.0
76987,16410,76560,March,1005,17842,Kentucky,93397,94402,2004.0
72837,14161,74465,June,6531,19064,Kentucky,86998,93529,2004.0
70045,18331,77122,September,6487,17741,Kentucky,88376,94863,2004.0
72162,16430,76942,December,9042,20692,Kentucky,88592,97634,2004.0
76684,16655,83685,March,7810,17464,Kentucky,93339,101149,2005.0
75735,15093,78600,June,5704,17932,Kentucky,90828,96532,2005.0
74219,16092,77554,September,6151,18908,Kentucky,90311,96462,2005.0
76982,18530,74770,December,-2139,18603,Kentucky,95512,93373,2005.0
68287,13830,83152,March,20730,19695,Kentucky,82117,102847,2006.0
78587,16373,75765,June,-5876,13319,Kentucky,94960,89084,2006.0
76845,20368,76777,September,-3023,17413,Kentucky,97213,94190,2006.0
75923,15075,80575,December,13226,23649,Kentucky,90998,104224,2006.0
80285,14919,88087,March,10156,17273,Kentucky,95204,105360,2007.0
79835,14934,81345,June,2871,16295,Kentucky,94769,97640,2007.0
79322,17186,72388,September,-8470,15650,Kentucky,96508,88038,2007.0
78012,13858,79010,December,4667,17527,Kentucky,91870,96537,2007.0
79715,14016,76921,March,-2385,14425,Kentucky,93731,91346,2008.0
79453,15016,75915,June,-1933,16621,Kentucky,94469,92536,2008.0
86605,15158,68167,September,-18452,15144,Kentucky,101763,83311,2008.0
92031,15593,69643,December,-23996,13985,Kentucky,107624,83628,2008.0
93170,16294,60488,March,-35479,13497,Kentucky,109464,73985,2009.0
88448,14617,67360,June,-21320,14385,Kentucky,103065,81745,2009.0
76291,13919,70244,September,-5581,14385,Kentucky,90210,84629,2009.0
71564,14577,73867,December,2332,14606,Kentucky,86141,88473,2009.0
71817,12423,66552,March,-5270,12418,Kentucky,84240,78970,2010.0
66155,13944,73045,June,7727,14781,Kentucky,80099,87826,2010.0
68514,13035,68917,September,2300,14932,Kentucky,81549,83849,2010.0
69347,11461,76762,December,10601,14647,Kentucky,80808,91409,2010.0
70107,13092,72155,March,1965,13009,Kentucky,83199,85164,2011.0
67589,13876,72532,June,5736,14669,Kentucky,81465,87201,2011.0
68350,11115,75649,September,11169,14985,Kentucky,79465,90634,2011.0
70131,12819,72909,December,3232,13273,Kentucky,82950,86182,2011.0
67991,12003,78401,March,11635,13228,Kentucky,79994,91629,2012.0
68171,12024,74475,June,8213,13933,Kentucky,80195,88408,2012.0
73654,12449,68725,September,-3419,13959,Kentucky,86103,82684,2012.0
68070,13107,76965,December,11344,15556,Kentucky,81177,92521,2012.0
72550,12595,72770,March,2870,15245,Kentucky,85145,88015,2013.0
71286,12258,71457,June,3224,15311,Kentucky,83544,86768,2013.0
69559,12357,73100,September,6193,15009,Kentucky,81916,88109,2013.0
67650,13513,81125,December,15296,15334,Kentucky,81163,96459,2013.0
75309,13543,75225,March,3826,17453,Kentucky,88852,92678,2014.0
69733,13748,75956,June,8399,15924,Kentucky,83481,91880,2014.0
70065,12164,76108,September,9665,15786,Kentucky,82229,91894,2014.0
66309,15280,85374,December,19275,15490,Kentucky,81589,100864,2014.0
80537,12384,69965,March,-8023,14933,Kentucky,92921,84898,2015.0
70445,13708,82885,June,13666,14934,Kentucky,84153,97819,2015.0
73918,13514,76065,September,6137,17504,Kentucky,87432,93569,2015.0
68473,15221,87926,December,20037,15805,Kentucky,83694,103731,2015.0
80668,12037,74368,March,-1963,16374,Kentucky,92705,90742,2016.0
79813,13729,79644,June,3991,17889,Kentucky,93542,97533,2016.0
80241,18748,88203,September,8163,18949,Kentucky,98989,107152,2016.0
74964,15698,80735,December,5017,14944,Kentucky,90662,95679,2016.0
73056,12776,76050,March,5046,14828,Kentucky,85832,90878,2017.0
79680,14745,75362,June,976,20039,Kentucky,94425,95401,2017.0
74445,17344,77374,September,767,15182,Kentucky,91789,92556,2017.0
69932,16135,80080,December,7831,13818,Kentucky,86067,93898,2017.0
66696,10681,70926,September,7407,13858,Kentucky,77377,84784,1992.0
68558,12382,69558,December,4889,16271,Kentucky,80940,85829,1992.0
69176,14084,72078,March,6230,17412,Kentucky,83260,89490,1993.0
65316,12463,78812,June,18674,17641,Kentucky,77779,96453,1993.0
68758,11489,78728,September,14680,16199,Kentucky,80247,94927,1993.0
71797,14566,73927,December,3842,16278,Kentucky,86363,90205,1993.0
67511,14470,83013,March,16980,15948,Kentucky,81981,98961,1994.0
68826,13217,87912,June,22380,16511,Kentucky,82043,104423,1994.0
73316,12628,83212,September,13194,15926,Kentucky,85944,99138,1994.0
75681,13017,79387,December,7666,16977,Kentucky,88698,96364,1994.0
76413,16259,81491,March,6760,17941,Kentucky,92672,99432,1995.0
75943,11637,81310,June,12063,18333,Kentucky,87580,99643,1995.0
78991,13844,82695,September,9240,19380,Kentucky,92835,102075,1995.0
80131,13916,76252,December,-2549,15246,Kentucky,94047,91498,1995.0
75023,17880,81662,March,6213,17454,Kentucky,92903,99116,1996.0
76280,18546,82781,June,6510,18555,Kentucky,94826,101336,1996.0
78097,13802,84376,September,14832,22355,Kentucky,91899,106731,1996.0
79555,15659,80252,December,3376,18338,Kentucky,95214,98590,1996.0
74439,18976,88267,March,13215,18363,Kentucky,93415,106630,1997.0
77117,16571,84419,June,9826,19095,Kentucky,93688,103514,1997.0
82234,17477,88303,September,7012,18420,Kentucky,99711,106723,1997.0
79763,16899,82831,December,5176,19007,Kentucky,96662,101838,1997.0
80309,18844,88345,March,7824,18632,Kentucky,99153,106977,1998.0
81242,19129,87785,June,9879,22465,Kentucky,100371,110250,1998.0
84673,18409,93292,September,11029,20819,Kentucky,103082,114111,1998.0
84735,14384,85871,December,4953,18201,Kentucky,99119,104072,1998.0
82712,19659,86829,March,8639,24181,Kentucky,102371,111010,1999.0
84916,20434,92470,June,8051,20931,Kentucky,105350,113401,1999.0
85454,22023,101170,September,13972,20279,Kentucky,107477,121449,1999.0
87189,19005,88350,December,2373,20217,Kentucky,106194,108567,1999.0
81144,15258,94147,March,20578,22833,Kentucky,96402,116980,2000.0
89617,18393,81085,June,-13021,13904,Kentucky,108010,94989,2000.0
87674,21641,95431,September,7230,21114,Kentucky,109315,116545,2000.0
89842,16525,87036,December,-2649,16682,Kentucky,106367,103718,2000.0
93395,19071,78470,March,-13394,20602,Kentucky,112466,99072,2001.0
101761,23561,86206,June,-20286,18830,Kentucky,125322,105036,2001.0
90786,21059,79696,September,-14740,17409,Kentucky,111845,97105,2001.0
86824,20470,73694,December,-12181,21419,Kentucky,107294,95113,2001.0
79289,19941,82648,March,5675,22257,Kentucky,99230,104905,2002.0
85046,17930,77216,June,-5379,20381,Kentucky,102976,97597,2002.0
80921,17771,79769,September,-1992,16931,Kentucky,98692,96700,2002.0
82943,16746,79900,December,-1297,18492,Kentucky,99689,98392,2002.0
76627,18317,77754,March,-669,16521,Kentucky,94944,94275,2003.0
78294,16984,74359,June,-3440,17479,Kentucky,95278,91838,2003.0
71279,15473,78278,September,7776,16250,Kentucky,86752,94528,2003.0
74034,17367,80942,December,4765,15224,Kentucky,91401,96166,2003.0
76987,16410,76560,March,1005,17842,Kentucky,93397,94402,2004.0
72837,14161,74465,June,6531,19064,Kentucky,86998,93529,2004.0
70045,18331,77122,September,6487,17741,Kentucky,88376,94863,2004.0
72162,16430,76942,December,9042,20692,Kentucky,88592,97634,2004.0
76684,16655,83685,March,7810,17464,Kentucky,93339,101149,2005.0
75735,15093,78600,June,5704,17932,Kentucky,90828,96532,2005.0
74219,16092,77554,September,6151,18908,Kentucky,90311,96462,2005.0
76982,18530,74770,December,-2139,18603,Kentucky,95512,93373,2005.0
68287,13830,83152,March,20730,19695,Kentucky,82117,102847,2006.0
78587,16373,75765,June,-5876,13319,Kentucky,94960,89084,2006.0
76845,20368,76777,September,-3023,17413,Kentucky,97213,94190,2006.0
75923,15075,80575,December,13226,23649,Kentucky,90998,104224,2006.0
80285,14919,88087,March,10156,17273,Kentucky,95204,105360,2007.0
79835,14934,81345,June,2871,16295,Kentucky,94769,97640,2007.0
79322,17186,72388,September,-8470,15650,Kentucky,96508,88038,2007.0
78012,13858,79010,December,4667,17527,Kentucky,91870,96537,2007.0
79715,14016,76921,March,-2385,14425,Kentucky,93731,91346,2008.0
79453,15016,75915,June,-1933,16621,Kentucky,94469,92536,2008.0
86605,15158,68167,September,-18452,15144,Kentucky,101763,83311,2008.0
92031,15593,69643,December,-23996,13985,Kentucky,107624,83628,2008.0
93170,16294,60488,March,-35479,13497,Kentucky,109464,73985,2009.0
88448,14617,67360,June,-21320,14385,Kentucky,103065,81745,2009.0
76291,13919,70244,September,-5581,14385,Kentucky,90210,84629,2009.0
71564,14577,73867,December,2332,14606,Kentucky,86141,88473,2009.0
71817,12423,66552,March,-5270,12418,Kentucky,84240,78970,2010.0
66155,13944,73045,June,7727,14781,Kentucky,80099,87826,2010.0
68514,13035,68917,September,2300,14932,Kentucky,81549,83849,2010.0
69347,11461,76762,December,10601,14647,Kentucky,80808,91409,2010.0
70107,13092,72155,March,1965,13009,Kentucky,83199,85164,2011.0
67589,13876,72532,June,5736,14669,Kentucky,81465,87201,2011.0
68350,11115,75649,September,11169,14985,Kentucky,79465,90634,2011.0
70131,12819,72909,December,3232,13273,Kentucky,82950,86182,2011.0
67991,12003,78401,March,11635,13228,Kentucky,79994,91629,2012.0
68171,12024,74475,June,8213,13933,Kentucky,80195,88408,2012.0
73654,12449,68725,September,-3419,13959,Kentucky,86103,82684,2012.0
68070,13107,76965,December,11344,15556,Kentucky,81177,92521,2012.0
72550,12595,72770,March,2870,15245,Kentucky,85145,88015,2013.0
71286,12258,71457,June,3224,15311,Kentucky,83544,86768,2013.0
69559,12357,73100,September,6193,15009,Kentucky,81916,88109,2013.0
67650,13513,81125,December,15296,15334,Kentucky,81163,96459,2013.0
75309,13543,75225,March,3826,17453,Kentucky,88852,92678,2014.0
69733,13748,75956,June,8399,15924,Kentucky,83481,91880,2014.0
70065,12164,76108,September,9665,15786,Kentucky,82229,91894,2014.0
66309,15280,85374,December,19275,15490,Kentucky,81589,100864,2014.0
80537,12384,69965,March,-8023,14933,Kentucky,92921,84898,2015.0
70445,13708,82885,June,13666,14934,Kentucky,84153,97819,2015.0
73918,13514,76065,September,6137,17504,Kentucky,87432,93569,2015.0
68473,15221,87926,December,20037,15805,Kentucky,83694,103731,2015.0
80668,12037,74368,March,-1963,16374,Kentucky,92705,90742,2016.0
79813,13729,79644,June,3991,17889,Kentucky,93542,97533,2016.0
80241,18748,88203,September,8163,18949,Kentucky,98989,107152,2016.0
74964,15698,80735,December,5017,14944,Kentucky,90662,95679,2016.0
73056,12776,76050,March,5046,14828,Kentucky,85832,90878,2017.0
79680,14745,75362,June,976,20039,Kentucky,94425,95401,2017.0
74445,17344,77374,September,767,15182,Kentucky,91789,92556,2017.0
69932,16135,80080,December,7831,13818,Kentucky,86067,93898,2017.0
82902,21935,81969,September,5603,28471,Louisiana,104837,110440,1992.0
81189,13888,88284,December,9552,16345,Louisiana,95077,104629,1992.0
82367,22298,77708,March,-2151,24806,Louisiana,104665,102514,1993.0
71752,21336,88269,June,19012,23831,Louisiana,93088,112100,1993.0
77884,18725,90095,September,13822,20336,Louisiana,96609,110431,1993.0
78887,15923,87844,December,11162,18128,Louisiana,94810,105972,1993.0
80950,22205,89778,March,11287,24664,Louisiana,103155,114442,1994.0
82496,21328,90050,June,8751,22525,Louisiana,103824,112575,1994.0
76425,16731,100392,September,30192,22956,Louisiana,93156,123348,1994.0
82724,20079,89592,December,7258,20469,Louisiana,102803,110061,1994.0
90212,19943,87999,March,1769,23925,Louisiana,110155,111924,1995.0
85841,21201,97796,June,11134,20380,Louisiana,107042,118176,1995.0
78899,14872,100985,September,23797,16583,Louisiana,93771,117568,1995.0
90528,17810,84506,December,-6597,17235,Louisiana,108338,101741,1995.0
85118,18332,86513,March,3450,20387,Louisiana,103450,106900,1996.0
79763,15946,94033,June,19617,21293,Louisiana,95709,115326,1996.0
82513,18503,96380,September,16462,21098,Louisiana,101016,117478,1996.0
90688,16682,89550,December,835,18655,Louisiana,107370,108205,1996.0
91276,18526,90490,March,644,19956,Louisiana,109802,110446,1997.0
82281,14577,96416,June,17702,18144,Louisiana,96858,114560,1997.0
85075,17442,101691,September,18524,19350,Louisiana,102517,121041,1997.0
88341,18610,95759,December,12704,23896,Louisiana,106951,119655,1997.0
92576,19951,90711,March,-3930,17886,Louisiana,112527,108597,1998.0
88663,20754,103799,June,19924,25542,Louisiana,109417,129341,1998.0
98181,19373,96686,September,2596,23464,Louisiana,117554,120150,1998.0
95678,20875,92735,December,-3235,20583,Louisiana,116553,113318,1998.0
98234,21965,93603,March,-3434,23162,Louisiana,120199,116765,1999.0
98646,24037,97855,June,-1188,23640,Louisiana,122683,121495,1999.0
98126,23097,103821,September,9192,26594,Louisiana,121223,130415,1999.0
99651,23439,104837,December,5804,24057,Louisiana,123090,128894,1999.0
97721,21941,101677,March,7317,25302,Louisiana,119662,126979,2000.0
95763,26338,104583,June,7128,24646,Louisiana,122101,129229,2000.0
94438,23495,95963,September,-753,21217,Louisiana,117933,117180,2000.0
97529,25254,95642,December,-1130,26011,Louisiana,122783,121653,2000.0
94388,28422,104899,March,3631,21542,Louisiana,122810,126441,2001.0
98535,23890,97461,June,-320,24644,Louisiana,122425,122105,2001.0
96508,22645,88743,September,-8113,22297,Louisiana,119153,111040,2001.0
103186,21836,85278,December,-18237,21507,Louisiana,125022,106785,2001.0
94315,22991,87860,March,-5986,23460,Louisiana,117306,111320,2002.0
88478,22216,88946,June,48,21796,Louisiana,110694,110742,2002.0
89771,19176,84807,September,-2141,21999,Louisiana,108947,106806,2002.0
88340,21973,80472,December,-6087,23754,Louisiana,110313,104226,2002.0
83639,18841,92305,March,7576,17751,Louisiana,102480,110056,2003.0
89879,19273,88968,June,873,21057,Louisiana,109152,110025,2003.0
92814,17109,91959,September,2892,20856,Louisiana,109923,112815,2003.0
85940,17790,86916,December,2955,19769,Louisiana,103730,106685,2003.0
88151,16971,94781,March,8214,18555,Louisiana,105122,113336,2004.0
88316,17535,84695,June,-2265,18891,Louisiana,105851,103586,2004.0
90540,19082,82874,September,-6428,20320,Louisiana,109622,103194,2004.0
86262,18040,93093,December,10445,21654,Louisiana,104302,114747,2004.0
86865,15136,88673,March,4910,18238,Louisiana,102001,106911,2005.0
82618,17317,97268,June,17377,20044,Louisiana,99935,117312,2005.0
130291,97914,91146,September,-117627,19432,Louisiana,228205,110578,2005.0
135446,37402,117670,December,8635,63813,Louisiana,172848,181483,2005.0
96080,15732,123272,March,41764,30304,Louisiana,111812,153576,2006.0
94887,15730,102747,June,16221,24091,Louisiana,110617,126838,2006.0
88960,18117,98983,September,13727,21821,Louisiana,107077,120804,2006.0
87830,17311,97218,December,15008,22931,Louisiana,105141,120149,2006.0
83769,17668,101583,March,21324,21178,Louisiana,101437,122761,2007.0
95003,17655,90682,June,-1215,20761,Louisiana,112658,111443,2007.0
89432,16709,86853,September,4293,23581,Louisiana,106141,110434,2007.0
86119,17955,90701,December,10449,23822,Louisiana,104074,114523,2007.0
86212,17623,87719,March,2329,18445,Louisiana,103835,106164,2008.0
92164,17861,88347,June,-2110,19568,Louisiana,110025,107915,2008.0
99749,20421,83370,September,-16161,20639,Louisiana,120170,104009,2008.0
85993,20055,101668,December,15731,20111,Louisiana,106048,121779,2008.0
98872,18770,77070,March,-22593,17979,Louisiana,117642,95049,2009.0
103059,19305,75400,June,-29250,17714,Louisiana,122364,93114,2009.0
92060,19402,78890,September,-12593,19979,Louisiana,111462,98869,2009.0
86059,17798,80655,December,-3308,19894,Louisiana,103857,100549,2009.0
82266,16659,77446,March,-3254,18225,Louisiana,98925,95671,2010.0
79539,17632,86536,June,8759,19394,Louisiana,97171,105930,2010.0
79572,18868,84026,September,5330,19744,Louisiana,98440,103770,2010.0
83819,18138,84773,December,2559,19743,Louisiana,101957,104516,2010.0
76697,15668,84614,March,11081,18832,Louisiana,92365,103446,2011.0
85261,17775,80216,June,-4537,18283,Louisiana,103036,98499,2011.0
76319,15858,90284,September,19594,21487,Louisiana,92177,111771,2011.0
80644,17146,81208,December,2967,19549,Louisiana,97790,100757,2011.0
82220,17875,98902,March,16191,17384,Louisiana,100095,116286,2012.0
84916,19243,85014,June,191,19336,Louisiana,104159,104350,2012.0
84819,18606,83087,September,-1546,18792,Louisiana,103425,101879,2012.0
73218,18752,87189,December,14905,19686,Louisiana,91970,106875,2012.0
77255,17245,88832,March,13832,19500,Louisiana,94500,108332,2013.0
83662,18947,80494,June,-3365,18750,Louisiana,102609,99244,2013.0
79299,15628,84153,September,12794,23568,Louisiana,94927,107721,2013.0
80836,16115,84022,December,8567,21496,Louisiana,96951,105518,2013.0
77755,16234,88318,March,14432,20103,Louisiana,93989,108421,2014.0
86873,15950,87978,June,3237,18082,Louisiana,102823,106060,2014.0
78246,16968,90793,September,12526,16947,Louisiana,95214,107740,2014.0
81321,13439,91020,December,15278,19018,Louisiana,94760,110038,2014.0
92815,18083,80102,March,-10999,19797,Louisiana,110898,99899,2015.0
92718,15896,86875,June,-4928,16811,Louisiana,108614,103686,2015.0
86020,14795,81222,September,-1468,18125,Louisiana,100815,99347,2015.0
88192,15128,84910,December,3313,21723,Louisiana,103320,106633,2015.0
91416,16367,79692,March,-9877,18214,Louisiana,107783,97906,2016.0
91243,19462,79343,June,-14580,16782,Louisiana,110705,96125,2016.0
86821,16886,88893,September,3713,18527,Louisiana,103707,107420,2016.0
86901,16568,76545,December,-9210,17714,Louisiana,103469,94259,2016.0
77366,15908,85060,March,9262,17476,Louisiana,93274,102536,2017.0
85270,18811,83181,June,-5225,15675,Louisiana,104081,98856,2017.0
81188,15173,80461,September,1182,17082,Louisiana,96361,97543,2017.0
79097,16451,81600,December,2968,16916,Louisiana,95548,98516,2017.0
82902,21935,81969,September,5603,28471,Louisiana,104837,110440,1992.0
81189,13888,88284,December,9552,16345,Louisiana,95077,104629,1992.0
82367,22298,77708,March,-2151,24806,Louisiana,104665,102514,1993.0
71752,21336,88269,June,19012,23831,Louisiana,93088,112100,1993.0
77884,18725,90095,September,13822,20336,Louisiana,96609,110431,1993.0
78887,15923,87844,December,11162,18128,Louisiana,94810,105972,1993.0
80950,22205,89778,March,11287,24664,Louisiana,103155,114442,1994.0
82496,21328,90050,June,8751,22525,Louisiana,103824,112575,1994.0
76425,16731,100392,September,30192,22956,Louisiana,93156,123348,1994.0
82724,20079,89592,December,7258,20469,Louisiana,102803,110061,1994.0
90212,19943,87999,March,1769,23925,Louisiana,110155,111924,1995.0
85841,21201,97796,June,11134,20380,Louisiana,107042,118176,1995.0
78899,14872,100985,September,23797,16583,Louisiana,93771,117568,1995.0
90528,17810,84506,December,-6597,17235,Louisiana,108338,101741,1995.0
85118,18332,86513,March,3450,20387,Louisiana,103450,106900,1996.0
79763,15946,94033,June,19617,21293,Louisiana,95709,115326,1996.0
82513,18503,96380,September,16462,21098,Louisiana,101016,117478,1996.0
90688,16682,89550,December,835,18655,Louisiana,107370,108205,1996.0
91276,18526,90490,March,644,19956,Louisiana,109802,110446,1997.0
82281,14577,96416,June,17702,18144,Louisiana,96858,114560,1997.0
85075,17442,101691,September,18524,19350,Louisiana,102517,121041,1997.0
88341,18610,95759,December,12704,23896,Louisiana,106951,119655,1997.0
92576,19951,90711,March,-3930,17886,Louisiana,112527,108597,1998.0
88663,20754,103799,June,19924,25542,Louisiana,109417,129341,1998.0
98181,19373,96686,September,2596,23464,Louisiana,117554,120150,1998.0
95678,20875,92735,December,-3235,20583,Louisiana,116553,113318,1998.0
98234,21965,93603,March,-3434,23162,Louisiana,120199,116765,1999.0
98646,24037,97855,June,-1188,23640,Louisiana,122683,121495,1999.0
98126,23097,103821,September,9192,26594,Louisiana,121223,130415,1999.0
99651,23439,104837,December,5804,24057,Louisiana,123090,128894,1999.0
97721,21941,101677,March,7317,25302,Louisiana,119662,126979,2000.0
95763,26338,104583,June,7128,24646,Louisiana,122101,129229,2000.0
94438,23495,95963,September,-753,21217,Louisiana,117933,117180,2000.0
97529,25254,95642,December,-1130,26011,Louisiana,122783,121653,2000.0
94388,28422,104899,March,3631,21542,Louisiana,122810,126441,2001.0
98535,23890,97461,June,-320,24644,Louisiana,122425,122105,2001.0
96508,22645,88743,September,-8113,22297,Louisiana,119153,111040,2001.0
103186,21836,85278,December,-18237,21507,Louisiana,125022,106785,2001.0
94315,22991,87860,March,-5986,23460,Louisiana,117306,111320,2002.0
88478,22216,88946,June,48,21796,Louisiana,110694,110742,2002.0
89771,19176,84807,September,-2141,21999,Louisiana,108947,106806,2002.0
88340,21973,80472,December,-6087,23754,Louisiana,110313,104226,2002.0
83639,18841,92305,March,7576,17751,Louisiana,102480,110056,2003.0
89879,19273,88968,June,873,21057,Louisiana,109152,110025,2003.0
92814,17109,91959,September,2892,20856,Louisiana,109923,112815,2003.0
85940,17790,86916,December,2955,19769,Louisiana,103730,106685,2003.0
88151,16971,94781,March,8214,18555,Louisiana,105122,113336,2004.0
88316,17535,84695,June,-2265,18891,Louisiana,105851,103586,2004.0
90540,19082,82874,September,-6428,20320,Louisiana,109622,103194,2004.0
86262,18040,93093,December,10445,21654,Louisiana,104302,114747,2004.0
86865,15136,88673,March,4910,18238,Louisiana,102001,106911,2005.0
82618,17317,97268,June,17377,20044,Louisiana,99935,117312,2005.0
130291,97914,91146,September,-117627,19432,Louisiana,228205,110578,2005.0
135446,37402,117670,December,8635,63813,Louisiana,172848,181483,2005.0
96080,15732,123272,March,41764,30304,Louisiana,111812,153576,2006.0
94887,15730,102747,June,16221,24091,Louisiana,110617,126838,2006.0
88960,18117,98983,September,13727,21821,Louisiana,107077,120804,2006.0
87830,17311,97218,December,15008,22931,Louisiana,105141,120149,2006.0
83769,17668,101583,March,21324,21178,Louisiana,101437,122761,2007.0
95003,17655,90682,June,-1215,20761,Louisiana,112658,111443,2007.0
89432,16709,86853,September,4293,23581,Louisiana,106141,110434,2007.0
86119,17955,90701,December,10449,23822,Louisiana,104074,114523,2007.0
86212,17623,87719,March,2329,18445,Louisiana,103835,106164,2008.0
92164,17861,88347,June,-2110,19568,Louisiana,110025,107915,2008.0
99749,20421,83370,September,-16161,20639,Louisiana,120170,104009,2008.0
85993,20055,101668,December,15731,20111,Louisiana,106048,121779,2008.0
98872,18770,77070,March,-22593,17979,Louisiana,117642,95049,2009.0
103059,19305,75400,June,-29250,17714,Louisiana,122364,93114,2009.0
92060,19402,78890,September,-12593,19979,Louisiana,111462,98869,2009.0
86059,17798,80655,December,-3308,19894,Louisiana,103857,100549,2009.0
82266,16659,77446,March,-3254,18225,Louisiana,98925,95671,2010.0
79539,17632,86536,June,8759,19394,Louisiana,97171,105930,2010.0
79572,18868,84026,September,5330,19744,Louisiana,98440,103770,2010.0
83819,18138,84773,December,2559,19743,Louisiana,101957,104516,2010.0
76697,15668,84614,March,11081,18832,Louisiana,92365,103446,2011.0
85261,17775,80216,June,-4537,18283,Louisiana,103036,98499,2011.0
76319,15858,90284,September,19594,21487,Louisiana,92177,111771,2011.0
80644,17146,81208,December,2967,19549,Louisiana,97790,100757,2011.0
82220,17875,98902,March,16191,17384,Louisiana,100095,116286,2012.0
84916,19243,85014,June,191,19336,Louisiana,104159,104350,2012.0
84819,18606,83087,September,-1546,18792,Louisiana,103425,101879,2012.0
73218,18752,87189,December,14905,19686,Louisiana,91970,106875,2012.0
77255,17245,88832,March,13832,19500,Louisiana,94500,108332,2013.0
83662,18947,80494,June,-3365,18750,Louisiana,102609,99244,2013.0
79299,15628,84153,September,12794,23568,Louisiana,94927,107721,2013.0
80836,16115,84022,December,8567,21496,Louisiana,96951,105518,2013.0
77755,16234,88318,March,14432,20103,Louisiana,93989,108421,2014.0
86873,15950,87978,June,3237,18082,Louisiana,102823,106060,2014.0
78246,16968,90793,September,12526,16947,Louisiana,95214,107740,2014.0
81321,13439,91020,December,15278,19018,Louisiana,94760,110038,2014.0
92815,18083,80102,March,-10999,19797,Louisiana,110898,99899,2015.0
92718,15896,86875,June,-4928,16811,Louisiana,108614,103686,2015.0
86020,14795,81222,September,-1468,18125,Louisiana,100815,99347,2015.0
88192,15128,84910,December,3313,21723,Louisiana,103320,106633,2015.0
91416,16367,79692,March,-9877,18214,Louisiana,107783,97906,2016.0
91243,19462,79343,June,-14580,16782,Louisiana,110705,96125,2016.0
86821,16886,88893,September,3713,18527,Louisiana,103707,107420,2016.0
86901,16568,76545,December,-9210,17714,Louisiana,103469,94259,2016.0
77366,15908,85060,March,9262,17476,Louisiana,93274,102536,2017.0
85270,18811,83181,June,-5225,15675,Louisiana,104081,98856,2017.0
81188,15173,80461,September,1182,17082,Louisiana,96361,97543,2017.0
79097,16451,81600,December,2968,16916,Louisiana,95548,98516,2017.0
27985,7482,32456,September,6250,9261,Maine,35467,41717,1992.0
27671,8100,28138,December,188,7821,Maine,35771,35959,1992.0
28630,11168,28282,March,-1028,10488,Maine,39798,38770,1993.0
23832,7911,27164,June,5038,9617,Maine,31743,36781,1993.0
26564,10191,31376,September,6098,11477,Maine,36755,42853,1993.0
27935,8723,27663,December,2112,11107,Maine,36658,38770,1993.0
28561,8988,30650,March,4149,11048,Maine,37549,41698,1994.0
25693,11018,28265,June,872,9318,Maine,36711,37583,1994.0
26460,10230,34164,September,9903,12429,Maine,36690,46593,1994.0
28657,8342,29470,December,1249,8778,Maine,36999,38248,1994.0
30398,7911,32127,March,3222,9404,Maine,38309,41531,1995.0
30382,7758,28215,June,-41,9884,Maine,38140,38099,1995.0
28693,12039,30957,September,304,10079,Maine,40732,41036,1995.0
31550,8435,27839,December,-2618,9528,Maine,39985,37367,1995.0
29035,8221,34095,March,5783,8944,Maine,37256,43039,1996.0
30255,9174,29343,June,-1288,8798,Maine,39429,38141,1996.0
27570,9586,32972,September,5646,9830,Maine,37156,42802,1996.0
28644,9243,30997,December,3027,9917,Maine,37887,40914,1996.0
29954,9797,33907,March,2314,8158,Maine,39751,42065,1997.0
30680,9386,30889,June,2434,11611,Maine,40066,42500,1997.0
28986,9359,33167,September,6266,11444,Maine,38345,44611,1997.0
31762,9586,31868,December,3089,12569,Maine,41348,44437,1997.0
31035,9451,34758,March,6598,12326,Maine,40486,47084,1998.0
30508,8660,30155,June,1040,10053,Maine,39168,40208,1998.0
28804,8256,35178,September,6567,8449,Maine,37060,43627,1998.0
30328,8083,31813,December,3192,9790,Maine,38411,41603,1998.0
29625,8452,34846,March,7908,11139,Maine,38077,45985,1999.0
32674,8628,31843,June,-582,8877,Maine,41302,40720,1999.0
31933,8844,33793,September,2875,9859,Maine,40777,43652,1999.0
31027,8068,33609,December,3056,8542,Maine,39095,42151,1999.0
29581,7362,38367,March,13779,12355,Maine,36943,50722,2000.0
34399,7572,31905,June,-1009,9057,Maine,41971,40962,2000.0
36852,8840,34722,September,-2885,8085,Maine,45692,42807,2000.0
32475,8050,35289,December,2714,7950,Maine,40525,43239,2000.0
34659,7645,37331,March,4544,9517,Maine,42304,46848,2001.0
33816,8315,30645,June,-2648,8838,Maine,42131,39483,2001.0
33799,10269,29337,September,-6578,8153,Maine,44068,37490,2001.0
32068,9356,28940,December,-4184,8300,Maine,41424,37240,2001.0
29730,9069,35246,March,8532,12085,Maine,38799,47331,2002.0
30876,7280,29888,June,33,8301,Maine,38156,38189,2002.0
30775,7201,27778,September,-2478,7720,Maine,37976,35498,2002.0
29673,8982,30652,December,-395,7608,Maine,38655,38260,2002.0
30279,8458,31734,March,2926,9929,Maine,38737,41663,2003.0
30727,9854,29531,June,-2757,8293,Maine,40581,37824,2003.0
29211,8302,28813,September,2974,11674,Maine,37513,40487,2003.0
29291,9629,31211,December,1285,8994,Maine,38920,40205,2003.0
30005,8134,32233,March,2546,8452,Maine,38139,40685,2004.0
33490,7211,30126,June,-1633,8942,Maine,40701,39068,2004.0
30643,9851,29350,September,-272,10872,Maine,40494,40222,2004.0
29701,8603,30804,December,3385,10885,Maine,38304,41689,2004.0
31840,10846,27750,March,-3710,11226,Maine,42686,38976,2005.0
30769,9271,29586,June,-1574,8880,Maine,40040,38466,2005.0
29672,8204,28784,September,-408,8684,Maine,37876,37468,2005.0
30357,7661,31869,December,4610,10759,Maine,38018,42628,2005.0
29252,8360,29582,March,1439,9469,Maine,37612,39051,2006.0
31178,7736,29754,June,-336,8824,Maine,38914,38578,2006.0
31760,8461,27720,September,-4017,8484,Maine,40221,36204,2006.0
28782,8281,32042,December,4614,9635,Maine,37063,41677,2006.0
30995,7501,30082,March,2824,11238,Maine,38496,41320,2007.0
30577,9909,29945,June,-2123,8418,Maine,40486,38363,2007.0
31672,8720,29201,September,-2452,8739,Maine,40392,37940,2007.0
27899,7980,31712,December,5169,9336,Maine,35879,41048,2007.0
31080,8080,29495,March,-624,9041,Maine,39160,38536,2008.0
30804,10386,29394,June,-3393,8403,Maine,41190,37797,2008.0
32345,10760,27451,September,-7434,8220,Maine,43105,35671,2008.0
33231,8073,27534,December,-2119,11651,Maine,41304,39185,2008.0
34975,8056,23584,March,-10966,8481,Maine,43031,32065,2009.0
31853,8098,27606,June,-4223,8122,Maine,39951,35728,2009.0
28855,7686,27728,September,50,8863,Maine,36541,36591,2009.0
29342,7827,27277,December,-812,9080,Maine,37169,36357,2009.0
28012,7682,24914,March,-2889,7891,Maine,35694,32805,2010.0
27903,8229,27751,June,-425,7956,Maine,36132,35707,2010.0
26696,7341,28014,September,2151,8174,Maine,34037,36188,2010.0
26720,8133,27726,December,640,7767,Maine,34853,35493,2010.0
26655,7503,25953,March,-1075,7130,Maine,34158,33083,2011.0
27908,8104,28268,June,617,8361,Maine,36012,36629,2011.0
25907,6764,28804,September,4500,8367,Maine,32671,37171,2011.0
27488,7398,26353,December,-1427,7106,Maine,34886,33459,2011.0
26686,8216,28345,March,546,7103,Maine,34902,35448,2012.0
27509,6514,29096,June,3893,8820,Maine,34023,37916,2012.0
29378,6052,26188,September,-2281,6961,Maine,35430,33149,2012.0
28494,7770,26930,December,-1862,7472,Maine,36264,34402,2012.0
27329,6892,26104,March,-1426,6691,Maine,34221,32795,2013.0
25748,5872,30262,June,7363,8721,Maine,31620,38983,2013.0
30422,5588,29529,September,873,7354,Maine,36010,36883,2013.0
28822,7807,27642,December,-2016,6971,Maine,36629,34613,2013.0
28321,6631,26930,March,-1743,6279,Maine,34952,33209,2014.0
26280,6208,30329,June,5784,7943,Maine,32488,38272,2014.0
28966,5620,26514,September,-884,7188,Maine,34586,33702,2014.0
28160,7177,29002,December,38,6373,Maine,35337,35375,2014.0
28513,6758,26400,March,-2538,6333,Maine,35271,32733,2015.0
26722,5718,31200,June,7553,8793,Maine,32440,39993,2015.0
29065,6717,26747,September,-2563,6472,Maine,35782,33219,2015.0
27792,7681,29099,December,793,7167,Maine,35473,36266,2015.0
27039,7467,29467,March,2251,7290,Maine,34506,36757,2016.0
26946,7670,30296,June,4169,8489,Maine,34616,38785,2016.0
30348,6909,26048,September,-3269,7940,Maine,37257,33988,2016.0
27827,8078,28119,December,1291,9077,Maine,35905,37196,2016.0
26197,6655,27902,March,3730,8680,Maine,32852,36582,2017.0
27980,11806,30824,June,-174,8788,Maine,39786,39612,2017.0
30543,7770,26045,September,-5324,6944,Maine,38313,32989,2017.0
26847,7433,28955,December,2030,7355,Maine,34280,36310,2017.0
27985,7482,32456,September,6250,9261,Maine,35467,41717,1992.0
27671,8100,28138,December,188,7821,Maine,35771,35959,1992.0
28630,11168,28282,March,-1028,10488,Maine,39798,38770,1993.0
23832,7911,27164,June,5038,9617,Maine,31743,36781,1993.0
26564,10191,31376,September,6098,11477,Maine,36755,42853,1993.0
27935,8723,27663,December,2112,11107,Maine,36658,38770,1993.0
28561,8988,30650,March,4149,11048,Maine,37549,41698,1994.0
25693,11018,28265,June,872,9318,Maine,36711,37583,1994.0
26460,10230,34164,September,9903,12429,Maine,36690,46593,1994.0
28657,8342,29470,December,1249,8778,Maine,36999,38248,1994.0
30398,7911,32127,March,3222,9404,Maine,38309,41531,1995.0
30382,7758,28215,June,-41,9884,Maine,38140,38099,1995.0
28693,12039,30957,September,304,10079,Maine,40732,41036,1995.0
31550,8435,27839,December,-2618,9528,Maine,39985,37367,1995.0
29035,8221,34095,March,5783,8944,Maine,37256,43039,1996.0
30255,9174,29343,June,-1288,8798,Maine,39429,38141,1996.0
27570,9586,32972,September,5646,9830,Maine,37156,42802,1996.0
28644,9243,30997,December,3027,9917,Maine,37887,40914,1996.0
29954,9797,33907,March,2314,8158,Maine,39751,42065,1997.0
30680,9386,30889,June,2434,11611,Maine,40066,42500,1997.0
28986,9359,33167,September,6266,11444,Maine,38345,44611,1997.0
31762,9586,31868,December,3089,12569,Maine,41348,44437,1997.0
31035,9451,34758,March,6598,12326,Maine,40486,47084,1998.0
30508,8660,30155,June,1040,10053,Maine,39168,40208,1998.0
28804,8256,35178,September,6567,8449,Maine,37060,43627,1998.0
30328,8083,31813,December,3192,9790,Maine,38411,41603,1998.0
29625,8452,34846,March,7908,11139,Maine,38077,45985,1999.0
32674,8628,31843,June,-582,8877,Maine,41302,40720,1999.0
31933,8844,33793,September,2875,9859,Maine,40777,43652,1999.0
31027,8068,33609,December,3056,8542,Maine,39095,42151,1999.0
29581,7362,38367,March,13779,12355,Maine,36943,50722,2000.0
34399,7572,31905,June,-1009,9057,Maine,41971,40962,2000.0
36852,8840,34722,September,-2885,8085,Maine,45692,42807,2000.0
32475,8050,35289,December,2714,7950,Maine,40525,43239,2000.0
34659,7645,37331,March,4544,9517,Maine,42304,46848,2001.0
33816,8315,30645,June,-2648,8838,Maine,42131,39483,2001.0
33799,10269,29337,September,-6578,8153,Maine,44068,37490,2001.0
32068,9356,28940,December,-4184,8300,Maine,41424,37240,2001.0
29730,9069,35246,March,8532,12085,Maine,38799,47331,2002.0
30876,7280,29888,June,33,8301,Maine,38156,38189,2002.0
30775,7201,27778,September,-2478,7720,Maine,37976,35498,2002.0
29673,8982,30652,December,-395,7608,Maine,38655,38260,2002.0
30279,8458,31734,March,2926,9929,Maine,38737,41663,2003.0
30727,9854,29531,June,-2757,8293,Maine,40581,37824,2003.0
29211,8302,28813,September,2974,11674,Maine,37513,40487,2003.0
29291,9629,31211,December,1285,8994,Maine,38920,40205,2003.0
30005,8134,32233,March,2546,8452,Maine,38139,40685,2004.0
33490,7211,30126,June,-1633,8942,Maine,40701,39068,2004.0
30643,9851,29350,September,-272,10872,Maine,40494,40222,2004.0
29701,8603,30804,December,3385,10885,Maine,38304,41689,2004.0
31840,10846,27750,March,-3710,11226,Maine,42686,38976,2005.0
30769,9271,29586,June,-1574,8880,Maine,40040,38466,2005.0
29672,8204,28784,September,-408,8684,Maine,37876,37468,2005.0
30357,7661,31869,December,4610,10759,Maine,38018,42628,2005.0
29252,8360,29582,March,1439,9469,Maine,37612,39051,2006.0
31178,7736,29754,June,-336,8824,Maine,38914,38578,2006.0
31760,8461,27720,September,-4017,8484,Maine,40221,36204,2006.0
28782,8281,32042,December,4614,9635,Maine,37063,41677,2006.0
30995,7501,30082,March,2824,11238,Maine,38496,41320,2007.0
30577,9909,29945,June,-2123,8418,Maine,40486,38363,2007.0
31672,8720,29201,September,-2452,8739,Maine,40392,37940,2007.0
27899,7980,31712,December,5169,9336,Maine,35879,41048,2007.0
31080,8080,29495,March,-624,9041,Maine,39160,38536,2008.0
30804,10386,29394,June,-3393,8403,Maine,41190,37797,2008.0
32345,10760,27451,September,-7434,8220,Maine,43105,35671,2008.0
33231,8073,27534,December,-2119,11651,Maine,41304,39185,2008.0
34975,8056,23584,March,-10966,8481,Maine,43031,32065,2009.0
31853,8098,27606,June,-4223,8122,Maine,39951,35728,2009.0
28855,7686,27728,September,50,8863,Maine,36541,36591,2009.0
29342,7827,27277,December,-812,9080,Maine,37169,36357,2009.0
28012,7682,24914,March,-2889,7891,Maine,35694,32805,2010.0
27903,8229,27751,June,-425,7956,Maine,36132,35707,2010.0
26696,7341,28014,September,2151,8174,Maine,34037,36188,2010.0
26720,8133,27726,December,640,7767,Maine,34853,35493,2010.0
26655,7503,25953,March,-1075,7130,Maine,34158,33083,2011.0
27908,8104,28268,June,617,8361,Maine,36012,36629,2011.0
25907,6764,28804,September,4500,8367,Maine,32671,37171,2011.0
27488,7398,26353,December,-1427,7106,Maine,34886,33459,2011.0
26686,8216,28345,March,546,7103,Maine,34902,35448,2012.0
27509,6514,29096,June,3893,8820,Maine,34023,37916,2012.0
29378,6052,26188,September,-2281,6961,Maine,35430,33149,2012.0
28494,7770,26930,December,-1862,7472,Maine,36264,34402,2012.0
27329,6892,26104,March,-1426,6691,Maine,34221,32795,2013.0
25748,5872,30262,June,7363,8721,Maine,31620,38983,2013.0
30422,5588,29529,September,873,7354,Maine,36010,36883,2013.0
28822,7807,27642,December,-2016,6971,Maine,36629,34613,2013.0
28321,6631,26930,March,-1743,6279,Maine,34952,33209,2014.0
26280,6208,30329,June,5784,7943,Maine,32488,38272,2014.0
28966,5620,26514,September,-884,7188,Maine,34586,33702,2014.0
28160,7177,29002,December,38,6373,Maine,35337,35375,2014.0
28513,6758,26400,March,-2538,6333,Maine,35271,32733,2015.0
26722,5718,31200,June,7553,8793,Maine,32440,39993,2015.0
29065,6717,26747,September,-2563,6472,Maine,35782,33219,2015.0
27792,7681,29099,December,793,7167,Maine,35473,36266,2015.0
27039,7467,29467,March,2251,7290,Maine,34506,36757,2016.0
26946,7670,30296,June,4169,8489,Maine,34616,38785,2016.0
30348,6909,26048,September,-3269,7940,Maine,37257,33988,2016.0
27827,8078,28119,December,1291,9077,Maine,35905,37196,2016.0
26197,6655,27902,March,3730,8680,Maine,32852,36582,2017.0
27980,11806,30824,June,-174,8788,Maine,39786,39612,2017.0
30543,7770,26045,September,-5324,6944,Maine,38313,32989,2017.0
26847,7433,28955,December,2030,7355,Maine,34280,36310,2017.0
95739,21406,93044,September,9346,33447,Maryland,117145,126491,1992.0
97508,21373,91024,December,-2348,25509,Maryland,118881,116533,1992.0
99590,21482,90206,March,-5324,25542,Maryland,121072,115748,1993.0
89439,21144,102973,June,19685,27295,Maryland,110583,130268,1993.0
94555,20195,98516,September,7674,23908,Maryland,114750,122424,1993.0
92261,22231,98048,December,11623,28067,Maryland,114492,126115,1993.0
97736,23937,100406,March,2740,24007,Maryland,121673,124413,1994.0
90546,20918,106901,June,20522,25085,Maryland,111464,131986,1994.0
95783,20486,105095,September,17435,28609,Maryland,116269,133704,1994.0
100548,23316,98670,December,-1024,24170,Maryland,123864,122840,1994.0
101936,21971,105951,March,12707,30663,Maryland,123907,136614,1995.0
104662,24691,100337,June,-129,28887,Maryland,129353,129224,1995.0
100250,25869,106117,September,7872,27874,Maryland,126119,133991,1995.0
105404,24451,106677,December,3254,26432,Maryland,129855,133109,1995.0
100994,30463,108768,March,5112,27801,Maryland,131457,136569,1996.0
103627,26309,110605,June,11782,31113,Maryland,129936,141718,1996.0
98740,23482,108591,September,14491,28122,Maryland,122222,136713,1996.0
107502,25063,109614,December,5092,28043,Maryland,132565,137657,1996.0
102022,26213,113459,March,19216,33992,Maryland,128235,147451,1997.0
105753,26862,109169,June,6972,30418,Maryland,132615,139587,1997.0
107558,27604,113331,September,9801,31632,Maryland,135162,144963,1997.0
104192,32100,120852,December,21561,37001,Maryland,136292,157853,1997.0
108927,30301,112123,March,6940,34045,Maryland,139228,146168,1998.0
110492,29853,111232,June,3164,32277,Maryland,140345,143509,1998.0
105129,27433,116490,September,17099,33171,Maryland,132562,149661,1998.0
107579,25686,118134,December,18211,33342,Maryland,133265,151476,1998.0
109798,30247,115875,March,15213,39383,Maryland,140045,155258,1999.0
105329,31534,115201,June,8729,30391,Maryland,136863,145592,1999.0
108946,32137,124303,September,15942,32722,Maryland,141083,157025,1999.0
108093,27737,129002,December,25024,31852,Maryland,135830,160854,1999.0
114179,32735,128010,March,16127,35031,Maryland,146914,163041,2000.0
114030,31599,120926,June,4094,28797,Maryland,145629,149723,2000.0
108161,35587,128103,September,17839,33484,Maryland,143748,161587,2000.0
112008,28099,119848,December,6410,26669,Maryland,140107,146517,2000.0
123842,29215,121251,March,-4154,27652,Maryland,153057,148903,2001.0
117120,31849,106891,June,-4513,37565,Maryland,148969,144456,2001.0
114124,32014,109239,September,-10336,26563,Maryland,146138,135802,2001.0
109667,27860,110714,December,7204,34017,Maryland,137527,144731,2001.0
112153,28212,116261,March,10930,35034,Maryland,140365,151295,2002.0
115587,28457,107013,June,-6057,30974,Maryland,144044,137987,2002.0
109566,28901,107747,September,-5777,24943,Maryland,138467,132690,2002.0
112263,23078,100425,December,-1962,32954,Maryland,135341,133379,2002.0
110369,29769,112523,March,2781,30396,Maryland,140138,142919,2003.0
102928,23591,112516,June,10966,24969,Maryland,126519,137485,2003.0
101696,26605,104154,September,7128,31275,Maryland,128301,135429,2003.0
105854,25318,111823,December,5999,25348,Maryland,131172,137171,2003.0
105014,27862,118060,March,13678,28494,Maryland,132876,146554,2004.0
108845,29093,111870,June,5391,31459,Maryland,137938,143329,2004.0
108334,27018,111460,September,7547,31439,Maryland,135352,142899,2004.0
106004,26967,114621,December,11364,29714,Maryland,132971,144335,2004.0
107575,28235,111899,March,5807,29718,Maryland,135810,141617,2005.0
106383,26553,111501,June,7175,28610,Maryland,132936,140111,2005.0
107808,21713,115575,September,14296,28242,Maryland,129521,143817,2005.0
110526,23301,108570,December,930,26187,Maryland,133827,134757,2005.0
104879,22648,120946,March,19392,25973,Maryland,127527,146919,2006.0
112872,24317,106832,June,-2736,27621,Maryland,137189,134453,2006.0
111775,23202,109277,September,-2549,23151,Maryland,134977,132428,2006.0
104217,23642,109434,December,7109,25534,Maryland,127859,134968,2006.0
104626,22164,110798,March,9017,25009,Maryland,126790,135807,2007.0
108771,21230,108130,June,-2266,19605,Maryland,130001,127735,2007.0
110817,26333,108077,September,768,29841,Maryland,137150,137918,2007.0
109750,26009,106210,December,-2686,26863,Maryland,135759,133073,2007.0
108828,23855,105691,March,-1110,25882,Maryland,132683,131573,2008.0
118682,26071,103810,June,-16438,24505,Maryland,144753,128315,2008.0
114128,26101,104764,September,-10797,24668,Maryland,140229,129432,2008.0
127701,28828,100791,December,-29075,26663,Maryland,156529,127454,2008.0
124204,26878,94546,March,-33565,22971,Maryland,151082,117517,2009.0
112453,25151,99730,June,-12509,25365,Maryland,137604,125095,2009.0
109813,25910,94871,September,-18667,22185,Maryland,135723,117056,2009.0
107084,23247,96734,December,-11944,21653,Maryland,130331,118387,2009.0
101617,26212,100615,March,-1355,25859,Maryland,127829,126474,2010.0
96213,21854,110304,June,19559,27322,Maryland,118067,137626,2010.0
104815,23221,101798,September,-948,25290,Maryland,128036,127088,2010.0
99958,24219,104052,December,4733,24858,Maryland,124177,128910,2010.0
95454,24081,99618,March,3883,23800,Maryland,119535,123418,2011.0
101044,26372,105688,June,3635,25363,Maryland,127416,131051,2011.0
100040,25182,105108,September,8320,28434,Maryland,125222,133542,2011.0
100489,21590,102590,December,6545,26034,Maryland,122079,128624,2011.0
94634,20844,109852,March,21063,26689,Maryland,115478,136541,2012.0
101597,20230,103301,June,6427,24953,Maryland,121827,128254,2012.0
103741,24017,104413,September,1160,24505,Maryland,127758,128918,2012.0
101547,25481,103337,December,2234,25925,Maryland,127028,129262,2012.0
96374,22454,105241,March,10357,23944,Maryland,118828,129185,2013.0
100513,24501,103768,June,1675,22921,Maryland,125014,126689,2013.0
101462,21802,100127,September,2212,25349,Maryland,123264,125476,2013.0
104741,24564,103315,December,-481,25509,Maryland,129305,128824,2013.0
98369,21547,98235,March,2125,23806,Maryland,119916,122041,2014.0
96486,22898,110205,June,16514,25693,Maryland,119384,135898,2014.0
104417,24348,106987,September,4313,26091,Maryland,128765,133078,2014.0
100717,26166,110275,December,11312,27920,Maryland,126883,138195,2014.0
105803,22921,99786,March,-4022,24916,Maryland,128724,124702,2015.0
98078,25851,118162,June,24341,30108,Maryland,123929,148270,2015.0
104032,27264,106139,September,3894,29051,Maryland,131296,135190,2015.0
97925,26385,113173,December,17419,28556,Maryland,124310,141729,2015.0
104588,23444,106291,March,3626,25367,Maryland,128032,131658,2016.0
103791,26963,110249,June,4558,25063,Maryland,130754,135312,2016.0
103168,24226,113217,September,12529,26706,Maryland,127394,139923,2016.0
104426,26923,112878,December,9420,27891,Maryland,131349,140769,2016.0
103044,23314,105292,March,5182,26248,Maryland,126358,131540,2017.0
108246,25038,112340,June,4268,25212,Maryland,133284,137552,2017.0
107407,26620,108845,September,-668,24514,Maryland,134027,133359,2017.0
107395,25239,111160,December,3214,24688,Maryland,132634,135848,2017.0
95739,21406,93044,September,9346,33447,Maryland,117145,126491,1992.0
97508,21373,91024,December,-2348,25509,Maryland,118881,116533,1992.0
99590,21482,90206,March,-5324,25542,Maryland,121072,115748,1993.0
89439,21144,102973,June,19685,27295,Maryland,110583,130268,1993.0
94555,20195,98516,September,7674,23908,Maryland,114750,122424,1993.0
92261,22231,98048,December,11623,28067,Maryland,114492,126115,1993.0
97736,23937,100406,March,2740,24007,Maryland,121673,124413,1994.0
90546,20918,106901,June,20522,25085,Maryland,111464,131986,1994.0
95783,20486,105095,September,17435,28609,Maryland,116269,133704,1994.0
100548,23316,98670,December,-1024,24170,Maryland,123864,122840,1994.0
101936,21971,105951,March,12707,30663,Maryland,123907,136614,1995.0
104662,24691,100337,June,-129,28887,Maryland,129353,129224,1995.0
100250,25869,106117,September,7872,27874,Maryland,126119,133991,1995.0
105404,24451,106677,December,3254,26432,Maryland,129855,133109,1995.0
100994,30463,108768,March,5112,27801,Maryland,131457,136569,1996.0
103627,26309,110605,June,11782,31113,Maryland,129936,141718,1996.0
98740,23482,108591,September,14491,28122,Maryland,122222,136713,1996.0
107502,25063,109614,December,5092,28043,Maryland,132565,137657,1996.0
102022,26213,113459,March,19216,33992,Maryland,128235,147451,1997.0
105753,26862,109169,June,6972,30418,Maryland,132615,139587,1997.0
107558,27604,113331,September,9801,31632,Maryland,135162,144963,1997.0
104192,32100,120852,December,21561,37001,Maryland,136292,157853,1997.0
108927,30301,112123,March,6940,34045,Maryland,139228,146168,1998.0
110492,29853,111232,June,3164,32277,Maryland,140345,143509,1998.0
105129,27433,116490,September,17099,33171,Maryland,132562,149661,1998.0
107579,25686,118134,December,18211,33342,Maryland,133265,151476,1998.0
109798,30247,115875,March,15213,39383,Maryland,140045,155258,1999.0
105329,31534,115201,June,8729,30391,Maryland,136863,145592,1999.0
108946,32137,124303,September,15942,32722,Maryland,141083,157025,1999.0
108093,27737,129002,December,25024,31852,Maryland,135830,160854,1999.0
114179,32735,128010,March,16127,35031,Maryland,146914,163041,2000.0
114030,31599,120926,June,4094,28797,Maryland,145629,149723,2000.0
108161,35587,128103,September,17839,33484,Maryland,143748,161587,2000.0
112008,28099,119848,December,6410,26669,Maryland,140107,146517,2000.0
123842,29215,121251,March,-4154,27652,Maryland,153057,148903,2001.0
117120,31849,106891,June,-4513,37565,Maryland,148969,144456,2001.0
114124,32014,109239,September,-10336,26563,Maryland,146138,135802,2001.0
109667,27860,110714,December,7204,34017,Maryland,137527,144731,2001.0
112153,28212,116261,March,10930,35034,Maryland,140365,151295,2002.0
115587,28457,107013,June,-6057,30974,Maryland,144044,137987,2002.0
109566,28901,107747,September,-5777,24943,Maryland,138467,132690,2002.0
112263,23078,100425,December,-1962,32954,Maryland,135341,133379,2002.0
110369,29769,112523,March,2781,30396,Maryland,140138,142919,2003.0
102928,23591,112516,June,10966,24969,Maryland,126519,137485,2003.0
101696,26605,104154,September,7128,31275,Maryland,128301,135429,2003.0
105854,25318,111823,December,5999,25348,Maryland,131172,137171,2003.0
105014,27862,118060,March,13678,28494,Maryland,132876,146554,2004.0
108845,29093,111870,June,5391,31459,Maryland,137938,143329,2004.0
108334,27018,111460,September,7547,31439,Maryland,135352,142899,2004.0
106004,26967,114621,December,11364,29714,Maryland,132971,144335,2004.0
107575,28235,111899,March,5807,29718,Maryland,135810,141617,2005.0
106383,26553,111501,June,7175,28610,Maryland,132936,140111,2005.0
107808,21713,115575,September,14296,28242,Maryland,129521,143817,2005.0
110526,23301,108570,December,930,26187,Maryland,133827,134757,2005.0
104879,22648,120946,March,19392,25973,Maryland,127527,146919,2006.0
112872,24317,106832,June,-2736,27621,Maryland,137189,134453,2006.0
111775,23202,109277,September,-2549,23151,Maryland,134977,132428,2006.0
104217,23642,109434,December,7109,25534,Maryland,127859,134968,2006.0
104626,22164,110798,March,9017,25009,Maryland,126790,135807,2007.0
108771,21230,108130,June,-2266,19605,Maryland,130001,127735,2007.0
110817,26333,108077,September,768,29841,Maryland,137150,137918,2007.0
109750,26009,106210,December,-2686,26863,Maryland,135759,133073,2007.0
108828,23855,105691,March,-1110,25882,Maryland,132683,131573,2008.0
118682,26071,103810,June,-16438,24505,Maryland,144753,128315,2008.0
114128,26101,104764,September,-10797,24668,Maryland,140229,129432,2008.0
127701,28828,100791,December,-29075,26663,Maryland,156529,127454,2008.0
124204,26878,94546,March,-33565,22971,Maryland,151082,117517,2009.0
112453,25151,99730,June,-12509,25365,Maryland,137604,125095,2009.0
109813,25910,94871,September,-18667,22185,Maryland,135723,117056,2009.0
107084,23247,96734,December,-11944,21653,Maryland,130331,118387,2009.0
101617,26212,100615,March,-1355,25859,Maryland,127829,126474,2010.0
96213,21854,110304,June,19559,27322,Maryland,118067,137626,2010.0
104815,23221,101798,September,-948,25290,Maryland,128036,127088,2010.0
99958,24219,104052,December,4733,24858,Maryland,124177,128910,2010.0
95454,24081,99618,March,3883,23800,Maryland,119535,123418,2011.0
101044,26372,105688,June,3635,25363,Maryland,127416,131051,2011.0
100040,25182,105108,September,8320,28434,Maryland,125222,133542,2011.0
100489,21590,102590,December,6545,26034,Maryland,122079,128624,2011.0
94634,20844,109852,March,21063,26689,Maryland,115478,136541,2012.0
101597,20230,103301,June,6427,24953,Maryland,121827,128254,2012.0
103741,24017,104413,September,1160,24505,Maryland,127758,128918,2012.0
101547,25481,103337,December,2234,25925,Maryland,127028,129262,2012.0
96374,22454,105241,March,10357,23944,Maryland,118828,129185,2013.0
100513,24501,103768,June,1675,22921,Maryland,125014,126689,2013.0
101462,21802,100127,September,2212,25349,Maryland,123264,125476,2013.0
104741,24564,103315,December,-481,25509,Maryland,129305,128824,2013.0
98369,21547,98235,March,2125,23806,Maryland,119916,122041,2014.0
96486,22898,110205,June,16514,25693,Maryland,119384,135898,2014.0
104417,24348,106987,September,4313,26091,Maryland,128765,133078,2014.0
100717,26166,110275,December,11312,27920,Maryland,126883,138195,2014.0
105803,22921,99786,March,-4022,24916,Maryland,128724,124702,2015.0
98078,25851,118162,June,24341,30108,Maryland,123929,148270,2015.0
104032,27264,106139,September,3894,29051,Maryland,131296,135190,2015.0
97925,26385,113173,December,17419,28556,Maryland,124310,141729,2015.0
104588,23444,106291,March,3626,25367,Maryland,128032,131658,2016.0
103791,26963,110249,June,4558,25063,Maryland,130754,135312,2016.0
103168,24226,113217,September,12529,26706,Maryland,127394,139923,2016.0
104426,26923,112878,December,9420,27891,Maryland,131349,140769,2016.0
103044,23314,105292,March,5182,26248,Maryland,126358,131540,2017.0
108246,25038,112340,June,4268,25212,Maryland,133284,137552,2017.0
107407,26620,108845,September,-668,24514,Maryland,134027,133359,2017.0
107395,25239,111160,December,3214,24688,Maryland,132634,135848,2017.0
118066,31859,135500,September,27529,41954,Massachusetts,149925,177454,1992.0
127226,27159,131476,December,14504,37413,Massachusetts,154385,168889,1992.0
134457,28504,139442,March,14482,38001,Massachusetts,162961,177443,1993.0
134307,31211,130854,June,-1473,33191,Massachusetts,165518,164045,1993.0
123701,27048,145945,September,35780,40584,Massachusetts,150749,186529,1993.0
128695,29971,135143,December,17740,41263,Massachusetts,158666,176406,1993.0
127023,28125,132503,March,11861,34506,Massachusetts,155148,167009,1994.0
131467,29458,133789,June,5427,32563,Massachusetts,160925,166352,1994.0
125189,28103,150130,September,35033,38195,Massachusetts,153292,188325,1994.0
142762,28243,149527,December,17923,39401,Massachusetts,171005,188928,1994.0
140816,30800,152557,March,23340,42399,Massachusetts,171616,194956,1995.0
142513,34891,136092,June,-3737,37575,Massachusetts,177404,173667,1995.0
131766,30778,154219,September,24524,32849,Massachusetts,162544,187068,1995.0
140360,34829,150906,December,12970,37253,Massachusetts,175189,188159,1995.0
141069,39407,148078,March,8603,41001,Massachusetts,180476,189079,1996.0
141711,37582,145829,June,8711,42175,Massachusetts,179293,188004,1996.0
134786,34880,153981,September,30715,46400,Massachusetts,169666,200381,1996.0
145739,34475,151966,December,11708,39956,Massachusetts,180214,191922,1996.0
132086,31192,160510,March,36914,39682,Massachusetts,163278,200192,1997.0
152596,36544,141881,June,-10793,36466,Massachusetts,189140,178347,1997.0
146471,44210,158284,September,11166,43563,Massachusetts,190681,201847,1997.0
136069,34949,165585,December,40756,46189,Massachusetts,171018,211774,1997.0
147480,39087,154107,March,11082,43542,Massachusetts,186567,197649,1998.0
148575,42347,140792,June,9327,59457,Massachusetts,190922,200249,1998.0
138473,33097,152268,September,20693,39995,Massachusetts,171570,192263,1998.0
144198,33873,155282,December,8048,30837,Massachusetts,178071,186119,1998.0
149002,40730,162382,March,18121,45471,Massachusetts,189732,207853,1999.0
144378,47142,149236,June,6682,48966,Massachusetts,191520,198202,1999.0
139415,35520,155648,September,15929,35216,Massachusetts,174935,190864,1999.0
134206,32853,163356,December,32564,36267,Massachusetts,167059,199623,1999.0
157491,36900,178367,March,22634,38658,Massachusetts,194391,217025,2000.0
152968,40128,156603,June,20,36513,Massachusetts,193096,193116,2000.0
146552,37534,167662,September,30136,46560,Massachusetts,184086,214222,2000.0
148685,33698,170702,December,28978,40659,Massachusetts,182383,211361,2000.0
165720,41988,171353,March,2314,38669,Massachusetts,207708,210022,2001.0
177749,40193,146139,June,-37977,33826,Massachusetts,217942,179965,2001.0
168220,38729,131626,September,-38520,36803,Massachusetts,206949,168429,2001.0
163113,33950,137210,December,-25346,34507,Massachusetts,197063,171717,2001.0
154199,37200,152194,March,4232,43437,Massachusetts,191399,195631,2002.0
154616,37887,136782,June,-18537,37184,Massachusetts,192503,173966,2002.0
144595,32653,129534,September,-15460,32254,Massachusetts,177248,161788,2002.0
144721,39439,141560,December,-8430,34170,Massachusetts,184160,175730,2002.0
155827,38570,135483,March,-18833,40081,Massachusetts,194397,175564,2003.0
145389,35279,132864,June,-15983,31821,Massachusetts,180668,164685,2003.0
136299,31438,131029,September,-1893,34815,Massachusetts,167737,165844,2003.0
136072,32096,131130,December,-5591,31447,Massachusetts,168168,162577,2003.0
130733,32855,141999,March,12004,33593,Massachusetts,163588,175592,2004.0
136414,32037,137276,June,258,31433,Massachusetts,168451,168709,2004.0
138535,38743,142342,September,-1268,33668,Massachusetts,177278,176010,2004.0
137903,32688,134491,December,2574,38674,Massachusetts,170591,173165,2004.0
140709,30501,132210,March,-2978,36022,Massachusetts,171210,168232,2005.0
130987,33937,143325,June,12936,34535,Massachusetts,164924,177860,2005.0
134759,31974,142403,September,5258,29588,Massachusetts,166733,171991,2005.0
135302,32642,137683,December,4567,34828,Massachusetts,167944,172511,2005.0
131276,30177,136034,March,4846,30265,Massachusetts,161453,166299,2006.0
132336,34238,142251,June,11839,36162,Massachusetts,166574,178413,2006.0
137560,30186,140833,September,3359,30272,Massachusetts,167746,171105,2006.0
129688,30372,141259,December,11246,30047,Massachusetts,160060,171306,2006.0
132722,28955,132710,March,3525,32492,Massachusetts,161677,165202,2007.0
129732,28038,145292,June,18864,31342,Massachusetts,157770,176634,2007.0
141775,33257,134947,September,-5343,34742,Massachusetts,175032,169689,2007.0
134000,33170,137516,December,1250,30904,Massachusetts,167170,168420,2007.0
129415,27786,134269,March,10788,33720,Massachusetts,157201,167989,2008.0
137369,28525,138261,June,3216,30849,Massachusetts,165894,169110,2008.0
143298,30234,128173,September,-16749,28610,Massachusetts,173532,156783,2008.0
159599,33866,122215,December,-41218,30032,Massachusetts,193465,152247,2008.0
155209,29654,102826,March,-56673,25364,Massachusetts,184863,128190,2009.0
144320,28780,120999,June,-22363,29738,Massachusetts,173100,150737,2009.0
130519,28207,121662,September,-8936,28128,Massachusetts,158726,149790,2009.0
132689,29108,120928,December,-12324,28545,Massachusetts,161797,149473,2009.0
122523,28970,127503,March,11761,35751,Massachusetts,151493,163254,2010.0
116817,22392,129313,June,19476,29372,Massachusetts,139209,158685,2010.0
124088,29197,130879,September,5899,28305,Massachusetts,153285,159184,2010.0
120503,29829,131868,December,12828,31292,Massachusetts,150332,163160,2010.0
117175,27225,121707,March,5096,27789,Massachusetts,144400,149496,2011.0
120373,27986,130126,June,13970,32203,Massachusetts,148359,162329,2011.0
118301,29085,138406,September,30492,39472,Massachusetts,147386,177878,2011.0
123293,28814,123131,December,-274,28702,Massachusetts,152107,151833,2011.0
116049,23943,128901,March,20385,31476,Massachusetts,139992,160377,2012.0
114105,26637,134486,June,25308,31564,Massachusetts,140742,166050,2012.0
130039,26023,123288,September,-1754,31020,Massachusetts,156062,154308,2012.0
122243,28794,123612,December,4512,31937,Massachusetts,151037,155549,2012.0
116554,25540,127101,March,13447,28440,Massachusetts,142094,155541,2013.0
118756,25098,139258,June,29252,33848,Massachusetts,143854,173106,2013.0
130386,26902,126046,September,1850,33092,Massachusetts,157288,159138,2013.0
122661,30686,126700,December,1384,28031,Massachusetts,153347,154731,2013.0
120674,28324,127021,March,9815,31792,Massachusetts,148998,158813,2014.0
121450,31192,144638,June,30069,38073,Massachusetts,152642,182711,2014.0
130553,28043,134968,September,9991,33619,Massachusetts,158596,168587,2014.0
122008,31666,139401,December,24746,39019,Massachusetts,153674,178420,2014.0
133143,29285,128151,March,-2205,32072,Massachusetts,162428,160223,2015.0
124151,27888,153717,June,38098,36420,Massachusetts,152039,190137,2015.0
138313,28978,133384,September,-3376,30531,Massachusetts,167291,163915,2015.0
126314,30137,141879,December,20684,35256,Massachusetts,156451,177135,2015.0
126469,28007,135826,March,9508,28158,Massachusetts,154476,163984,2016.0
128482,30642,146164,June,23704,36664,Massachusetts,159124,182828,2016.0
135698,31717,141634,September,7148,32929,Massachusetts,167415,174563,2016.0
135183,30697,137904,December,5312,33288,Massachusetts,165880,171192,2016.0
128860,28079,133131,March,11688,35496,Massachusetts,156939,168627,2017.0
131318,30430,155445,June,28924,35227,Massachusetts,161748,190672,2017.0
144329,30402,136902,September,-5065,32764,Massachusetts,174731,169666,2017.0
138765,33017,140787,December,7613,38608,Massachusetts,171782,179395,2017.0
118066,31859,135500,September,27529,41954,Massachusetts,149925,177454,1992.0
127226,27159,131476,December,14504,37413,Massachusetts,154385,168889,1992.0
134457,28504,139442,March,14482,38001,Massachusetts,162961,177443,1993.0
134307,31211,130854,June,-1473,33191,Massachusetts,165518,164045,1993.0
123701,27048,145945,September,35780,40584,Massachusetts,150749,186529,1993.0
128695,29971,135143,December,17740,41263,Massachusetts,158666,176406,1993.0
127023,28125,132503,March,11861,34506,Massachusetts,155148,167009,1994.0
131467,29458,133789,June,5427,32563,Massachusetts,160925,166352,1994.0
125189,28103,150130,September,35033,38195,Massachusetts,153292,188325,1994.0
142762,28243,149527,December,17923,39401,Massachusetts,171005,188928,1994.0
140816,30800,152557,March,23340,42399,Massachusetts,171616,194956,1995.0
142513,34891,136092,June,-3737,37575,Massachusetts,177404,173667,1995.0
131766,30778,154219,September,24524,32849,Massachusetts,162544,187068,1995.0
140360,34829,150906,December,12970,37253,Massachusetts,175189,188159,1995.0
141069,39407,148078,March,8603,41001,Massachusetts,180476,189079,1996.0
141711,37582,145829,June,8711,42175,Massachusetts,179293,188004,1996.0
134786,34880,153981,September,30715,46400,Massachusetts,169666,200381,1996.0
145739,34475,151966,December,11708,39956,Massachusetts,180214,191922,1996.0
132086,31192,160510,March,36914,39682,Massachusetts,163278,200192,1997.0
152596,36544,141881,June,-10793,36466,Massachusetts,189140,178347,1997.0
146471,44210,158284,September,11166,43563,Massachusetts,190681,201847,1997.0
136069,34949,165585,December,40756,46189,Massachusetts,171018,211774,1997.0
147480,39087,154107,March,11082,43542,Massachusetts,186567,197649,1998.0
148575,42347,140792,June,9327,59457,Massachusetts,190922,200249,1998.0
138473,33097,152268,September,20693,39995,Massachusetts,171570,192263,1998.0
144198,33873,155282,December,8048,30837,Massachusetts,178071,186119,1998.0
149002,40730,162382,March,18121,45471,Massachusetts,189732,207853,1999.0
144378,47142,149236,June,6682,48966,Massachusetts,191520,198202,1999.0
139415,35520,155648,September,15929,35216,Massachusetts,174935,190864,1999.0
134206,32853,163356,December,32564,36267,Massachusetts,167059,199623,1999.0
157491,36900,178367,March,22634,38658,Massachusetts,194391,217025,2000.0
152968,40128,156603,June,20,36513,Massachusetts,193096,193116,2000.0
146552,37534,167662,September,30136,46560,Massachusetts,184086,214222,2000.0
148685,33698,170702,December,28978,40659,Massachusetts,182383,211361,2000.0
165720,41988,171353,March,2314,38669,Massachusetts,207708,210022,2001.0
177749,40193,146139,June,-37977,33826,Massachusetts,217942,179965,2001.0
168220,38729,131626,September,-38520,36803,Massachusetts,206949,168429,2001.0
163113,33950,137210,December,-25346,34507,Massachusetts,197063,171717,2001.0
154199,37200,152194,March,4232,43437,Massachusetts,191399,195631,2002.0
154616,37887,136782,June,-18537,37184,Massachusetts,192503,173966,2002.0
144595,32653,129534,September,-15460,32254,Massachusetts,177248,161788,2002.0
144721,39439,141560,December,-8430,34170,Massachusetts,184160,175730,2002.0
155827,38570,135483,March,-18833,40081,Massachusetts,194397,175564,2003.0
145389,35279,132864,June,-15983,31821,Massachusetts,180668,164685,2003.0
136299,31438,131029,September,-1893,34815,Massachusetts,167737,165844,2003.0
136072,32096,131130,December,-5591,31447,Massachusetts,168168,162577,2003.0
130733,32855,141999,March,12004,33593,Massachusetts,163588,175592,2004.0
136414,32037,137276,June,258,31433,Massachusetts,168451,168709,2004.0
138535,38743,142342,September,-1268,33668,Massachusetts,177278,176010,2004.0
137903,32688,134491,December,2574,38674,Massachusetts,170591,173165,2004.0
140709,30501,132210,March,-2978,36022,Massachusetts,171210,168232,2005.0
130987,33937,143325,June,12936,34535,Massachusetts,164924,177860,2005.0
134759,31974,142403,September,5258,29588,Massachusetts,166733,171991,2005.0
135302,32642,137683,December,4567,34828,Massachusetts,167944,172511,2005.0
131276,30177,136034,March,4846,30265,Massachusetts,161453,166299,2006.0
132336,34238,142251,June,11839,36162,Massachusetts,166574,178413,2006.0
137560,30186,140833,September,3359,30272,Massachusetts,167746,171105,2006.0
129688,30372,141259,December,11246,30047,Massachusetts,160060,171306,2006.0
132722,28955,132710,March,3525,32492,Massachusetts,161677,165202,2007.0
129732,28038,145292,June,18864,31342,Massachusetts,157770,176634,2007.0
141775,33257,134947,September,-5343,34742,Massachusetts,175032,169689,2007.0
134000,33170,137516,December,1250,30904,Massachusetts,167170,168420,2007.0
129415,27786,134269,March,10788,33720,Massachusetts,157201,167989,2008.0
137369,28525,138261,June,3216,30849,Massachusetts,165894,169110,2008.0
143298,30234,128173,September,-16749,28610,Massachusetts,173532,156783,2008.0
159599,33866,122215,December,-41218,30032,Massachusetts,193465,152247,2008.0
155209,29654,102826,March,-56673,25364,Massachusetts,184863,128190,2009.0
144320,28780,120999,June,-22363,29738,Massachusetts,173100,150737,2009.0
130519,28207,121662,September,-8936,28128,Massachusetts,158726,149790,2009.0
132689,29108,120928,December,-12324,28545,Massachusetts,161797,149473,2009.0
122523,28970,127503,March,11761,35751,Massachusetts,151493,163254,2010.0
116817,22392,129313,June,19476,29372,Massachusetts,139209,158685,2010.0
124088,29197,130879,September,5899,28305,Massachusetts,153285,159184,2010.0
120503,29829,131868,December,12828,31292,Massachusetts,150332,163160,2010.0
117175,27225,121707,March,5096,27789,Massachusetts,144400,149496,2011.0
120373,27986,130126,June,13970,32203,Massachusetts,148359,162329,2011.0
118301,29085,138406,September,30492,39472,Massachusetts,147386,177878,2011.0
123293,28814,123131,December,-274,28702,Massachusetts,152107,151833,2011.0
116049,23943,128901,March,20385,31476,Massachusetts,139992,160377,2012.0
114105,26637,134486,June,25308,31564,Massachusetts,140742,166050,2012.0
130039,26023,123288,September,-1754,31020,Massachusetts,156062,154308,2012.0
122243,28794,123612,December,4512,31937,Massachusetts,151037,155549,2012.0
116554,25540,127101,March,13447,28440,Massachusetts,142094,155541,2013.0
118756,25098,139258,June,29252,33848,Massachusetts,143854,173106,2013.0
130386,26902,126046,September,1850,33092,Massachusetts,157288,159138,2013.0
122661,30686,126700,December,1384,28031,Massachusetts,153347,154731,2013.0
120674,28324,127021,March,9815,31792,Massachusetts,148998,158813,2014.0
121450,31192,144638,June,30069,38073,Massachusetts,152642,182711,2014.0
130553,28043,134968,September,9991,33619,Massachusetts,158596,168587,2014.0
122008,31666,139401,December,24746,39019,Massachusetts,153674,178420,2014.0
133143,29285,128151,March,-2205,32072,Massachusetts,162428,160223,2015.0
124151,27888,153717,June,38098,36420,Massachusetts,152039,190137,2015.0
138313,28978,133384,September,-3376,30531,Massachusetts,167291,163915,2015.0
126314,30137,141879,December,20684,35256,Massachusetts,156451,177135,2015.0
126469,28007,135826,March,9508,28158,Massachusetts,154476,163984,2016.0
128482,30642,146164,June,23704,36664,Massachusetts,159124,182828,2016.0
135698,31717,141634,September,7148,32929,Massachusetts,167415,174563,2016.0
135183,30697,137904,December,5312,33288,Massachusetts,165880,171192,2016.0
128860,28079,133131,March,11688,35496,Massachusetts,156939,168627,2017.0
131318,30430,155445,June,28924,35227,Massachusetts,161748,190672,2017.0
144329,30402,136902,September,-5065,32764,Massachusetts,174731,169666,2017.0
138765,33017,140787,December,7613,38608,Massachusetts,171782,179395,2017.0
169520,43050,205727,September,45359,52202,Michigan,212570,257929,1992.0
180807,51582,177087,December,4867,60169,Michigan,232389,237256,1992.0
186380,52250,186117,March,7114,59627,Michigan,238630,245744,1993.0
178550,54788,188683,June,13061,57716,Michigan,233338,246399,1993.0
174571,46671,208116,September,49548,62674,Michigan,221242,270790,1993.0
170262,47280,207648,December,48598,58492,Michigan,217542,266140,1993.0
167728,58875,217868,March,47230,55965,Michigan,226603,273833,1994.0
186818,61537,198069,June,13021,63307,Michigan,248355,261376,1994.0
172245,39389,222398,September,83800,73036,Michigan,211634,295434,1994.0
183369,55622,206491,December,20705,53205,Michigan,238991,259696,1994.0
185798,60195,221853,March,53236,77376,Michigan,245993,299229,1995.0
197392,84586,200797,June,-13197,67984,Michigan,281978,268781,1995.0
195449,51026,211491,September,38275,73259,Michigan,246475,284750,1995.0
193174,57131,215705,December,29236,63836,Michigan,250305,279541,1995.0
216922,55746,218773,March,22626,76521,Michigan,272668,295294,1996.0
210435,74620,217498,June,-8709,58848,Michigan,285055,276346,1996.0
200717,43086,215279,September,38140,66664,Michigan,243803,281943,1996.0
191182,62009,224323,December,32064,60932,Michigan,253191,285255,1996.0
197669,67650,229239,March,38723,74803,Michigan,265319,304042,1997.0
215274,83467,206413,June,-29542,62786,Michigan,298741,269199,1997.0
214430,67644,237849,September,32805,77030,Michigan,282074,314879,1997.0
200216,136193,236628,December,-8635,91146,Michigan,336409,327774,1997.0
213404,89261,239760,March,75381,138286,Michigan,302665,378046,1998.0
221150,76970,203647,June,-21433,73040,Michigan,298120,276687,1998.0
211836,101508,223220,September,-14822,75302,Michigan,313344,298522,1998.0
191492,69503,229006,December,38536,70525,Michigan,260995,299531,1998.0
209003,87137,224738,March,8643,80045,Michigan,296140,304783,1999.0
221085,63133,218454,June,25597,91361,Michigan,284218,309815,1999.0
215134,69800,216259,September,9835,78510,Michigan,284934,294769,1999.0
199562,60724,238515,December,55367,77138,Michigan,260286,315653,1999.0
220459,58119,245657,March,40678,73599,Michigan,278578,319256,2000.0
232415,63176,225316,June,-2855,67420,Michigan,295591,292736,2000.0
233906,66220,208248,September,-24086,67792,Michigan,300126,276040,2000.0
223476,66762,221587,December,-3247,65404,Michigan,290238,286991,2000.0
241359,89708,232756,March,-39055,59256,Michigan,331067,292012,2001.0
234811,63915,194091,June,-47624,57011,Michigan,298726,251102,2001.0
236314,71766,185651,September,-40541,81888,Michigan,308080,267539,2001.0
225366,60960,188242,December,-37344,60740,Michigan,286326,248982,2001.0
223153,65647,217100,March,-2018,69682,Michigan,288800,286782,2002.0
211991,61703,204208,June,-8005,61481,Michigan,273694,265689,2002.0
201916,63917,197966,September,-7169,60698,Michigan,265833,258664,2002.0
206971,63202,190610,December,-19188,60375,Michigan,270173,250985,2002.0
223404,64131,194079,March,-33165,60291,Michigan,287535,254370,2003.0
205774,46556,189405,June,-7404,55521,Michigan,252330,244926,2003.0
193948,59012,192764,September,-14282,45914,Michigan,252960,238678,2003.0
193120,50464,187653,December,5304,61235,Michigan,243584,248888,2003.0
206791,64219,194087,March,-14439,62484,Michigan,271010,256571,2004.0
190012,49032,194680,June,10441,54805,Michigan,239044,249485,2004.0
188204,60311,205268,September,7280,50527,Michigan,248515,255795,2004.0
195601,49252,188547,December,-970,55336,Michigan,244853,243883,2004.0
201012,59967,196632,March,-8002,56345,Michigan,260979,252977,2005.0
199995,50338,193100,June,3552,60785,Michigan,250333,253885,2005.0
188695,55641,200884,September,8355,51807,Michigan,244336,252691,2005.0
201318,49096,182738,December,-19169,48507,Michigan,250414,231245,2005.0
199691,50219,179103,March,-21837,48970,Michigan,249910,228073,2006.0
194275,45151,186831,June,-1990,50605,Michigan,239426,237436,2006.0
205820,45569,181702,September,-24909,44778,Michigan,251389,226480,2006.0
204238,47152,180662,December,-22405,48323,Michigan,251390,228985,2006.0
191829,48955,189592,March,-8729,42463,Michigan,240784,232055,2007.0
187238,45268,188171,June,228,44563,Michigan,232506,232734,2007.0
192394,51308,179238,September,-18747,45717,Michigan,243702,224955,2007.0
191691,45729,183486,December,-7673,46261,Michigan,237420,229747,2007.0
197409,52593,169729,March,-35672,44601,Michigan,250002,214330,2008.0
195022,49827,174952,June,-23483,46414,Michigan,244849,221366,2008.0
212125,48405,159601,September,-59348,41581,Michigan,260530,201182,2008.0
239476,50792,160804,December,-86861,42603,Michigan,290268,203407,2008.0
239669,58895,136563,March,-129622,32379,Michigan,298564,168942,2009.0
255989,41379,149832,June,-95099,52437,Michigan,297368,202269,2009.0
167934,48018,191229,September,11019,35742,Michigan,215952,226971,2009.0
172799,48416,169502,December,-6598,45115,Michigan,221215,214617,2009.0
161218,40738,150406,March,-16181,35369,Michigan,201956,185775,2010.0
142306,38483,177460,June,37520,40849,Michigan,180789,218309,2010.0
142310,43423,180032,September,31475,37176,Michigan,185733,217208,2010.0
161264,43260,167527,December,4959,41956,Michigan,204524,209483,2010.0
141926,39699,167541,March,23279,37363,Michigan,181625,204904,2011.0
157329,37755,173593,June,22044,43535,Michigan,195084,217128,2011.0
146111,37740,185516,September,46482,44817,Michigan,183851,230333,2011.0
155353,39463,163843,December,6028,37001,Michigan,194816,200844,2011.0
140012,33949,168744,March,32398,37615,Michigan,173961,206359,2012.0
156064,35581,169724,June,12695,34616,Michigan,191645,204340,2012.0
159434,34764,166886,September,14588,41900,Michigan,194198,208786,2012.0
148588,34614,170159,December,20820,33863,Michigan,183202,204022,2012.0
147648,26070,172462,March,37672,38928,Michigan,173718,211390,2013.0
155660,40372,183508,June,18494,31018,Michigan,196032,214526,2013.0
161483,36710,173071,September,9863,34985,Michigan,198193,208056,2013.0
160308,33051,175442,December,16102,34019,Michigan,193359,209461,2013.0
154745,25302,156669,March,12584,35962,Michigan,180047,192631,2014.0
159306,31491,190816,June,34924,34905,Michigan,190797,225721,2014.0
167422,36288,161231,September,-12075,30404,Michigan,203710,191635,2014.0
153840,32448,185511,December,33627,34404,Michigan,186288,219915,2014.0
158828,28006,157539,March,1280,30575,Michigan,186834,188114,2015.0
159065,29218,192490,June,30631,26424,Michigan,188283,218914,2015.0
168824,33974,163796,September,-8154,30848,Michigan,202798,194644,2015.0
158784,33182,183398,December,26852,35420,Michigan,191966,218818,2015.0
157662,21871,161849,March,14453,32137,Michigan,179533,193986,2016.0
164324,31679,191925,June,21899,25977,Michigan,196003,217902,2016.0
168250,34015,174993,September,6194,33466,Michigan,202265,208459,2016.0
166979,33159,173527,December,4582,31193,Michigan,200138,204720,2016.0
161789,22625,176452,March,26681,34643,Michigan,184414,211095,2017.0
164662,34038,190567,June,15907,24040,Michigan,198700,214607,2017.0
180967,40420,164422,September,-24644,32321,Michigan,221387,196743,2017.0
166726,37707,176755,December,4568,32246,Michigan,204433,209001,2017.0
169520,43050,205727,September,45359,52202,Michigan,212570,257929,1992.0
180807,51582,177087,December,4867,60169,Michigan,232389,237256,1992.0
186380,52250,186117,March,7114,59627,Michigan,238630,245744,1993.0
178550,54788,188683,June,13061,57716,Michigan,233338,246399,1993.0
174571,46671,208116,September,49548,62674,Michigan,221242,270790,1993.0
170262,47280,207648,December,48598,58492,Michigan,217542,266140,1993.0
167728,58875,217868,March,47230,55965,Michigan,226603,273833,1994.0
186818,61537,198069,June,13021,63307,Michigan,248355,261376,1994.0
172245,39389,222398,September,83800,73036,Michigan,211634,295434,1994.0
183369,55622,206491,December,20705,53205,Michigan,238991,259696,1994.0
185798,60195,221853,March,53236,77376,Michigan,245993,299229,1995.0
197392,84586,200797,June,-13197,67984,Michigan,281978,268781,1995.0
195449,51026,211491,September,38275,73259,Michigan,246475,284750,1995.0
193174,57131,215705,December,29236,63836,Michigan,250305,279541,1995.0
216922,55746,218773,March,22626,76521,Michigan,272668,295294,1996.0
210435,74620,217498,June,-8709,58848,Michigan,285055,276346,1996.0
200717,43086,215279,September,38140,66664,Michigan,243803,281943,1996.0
191182,62009,224323,December,32064,60932,Michigan,253191,285255,1996.0
197669,67650,229239,March,38723,74803,Michigan,265319,304042,1997.0
215274,83467,206413,June,-29542,62786,Michigan,298741,269199,1997.0
214430,67644,237849,September,32805,77030,Michigan,282074,314879,1997.0
200216,136193,236628,December,-8635,91146,Michigan,336409,327774,1997.0
213404,89261,239760,March,75381,138286,Michigan,302665,378046,1998.0
221150,76970,203647,June,-21433,73040,Michigan,298120,276687,1998.0
211836,101508,223220,September,-14822,75302,Michigan,313344,298522,1998.0
191492,69503,229006,December,38536,70525,Michigan,260995,299531,1998.0
209003,87137,224738,March,8643,80045,Michigan,296140,304783,1999.0
221085,63133,218454,June,25597,91361,Michigan,284218,309815,1999.0
215134,69800,216259,September,9835,78510,Michigan,284934,294769,1999.0
199562,60724,238515,December,55367,77138,Michigan,260286,315653,1999.0
220459,58119,245657,March,40678,73599,Michigan,278578,319256,2000.0
232415,63176,225316,June,-2855,67420,Michigan,295591,292736,2000.0
233906,66220,208248,September,-24086,67792,Michigan,300126,276040,2000.0
223476,66762,221587,December,-3247,65404,Michigan,290238,286991,2000.0
241359,89708,232756,March,-39055,59256,Michigan,331067,292012,2001.0
234811,63915,194091,June,-47624,57011,Michigan,298726,251102,2001.0
236314,71766,185651,September,-40541,81888,Michigan,308080,267539,2001.0
225366,60960,188242,December,-37344,60740,Michigan,286326,248982,2001.0
223153,65647,217100,March,-2018,69682,Michigan,288800,286782,2002.0
211991,61703,204208,June,-8005,61481,Michigan,273694,265689,2002.0
201916,63917,197966,September,-7169,60698,Michigan,265833,258664,2002.0
206971,63202,190610,December,-19188,60375,Michigan,270173,250985,2002.0
223404,64131,194079,March,-33165,60291,Michigan,287535,254370,2003.0
205774,46556,189405,June,-7404,55521,Michigan,252330,244926,2003.0
193948,59012,192764,September,-14282,45914,Michigan,252960,238678,2003.0
193120,50464,187653,December,5304,61235,Michigan,243584,248888,2003.0
206791,64219,194087,March,-14439,62484,Michigan,271010,256571,2004.0
190012,49032,194680,June,10441,54805,Michigan,239044,249485,2004.0
188204,60311,205268,September,7280,50527,Michigan,248515,255795,2004.0
195601,49252,188547,December,-970,55336,Michigan,244853,243883,2004.0
201012,59967,196632,March,-8002,56345,Michigan,260979,252977,2005.0
199995,50338,193100,June,3552,60785,Michigan,250333,253885,2005.0
188695,55641,200884,September,8355,51807,Michigan,244336,252691,2005.0
201318,49096,182738,December,-19169,48507,Michigan,250414,231245,2005.0
199691,50219,179103,March,-21837,48970,Michigan,249910,228073,2006.0
194275,45151,186831,June,-1990,50605,Michigan,239426,237436,2006.0
205820,45569,181702,September,-24909,44778,Michigan,251389,226480,2006.0
204238,47152,180662,December,-22405,48323,Michigan,251390,228985,2006.0
191829,48955,189592,March,-8729,42463,Michigan,240784,232055,2007.0
187238,45268,188171,June,228,44563,Michigan,232506,232734,2007.0
192394,51308,179238,September,-18747,45717,Michigan,243702,224955,2007.0
191691,45729,183486,December,-7673,46261,Michigan,237420,229747,2007.0
197409,52593,169729,March,-35672,44601,Michigan,250002,214330,2008.0
195022,49827,174952,June,-23483,46414,Michigan,244849,221366,2008.0
212125,48405,159601,September,-59348,41581,Michigan,260530,201182,2008.0
239476,50792,160804,December,-86861,42603,Michigan,290268,203407,2008.0
239669,58895,136563,March,-129622,32379,Michigan,298564,168942,2009.0
255989,41379,149832,June,-95099,52437,Michigan,297368,202269,2009.0
167934,48018,191229,September,11019,35742,Michigan,215952,226971,2009.0
172799,48416,169502,December,-6598,45115,Michigan,221215,214617,2009.0
161218,40738,150406,March,-16181,35369,Michigan,201956,185775,2010.0
142306,38483,177460,June,37520,40849,Michigan,180789,218309,2010.0
142310,43423,180032,September,31475,37176,Michigan,185733,217208,2010.0
161264,43260,167527,December,4959,41956,Michigan,204524,209483,2010.0
141926,39699,167541,March,23279,37363,Michigan,181625,204904,2011.0
157329,37755,173593,June,22044,43535,Michigan,195084,217128,2011.0
146111,37740,185516,September,46482,44817,Michigan,183851,230333,2011.0
155353,39463,163843,December,6028,37001,Michigan,194816,200844,2011.0
140012,33949,168744,March,32398,37615,Michigan,173961,206359,2012.0
156064,35581,169724,June,12695,34616,Michigan,191645,204340,2012.0
159434,34764,166886,September,14588,41900,Michigan,194198,208786,2012.0
148588,34614,170159,December,20820,33863,Michigan,183202,204022,2012.0
147648,26070,172462,March,37672,38928,Michigan,173718,211390,2013.0
155660,40372,183508,June,18494,31018,Michigan,196032,214526,2013.0
161483,36710,173071,September,9863,34985,Michigan,198193,208056,2013.0
160308,33051,175442,December,16102,34019,Michigan,193359,209461,2013.0
154745,25302,156669,March,12584,35962,Michigan,180047,192631,2014.0
159306,31491,190816,June,34924,34905,Michigan,190797,225721,2014.0
167422,36288,161231,September,-12075,30404,Michigan,203710,191635,2014.0
153840,32448,185511,December,33627,34404,Michigan,186288,219915,2014.0
158828,28006,157539,March,1280,30575,Michigan,186834,188114,2015.0
159065,29218,192490,June,30631,26424,Michigan,188283,218914,2015.0
168824,33974,163796,September,-8154,30848,Michigan,202798,194644,2015.0
158784,33182,183398,December,26852,35420,Michigan,191966,218818,2015.0
157662,21871,161849,March,14453,32137,Michigan,179533,193986,2016.0
164324,31679,191925,June,21899,25977,Michigan,196003,217902,2016.0
168250,34015,174993,September,6194,33466,Michigan,202265,208459,2016.0
166979,33159,173527,December,4582,31193,Michigan,200138,204720,2016.0
161789,22625,176452,March,26681,34643,Michigan,184414,211095,2017.0
164662,34038,190567,June,15907,24040,Michigan,198700,214607,2017.0
180967,40420,164422,September,-24644,32321,Michigan,221387,196743,2017.0
166726,37707,176755,December,4568,32246,Michigan,204433,209001,2017.0
98234,59526,120830,September,26497,63427,Minnesota,157760,184257,1992.0
102903,26027,111008,December,11590,29512,Minnesota,128930,140520,1992.0
101654,21576,108479,March,16343,31094,Minnesota,123230,139573,1993.0
104422,27554,103058,June,-2211,26707,Minnesota,131976,129765,1993.0
97230,27832,125007,September,26929,26984,Minnesota,125062,151991,1993.0
106458,24765,116603,December,21653,36273,Minnesota,131223,152876,1993.0
105154,26199,119385,March,23168,35136,Minnesota,131353,154521,1994.0
103324,34761,113344,June,5142,29883,Minnesota,138085,143227,1994.0
102310,41735,126213,September,16064,33896,Minnesota,144045,160109,1994.0
109397,29771,118024,December,24628,45772,Minnesota,139168,163796,1994.0
103082,37135,130373,March,35932,45776,Minnesota,140217,176149,1995.0
115884,32213,109242,June,-5682,33173,Minnesota,148097,142415,1995.0
105745,50723,119466,September,-5495,31507,Minnesota,156468,150973,1995.0
105170,34525,116874,December,41277,64098,Minnesota,139695,180972,1995.0
109040,36066,125564,March,22227,41769,Minnesota,145106,167333,1996.0
123682,28749,111477,June,-2265,38689,Minnesota,152431,150166,1996.0
112243,34170,124140,September,13886,36159,Minnesota,146413,160299,1996.0
111563,33169,127806,December,15979,32905,Minnesota,144732,160711,1996.0
112452,35831,126699,March,16685,38269,Minnesota,148283,164968,1997.0
117155,36002,118349,June,3004,37812,Minnesota,153157,156161,1997.0
111989,35899,136826,September,37061,48123,Minnesota,147888,184949,1997.0
116415,31049,126506,December,19579,40537,Minnesota,147464,167043,1997.0
110362,41906,142588,March,27154,36834,Minnesota,152268,179422,1998.0
126557,37360,118768,June,1824,46973,Minnesota,163917,165741,1998.0
113052,30177,120683,September,13097,35643,Minnesota,143229,156326,1998.0
108541,35612,126512,December,13296,30937,Minnesota,144153,157449,1998.0
114032,32881,127231,March,13412,33094,Minnesota,146913,160325,1999.0
113229,28695,121956,June,14168,34136,Minnesota,141924,156092,1999.0
116431,29907,128911,September,10824,28251,Minnesota,146338,157162,1999.0
111629,32505,134796,December,24321,33659,Minnesota,144134,168455,1999.0
121743,34332,130723,March,17255,42607,Minnesota,156075,173330,2000.0
124406,27912,123950,June,5527,33895,Minnesota,152318,157845,2000.0
122745,35107,124480,September,6990,40362,Minnesota,157852,164842,2000.0
118492,32528,124175,December,17281,44126,Minnesota,151020,168301,2000.0
126857,47696,128725,March,-11005,34823,Minnesota,174553,163548,2001.0
146571,31692,117880,June,-31148,29235,Minnesota,178263,147115,2001.0
135678,33061,119947,September,-16057,32735,Minnesota,168739,152682,2001.0
128236,43140,114402,December,-11761,45213,Minnesota,171376,159615,2001.0
128426,35241,122118,March,-944,40605,Minnesota,163667,162723,2002.0
126151,34945,118231,June,-4338,38527,Minnesota,161096,156758,2002.0
118092,23528,117445,September,5609,29784,Minnesota,141620,147229,2002.0
115532,30620,114821,December,-4233,27098,Minnesota,146152,141919,2002.0
125692,28435,112711,March,-6966,34450,Minnesota,154127,147161,2003.0
119784,32040,114561,June,1690,38953,Minnesota,151824,153514,2003.0
115575,28220,112303,September,-1663,29829,Minnesota,143795,142132,2003.0
111628,33335,114319,December,-1347,29297,Minnesota,144963,143616,2003.0
115634,30995,114979,March,302,31952,Minnesota,146629,146931,2004.0
99151,25729,122764,June,32665,34781,Minnesota,124880,157545,2004.0
117819,38797,112175,September,-6407,38034,Minnesota,156616,150209,2004.0
107914,26258,119928,December,16145,30389,Minnesota,134172,150317,2004.0
117832,31309,119547,March,-5376,24218,Minnesota,149141,143765,2005.0
121092,18064,112147,June,1649,28658,Minnesota,139156,140805,2005.0
110911,21502,137405,September,42079,37087,Minnesota,132413,174492,2005.0
135030,12280,126959,December,15405,35756,Minnesota,147310,162715,2005.0
118916,22939,123266,March,13567,32156,Minnesota,141855,155422,2006.0
120065,37790,129028,June,-6327,22500,Minnesota,157855,151528,2006.0
121373,47698,117596,September,-29632,21843,Minnesota,169071,139439,2006.0
113061,31316,117617,December,7704,34464,Minnesota,144377,152081,2006.0
114459,24497,107170,March,4231,36017,Minnesota,138956,143187,2007.0
108829,38965,120588,June,-1097,26109,Minnesota,147794,146697,2007.0
118725,22030,104598,September,10017,46174,Minnesota,140755,150772,2007.0
112546,28884,115721,December,5238,30947,Minnesota,141430,146668,2007.0
118330,25439,111118,March,1288,33939,Minnesota,143769,145057,2008.0
113190,33096,109619,June,-10771,25896,Minnesota,146286,135515,2008.0
117908,27406,104548,September,-19071,21695,Minnesota,145314,126243,2008.0
125626,25253,94673,December,-29539,26667,Minnesota,150879,121340,2008.0
141545,28623,95328,March,-54951,19889,Minnesota,170168,115217,2009.0
137062,25064,100612,June,-34238,27276,Minnesota,162126,127888,2009.0
117962,20914,98946,September,-11809,28121,Minnesota,138876,127067,2009.0
106059,23828,109981,December,-1026,18880,Minnesota,129887,128861,2009.0
106341,27347,98818,March,-6524,28346,Minnesota,133688,127164,2010.0
93822,18423,111955,June,23380,23670,Minnesota,112245,135625,2010.0
98430,23621,105920,September,2478,18609,Minnesota,122051,124529,2010.0
102597,23932,107534,December,7779,26774,Minnesota,126529,134308,2010.0
96071,19988,104359,March,13235,24935,Minnesota,116059,129294,2011.0
95269,23601,113172,June,20857,26555,Minnesota,118870,139727,2011.0
99418,16778,117804,September,29288,27680,Minnesota,116196,145484,2011.0
108010,22185,105976,December,-5203,19016,Minnesota,130195,124992,2011.0
108156,22592,117434,March,15221,28535,Minnesota,130748,145969,2012.0
100893,21804,114674,June,14505,22528,Minnesota,122697,137202,2012.0
105275,22095,109085,September,9670,27955,Minnesota,127370,137040,2012.0
106951,22902,111549,December,4627,22931,Minnesota,129853,134480,2012.0
99339,20281,117134,March,21421,23907,Minnesota,119620,141041,2013.0
100985,20142,114772,June,17872,24227,Minnesota,121127,138999,2013.0
107765,19162,110476,September,4919,21370,Minnesota,126927,131846,2013.0
106403,23648,112450,December,1993,19594,Minnesota,130051,132044,2013.0
106659,23235,106182,March,-6779,16933,Minnesota,129894,123115,2014.0
98191,20227,118703,June,33588,33303,Minnesota,118418,152006,2014.0
112177,21705,108803,September,-2196,22883,Minnesota,133882,131686,2014.0
105183,23227,115514,December,8276,21172,Minnesota,128410,136686,2014.0
103750,19312,111707,March,10140,21495,Minnesota,123062,133202,2015.0
102168,19635,120443,June,26997,28357,Minnesota,121803,148800,2015.0
116613,21177,107563,September,-7194,23033,Minnesota,137790,130596,2015.0
110610,26629,119771,December,8088,25556,Minnesota,137239,145327,2015.0
104771,22783,112123,March,5265,20696,Minnesota,127554,132819,2016.0
111460,22441,118440,June,9682,25143,Minnesota,133901,143583,2016.0
113839,20134,121480,September,14790,27283,Minnesota,133973,148763,2016.0
114054,24909,117730,December,1557,22790,Minnesota,138963,140520,2016.0
103972,13330,118667,March,25349,23984,Minnesota,117302,142651,2017.0
107688,21378,122611,June,11639,18094,Minnesota,129066,140705,2017.0
118554,22234,110227,September,-9100,21461,Minnesota,140788,131688,2017.0
112930,24243,119533,December,5953,23593,Minnesota,137173,143126,2017.0
98234,59526,120830,September,26497,63427,Minnesota,157760,184257,1992.0
102903,26027,111008,December,11590,29512,Minnesota,128930,140520,1992.0
101654,21576,108479,March,16343,31094,Minnesota,123230,139573,1993.0
104422,27554,103058,June,-2211,26707,Minnesota,131976,129765,1993.0
97230,27832,125007,September,26929,26984,Minnesota,125062,151991,1993.0
106458,24765,116603,December,21653,36273,Minnesota,131223,152876,1993.0
105154,26199,119385,March,23168,35136,Minnesota,131353,154521,1994.0
103324,34761,113344,June,5142,29883,Minnesota,138085,143227,1994.0
102310,41735,126213,September,16064,33896,Minnesota,144045,160109,1994.0
109397,29771,118024,December,24628,45772,Minnesota,139168,163796,1994.0
103082,37135,130373,March,35932,45776,Minnesota,140217,176149,1995.0
115884,32213,109242,June,-5682,33173,Minnesota,148097,142415,1995.0
105745,50723,119466,September,-5495,31507,Minnesota,156468,150973,1995.0
105170,34525,116874,December,41277,64098,Minnesota,139695,180972,1995.0
109040,36066,125564,March,22227,41769,Minnesota,145106,167333,1996.0
123682,28749,111477,June,-2265,38689,Minnesota,152431,150166,1996.0
112243,34170,124140,September,13886,36159,Minnesota,146413,160299,1996.0
111563,33169,127806,December,15979,32905,Minnesota,144732,160711,1996.0
112452,35831,126699,March,16685,38269,Minnesota,148283,164968,1997.0
117155,36002,118349,June,3004,37812,Minnesota,153157,156161,1997.0
111989,35899,136826,September,37061,48123,Minnesota,147888,184949,1997.0
116415,31049,126506,December,19579,40537,Minnesota,147464,167043,1997.0
110362,41906,142588,March,27154,36834,Minnesota,152268,179422,1998.0
126557,37360,118768,June,1824,46973,Minnesota,163917,165741,1998.0
113052,30177,120683,September,13097,35643,Minnesota,143229,156326,1998.0
108541,35612,126512,December,13296,30937,Minnesota,144153,157449,1998.0
114032,32881,127231,March,13412,33094,Minnesota,146913,160325,1999.0
113229,28695,121956,June,14168,34136,Minnesota,141924,156092,1999.0
116431,29907,128911,September,10824,28251,Minnesota,146338,157162,1999.0
111629,32505,134796,December,24321,33659,Minnesota,144134,168455,1999.0
121743,34332,130723,March,17255,42607,Minnesota,156075,173330,2000.0
124406,27912,123950,June,5527,33895,Minnesota,152318,157845,2000.0
122745,35107,124480,September,6990,40362,Minnesota,157852,164842,2000.0
118492,32528,124175,December,17281,44126,Minnesota,151020,168301,2000.0
126857,47696,128725,March,-11005,34823,Minnesota,174553,163548,2001.0
146571,31692,117880,June,-31148,29235,Minnesota,178263,147115,2001.0
135678,33061,119947,September,-16057,32735,Minnesota,168739,152682,2001.0
128236,43140,114402,December,-11761,45213,Minnesota,171376,159615,2001.0
128426,35241,122118,March,-944,40605,Minnesota,163667,162723,2002.0
126151,34945,118231,June,-4338,38527,Minnesota,161096,156758,2002.0
118092,23528,117445,September,5609,29784,Minnesota,141620,147229,2002.0
115532,30620,114821,December,-4233,27098,Minnesota,146152,141919,2002.0
125692,28435,112711,March,-6966,34450,Minnesota,154127,147161,2003.0
119784,32040,114561,June,1690,38953,Minnesota,151824,153514,2003.0
115575,28220,112303,September,-1663,29829,Minnesota,143795,142132,2003.0
111628,33335,114319,December,-1347,29297,Minnesota,144963,143616,2003.0
115634,30995,114979,March,302,31952,Minnesota,146629,146931,2004.0
99151,25729,122764,June,32665,34781,Minnesota,124880,157545,2004.0
117819,38797,112175,September,-6407,38034,Minnesota,156616,150209,2004.0
107914,26258,119928,December,16145,30389,Minnesota,134172,150317,2004.0
117832,31309,119547,March,-5376,24218,Minnesota,149141,143765,2005.0
121092,18064,112147,June,1649,28658,Minnesota,139156,140805,2005.0
110911,21502,137405,September,42079,37087,Minnesota,132413,174492,2005.0
135030,12280,126959,December,15405,35756,Minnesota,147310,162715,2005.0
118916,22939,123266,March,13567,32156,Minnesota,141855,155422,2006.0
120065,37790,129028,June,-6327,22500,Minnesota,157855,151528,2006.0
121373,47698,117596,September,-29632,21843,Minnesota,169071,139439,2006.0
113061,31316,117617,December,7704,34464,Minnesota,144377,152081,2006.0
114459,24497,107170,March,4231,36017,Minnesota,138956,143187,2007.0
108829,38965,120588,June,-1097,26109,Minnesota,147794,146697,2007.0
118725,22030,104598,September,10017,46174,Minnesota,140755,150772,2007.0
112546,28884,115721,December,5238,30947,Minnesota,141430,146668,2007.0
118330,25439,111118,March,1288,33939,Minnesota,143769,145057,2008.0
113190,33096,109619,June,-10771,25896,Minnesota,146286,135515,2008.0
117908,27406,104548,September,-19071,21695,Minnesota,145314,126243,2008.0
125626,25253,94673,December,-29539,26667,Minnesota,150879,121340,2008.0
141545,28623,95328,March,-54951,19889,Minnesota,170168,115217,2009.0
137062,25064,100612,June,-34238,27276,Minnesota,162126,127888,2009.0
117962,20914,98946,September,-11809,28121,Minnesota,138876,127067,2009.0
106059,23828,109981,December,-1026,18880,Minnesota,129887,128861,2009.0
106341,27347,98818,March,-6524,28346,Minnesota,133688,127164,2010.0
93822,18423,111955,June,23380,23670,Minnesota,112245,135625,2010.0
98430,23621,105920,September,2478,18609,Minnesota,122051,124529,2010.0
102597,23932,107534,December,7779,26774,Minnesota,126529,134308,2010.0
96071,19988,104359,March,13235,24935,Minnesota,116059,129294,2011.0
95269,23601,113172,June,20857,26555,Minnesota,118870,139727,2011.0
99418,16778,117804,September,29288,27680,Minnesota,116196,145484,2011.0
108010,22185,105976,December,-5203,19016,Minnesota,130195,124992,2011.0
108156,22592,117434,March,15221,28535,Minnesota,130748,145969,2012.0
100893,21804,114674,June,14505,22528,Minnesota,122697,137202,2012.0
105275,22095,109085,September,9670,27955,Minnesota,127370,137040,2012.0
106951,22902,111549,December,4627,22931,Minnesota,129853,134480,2012.0
99339,20281,117134,March,21421,23907,Minnesota,119620,141041,2013.0
100985,20142,114772,June,17872,24227,Minnesota,121127,138999,2013.0
107765,19162,110476,September,4919,21370,Minnesota,126927,131846,2013.0
106403,23648,112450,December,1993,19594,Minnesota,130051,132044,2013.0
106659,23235,106182,March,-6779,16933,Minnesota,129894,123115,2014.0
98191,20227,118703,June,33588,33303,Minnesota,118418,152006,2014.0
112177,21705,108803,September,-2196,22883,Minnesota,133882,131686,2014.0
105183,23227,115514,December,8276,21172,Minnesota,128410,136686,2014.0
103750,19312,111707,March,10140,21495,Minnesota,123062,133202,2015.0
102168,19635,120443,June,26997,28357,Minnesota,121803,148800,2015.0
116613,21177,107563,September,-7194,23033,Minnesota,137790,130596,2015.0
110610,26629,119771,December,8088,25556,Minnesota,137239,145327,2015.0
104771,22783,112123,March,5265,20696,Minnesota,127554,132819,2016.0
111460,22441,118440,June,9682,25143,Minnesota,133901,143583,2016.0
113839,20134,121480,September,14790,27283,Minnesota,133973,148763,2016.0
114054,24909,117730,December,1557,22790,Minnesota,138963,140520,2016.0
103972,13330,118667,March,25349,23984,Minnesota,117302,142651,2017.0
107688,21378,122611,June,11639,18094,Minnesota,129066,140705,2017.0
118554,22234,110227,September,-9100,21461,Minnesota,140788,131688,2017.0
112930,24243,119533,December,5953,23593,Minnesota,137173,143126,2017.0
41222,9541,46697,September,10803,14869,Mississippi,50763,61566,1992.0
41938,10228,49366,December,10053,12853,Mississippi,52166,62219,1992.0
40090,12881,45636,March,8171,15506,Mississippi,52971,61142,1993.0
38690,9709,51770,June,16334,12963,Mississippi,48399,64733,1993.0
42416,10304,52806,September,13119,13033,Mississippi,52720,65839,1993.0
43743,11164,65229,December,23501,13179,Mississippi,54907,78408,1993.0
50439,9957,58019,March,8490,10867,Mississippi,60396,68886,1994.0
45604,12458,58932,June,13649,12779,Mississippi,58062,71711,1994.0
50384,9051,64116,September,16832,12151,Mississippi,59435,76267,1994.0
51479,10214,47575,December,-1928,12190,Mississippi,61693,59765,1994.0
52890,11226,50581,March,-1921,11614,Mississippi,64116,62195,1995.0
49445,12084,52869,June,4644,13304,Mississippi,61529,66173,1995.0
48940,8705,53181,September,7518,11982,Mississippi,57645,65163,1995.0
53369,9568,48437,December,-3808,10692,Mississippi,62937,59129,1995.0
51423,14534,53711,March,2151,14397,Mississippi,65957,68108,1996.0
47550,9279,54294,June,11200,13735,Mississippi,56829,68029,1996.0
50687,10986,53940,September,4804,12537,Mississippi,61673,66477,1996.0
52403,9392,47199,December,-3873,10723,Mississippi,61795,57922,1996.0
48269,11843,50722,March,5187,14577,Mississippi,60112,65299,1997.0
46722,10527,51792,June,7927,13384,Mississippi,57249,65176,1997.0
48780,10979,52769,September,6474,13464,Mississippi,59759,66233,1997.0
48092,9771,56880,December,10691,11674,Mississippi,57863,68554,1997.0
52491,15317,55068,March,2207,14947,Mississippi,67808,70015,1998.0
50434,12117,56460,June,7668,13759,Mississippi,62551,70219,1998.0
51705,13570,54435,September,3876,14716,Mississippi,65275,69151,1998.0
52591,13084,54975,December,2079,12779,Mississippi,65675,67754,1998.0
55434,14554,60015,March,4877,14850,Mississippi,69988,74865,1999.0
53703,10051,58431,June,8694,14017,Mississippi,63754,72448,1999.0
53391,11286,53476,September,3760,14961,Mississippi,64677,68437,1999.0
56020,11454,50417,December,-6663,10394,Mississippi,67474,60811,1999.0
56069,12789,52778,March,-3701,12379,Mississippi,68858,65157,2000.0
51494,11953,54431,June,3933,12949,Mississippi,63447,67380,2000.0
56696,10170,47115,September,-7161,12590,Mississippi,66866,59705,2000.0
59521,12399,49282,December,-11063,11575,Mississippi,71920,60857,2000.0
57698,18037,51832,March,-11000,12903,Mississippi,75735,64735,2001.0
54368,11509,49031,June,-4880,11966,Mississippi,65877,60997,2001.0
52621,10880,47578,September,-5039,10884,Mississippi,63501,58462,2001.0
54897,10276,45011,December,-8771,11391,Mississippi,65173,56402,2001.0
48490,12050,51932,March,3787,12395,Mississippi,60540,64327,2002.0
47560,11774,50823,June,3450,11961,Mississippi,59334,62784,2002.0
51035,10141,46455,September,-3123,11598,Mississippi,61176,58053,2002.0
52656,9570,42881,December,-9642,9703,Mississippi,62226,52584,2002.0
50737,10797,45591,March,-4342,11601,Mississippi,61534,57192,2003.0
51240,9358,45594,June,-3778,11226,Mississippi,60598,56820,2003.0
43515,8630,47217,September,5475,10403,Mississippi,52145,57620,2003.0
46186,8381,47527,December,3685,10725,Mississippi,54567,58252,2003.0
46591,9337,46197,March,1306,11037,Mississippi,55928,57234,2004.0
46502,11232,48990,June,1611,10355,Mississippi,57734,59345,2004.0
48174,8839,49095,September,2877,10795,Mississippi,57013,59890,2004.0
44825,10362,48059,December,2245,9373,Mississippi,55187,57432,2004.0
45070,9039,49423,March,6769,11455,Mississippi,54109,60878,2005.0
50163,12366,46140,June,-5777,10612,Mississippi,62529,56752,2005.0
60232,21981,54077,September,-14264,13872,Mississippi,82213,67949,2005.0
60331,13398,68245,December,14889,20373,Mississippi,73729,88618,2005.0
49526,9076,56238,March,11649,14013,Mississippi,58602,70251,2006.0
55112,9044,52014,June,815,12957,Mississippi,64156,64971,2006.0
53084,9306,57563,September,6895,11722,Mississippi,62390,69285,2006.0
51446,7993,53430,December,6033,12042,Mississippi,59439,65472,2006.0
55108,9703,51592,March,-2722,10497,Mississippi,64811,62089,2007.0
54510,10507,50553,June,-3511,10953,Mississippi,65017,61506,2007.0
48381,9509,50437,September,4475,11928,Mississippi,57890,62365,2007.0
50115,8494,52039,December,5788,12358,Mississippi,58609,64397,2007.0
50443,10233,48938,March,-1459,10279,Mississippi,60676,59217,2008.0
57546,10154,46208,June,-10446,11046,Mississippi,67700,57254,2008.0
55342,10825,45305,September,-10993,9869,Mississippi,66167,55174,2008.0
58989,11485,45578,December,-13915,10981,Mississippi,70474,56559,2008.0
57220,10382,39592,March,-18534,9476,Mississippi,67602,49068,2009.0
53011,10660,40402,June,-14038,9231,Mississippi,63671,49633,2009.0
48138,10092,41911,September,-7006,9313,Mississippi,58230,51224,2009.0
43367,9604,39749,December,-2392,10830,Mississippi,52971,50579,2009.0
43112,8061,41664,March,245,9754,Mississippi,51173,51418,2010.0
43108,8654,47064,June,7510,12208,Mississippi,51762,59272,2010.0
46472,10984,46047,September,-896,10513,Mississippi,57456,56560,2010.0
45064,10494,44196,December,8,11370,Mississippi,55558,55566,2010.0
43443,8200,45397,March,3731,9977,Mississippi,51643,55374,2011.0
46809,9661,42376,June,-4144,9950,Mississippi,56470,52326,2011.0
43501,8853,43857,September,2185,10682,Mississippi,52354,54539,2011.0
42397,8658,41831,December,306,9530,Mississippi,51055,51361,2011.0
39811,7356,47452,March,9699,9414,Mississippi,47167,56866,2012.0
46031,8828,41816,June,-4527,8516,Mississippi,54859,50332,2012.0
43346,8757,44191,September,1324,9236,Mississippi,52103,53427,2012.0
39989,12198,45665,December,4114,10636,Mississippi,52187,56301,2012.0
40279,6952,42461,March,3782,8552,Mississippi,47231,51013,2013.0
43538,7879,42405,June,-801,8211,Mississippi,51417,50616,2013.0
40802,9012,43558,September,3151,9407,Mississippi,49814,52965,2013.0
40642,8033,46361,December,7011,9325,Mississippi,48675,55686,2013.0
44530,6586,41678,March,-925,8513,Mississippi,51116,50191,2014.0
46331,10678,43107,June,-3824,10078,Mississippi,57009,53185,2014.0
42933,8732,45599,September,2087,8153,Mississippi,51665,53752,2014.0
39174,7687,50191,December,12572,9242,Mississippi,46861,59433,2014.0
48610,7183,41246,March,-6054,8493,Mississippi,55793,49739,2015.0
44163,7301,45969,June,4767,10262,Mississippi,51464,56231,2015.0
42100,9448,46365,September,3046,8229,Mississippi,51548,54594,2015.0
39962,8080,52658,December,14348,9732,Mississippi,48042,62390,2015.0
46810,8313,42300,March,-3395,9428,Mississippi,55123,51728,2016.0
50643,7499,41621,June,-7627,8894,Mississippi,58142,50515,2016.0
41084,8392,46079,September,6550,9947,Mississippi,49476,56026,2016.0
42150,8068,45519,December,6393,11092,Mississippi,50218,56611,2016.0
44518,7698,41350,March,-702,10164,Mississippi,52216,51514,2017.0
45139,7936,42457,June,-484,10134,Mississippi,53075,52591,2017.0
43325,9042,43597,September,-1322,7448,Mississippi,52367,51045,2017.0
40176,8525,47841,December,8304,9164,Mississippi,48701,57005,2017.0
41222,9541,46697,September,10803,14869,Mississippi,50763,61566,1992.0
41938,10228,49366,December,10053,12853,Mississippi,52166,62219,1992.0
40090,12881,45636,March,8171,15506,Mississippi,52971,61142,1993.0
38690,9709,51770,June,16334,12963,Mississippi,48399,64733,1993.0
42416,10304,52806,September,13119,13033,Mississippi,52720,65839,1993.0
43743,11164,65229,December,23501,13179,Mississippi,54907,78408,1993.0
50439,9957,58019,March,8490,10867,Mississippi,60396,68886,1994.0
45604,12458,58932,June,13649,12779,Mississippi,58062,71711,1994.0
50384,9051,64116,September,16832,12151,Mississippi,59435,76267,1994.0
51479,10214,47575,December,-1928,12190,Mississippi,61693,59765,1994.0
52890,11226,50581,March,-1921,11614,Mississippi,64116,62195,1995.0
49445,12084,52869,June,4644,13304,Mississippi,61529,66173,1995.0
48940,8705,53181,September,7518,11982,Mississippi,57645,65163,1995.0
53369,9568,48437,December,-3808,10692,Mississippi,62937,59129,1995.0
51423,14534,53711,March,2151,14397,Mississippi,65957,68108,1996.0
47550,9279,54294,June,11200,13735,Mississippi,56829,68029,1996.0
50687,10986,53940,September,4804,12537,Mississippi,61673,66477,1996.0
52403,9392,47199,December,-3873,10723,Mississippi,61795,57922,1996.0
48269,11843,50722,March,5187,14577,Mississippi,60112,65299,1997.0
46722,10527,51792,June,7927,13384,Mississippi,57249,65176,1997.0
48780,10979,52769,September,6474,13464,Mississippi,59759,66233,1997.0
48092,9771,56880,December,10691,11674,Mississippi,57863,68554,1997.0
52491,15317,55068,March,2207,14947,Mississippi,67808,70015,1998.0
50434,12117,56460,June,7668,13759,Mississippi,62551,70219,1998.0
51705,13570,54435,September,3876,14716,Mississippi,65275,69151,1998.0
52591,13084,54975,December,2079,12779,Mississippi,65675,67754,1998.0
55434,14554,60015,March,4877,14850,Mississippi,69988,74865,1999.0
53703,10051,58431,June,8694,14017,Mississippi,63754,72448,1999.0
53391,11286,53476,September,3760,14961,Mississippi,64677,68437,1999.0
56020,11454,50417,December,-6663,10394,Mississippi,67474,60811,1999.0
56069,12789,52778,March,-3701,12379,Mississippi,68858,65157,2000.0
51494,11953,54431,June,3933,12949,Mississippi,63447,67380,2000.0
56696,10170,47115,September,-7161,12590,Mississippi,66866,59705,2000.0
59521,12399,49282,December,-11063,11575,Mississippi,71920,60857,2000.0
57698,18037,51832,March,-11000,12903,Mississippi,75735,64735,2001.0
54368,11509,49031,June,-4880,11966,Mississippi,65877,60997,2001.0
52621,10880,47578,September,-5039,10884,Mississippi,63501,58462,2001.0
54897,10276,45011,December,-8771,11391,Mississippi,65173,56402,2001.0
48490,12050,51932,March,3787,12395,Mississippi,60540,64327,2002.0
47560,11774,50823,June,3450,11961,Mississippi,59334,62784,2002.0
51035,10141,46455,September,-3123,11598,Mississippi,61176,58053,2002.0
52656,9570,42881,December,-9642,9703,Mississippi,62226,52584,2002.0
50737,10797,45591,March,-4342,11601,Mississippi,61534,57192,2003.0
51240,9358,45594,June,-3778,11226,Mississippi,60598,56820,2003.0
43515,8630,47217,September,5475,10403,Mississippi,52145,57620,2003.0
46186,8381,47527,December,3685,10725,Mississippi,54567,58252,2003.0
46591,9337,46197,March,1306,11037,Mississippi,55928,57234,2004.0
46502,11232,48990,June,1611,10355,Mississippi,57734,59345,2004.0
48174,8839,49095,September,2877,10795,Mississippi,57013,59890,2004.0
44825,10362,48059,December,2245,9373,Mississippi,55187,57432,2004.0
45070,9039,49423,March,6769,11455,Mississippi,54109,60878,2005.0
50163,12366,46140,June,-5777,10612,Mississippi,62529,56752,2005.0
60232,21981,54077,September,-14264,13872,Mississippi,82213,67949,2005.0
60331,13398,68245,December,14889,20373,Mississippi,73729,88618,2005.0
49526,9076,56238,March,11649,14013,Mississippi,58602,70251,2006.0
55112,9044,52014,June,815,12957,Mississippi,64156,64971,2006.0
53084,9306,57563,September,6895,11722,Mississippi,62390,69285,2006.0
51446,7993,53430,December,6033,12042,Mississippi,59439,65472,2006.0
55108,9703,51592,March,-2722,10497,Mississippi,64811,62089,2007.0
54510,10507,50553,June,-3511,10953,Mississippi,65017,61506,2007.0
48381,9509,50437,September,4475,11928,Mississippi,57890,62365,2007.0
50115,8494,52039,December,5788,12358,Mississippi,58609,64397,2007.0
50443,10233,48938,March,-1459,10279,Mississippi,60676,59217,2008.0
57546,10154,46208,June,-10446,11046,Mississippi,67700,57254,2008.0
55342,10825,45305,September,-10993,9869,Mississippi,66167,55174,2008.0
58989,11485,45578,December,-13915,10981,Mississippi,70474,56559,2008.0
57220,10382,39592,March,-18534,9476,Mississippi,67602,49068,2009.0
53011,10660,40402,June,-14038,9231,Mississippi,63671,49633,2009.0
48138,10092,41911,September,-7006,9313,Mississippi,58230,51224,2009.0
43367,9604,39749,December,-2392,10830,Mississippi,52971,50579,2009.0
43112,8061,41664,March,245,9754,Mississippi,51173,51418,2010.0
43108,8654,47064,June,7510,12208,Mississippi,51762,59272,2010.0
46472,10984,46047,September,-896,10513,Mississippi,57456,56560,2010.0
45064,10494,44196,December,8,11370,Mississippi,55558,55566,2010.0
43443,8200,45397,March,3731,9977,Mississippi,51643,55374,2011.0
46809,9661,42376,June,-4144,9950,Mississippi,56470,52326,2011.0
43501,8853,43857,September,2185,10682,Mississippi,52354,54539,2011.0
42397,8658,41831,December,306,9530,Mississippi,51055,51361,2011.0
39811,7356,47452,March,9699,9414,Mississippi,47167,56866,2012.0
46031,8828,41816,June,-4527,8516,Mississippi,54859,50332,2012.0
43346,8757,44191,September,1324,9236,Mississippi,52103,53427,2012.0
39989,12198,45665,December,4114,10636,Mississippi,52187,56301,2012.0
40279,6952,42461,March,3782,8552,Mississippi,47231,51013,2013.0
43538,7879,42405,June,-801,8211,Mississippi,51417,50616,2013.0
40802,9012,43558,September,3151,9407,Mississippi,49814,52965,2013.0
40642,8033,46361,December,7011,9325,Mississippi,48675,55686,2013.0
44530,6586,41678,March,-925,8513,Mississippi,51116,50191,2014.0
46331,10678,43107,June,-3824,10078,Mississippi,57009,53185,2014.0
42933,8732,45599,September,2087,8153,Mississippi,51665,53752,2014.0
39174,7687,50191,December,12572,9242,Mississippi,46861,59433,2014.0
48610,7183,41246,March,-6054,8493,Mississippi,55793,49739,2015.0
44163,7301,45969,June,4767,10262,Mississippi,51464,56231,2015.0
42100,9448,46365,September,3046,8229,Mississippi,51548,54594,2015.0
39962,8080,52658,December,14348,9732,Mississippi,48042,62390,2015.0
46810,8313,42300,March,-3395,9428,Mississippi,55123,51728,2016.0
50643,7499,41621,June,-7627,8894,Mississippi,58142,50515,2016.0
41084,8392,46079,September,6550,9947,Mississippi,49476,56026,2016.0
42150,8068,45519,December,6393,11092,Mississippi,50218,56611,2016.0
44518,7698,41350,March,-702,10164,Mississippi,52216,51514,2017.0
45139,7936,42457,June,-484,10134,Mississippi,53075,52591,2017.0
43325,9042,43597,September,-1322,7448,Mississippi,52367,51045,2017.0
40176,8525,47841,December,8304,9164,Mississippi,48701,57005,2017.0
104453,23595,115756,September,21962,34254,Missouri,128048,150010,1992.0
114529,29723,107672,December,-6817,29763,Missouri,144252,137435,1992.0
114413,25843,116101,March,6296,30451,Missouri,140256,146552,1993.0
98123,24737,121945,June,31301,32216,Missouri,122860,154161,1993.0
112706,27639,125598,September,19022,33769,Missouri,140345,159367,1993.0
112025,25299,120793,December,15082,31613,Missouri,137324,152406,1993.0
110803,27184,123579,March,14013,28421,Missouri,137987,152000,1994.0
109435,28139,127523,June,19220,29271,Missouri,137574,156794,1994.0
112136,33349,135442,September,29048,39091,Missouri,145485,174533,1994.0
117943,27250,122120,December,14395,37468,Missouri,145193,159588,1994.0
128013,27694,133566,March,10554,32695,Missouri,155707,166261,1995.0
129486,30916,122544,June,-4614,33244,Missouri,160402,155788,1995.0
114755,32562,137908,September,26240,35649,Missouri,147317,173557,1995.0
126248,37877,126115,December,-3433,34577,Missouri,164125,160692,1995.0
122877,31541,124867,March,10781,40332,Missouri,154418,165199,1996.0
122678,35777,120374,June,2514,40595,Missouri,158455,160969,1996.0
115225,38586,132922,September,22686,43575,Missouri,153811,176497,1996.0
122890,30576,129842,December,14120,37744,Missouri,153466,167586,1996.0
120627,23309,129036,March,29643,44543,Missouri,143936,173579,1997.0
121624,24222,122910,June,1026,23962,Missouri,145846,146872,1997.0
120431,22418,129281,September,14985,28553,Missouri,142849,157834,1997.0
123952,30060,132395,December,13205,34822,Missouri,154012,167217,1997.0
133369,27660,137742,March,14843,38130,Missouri,161029,175872,1998.0
133533,38599,134772,June,5168,42528,Missouri,172132,177300,1998.0
122865,32611,129495,September,3797,29778,Missouri,155476,159273,1998.0
121532,32304,133876,December,11520,31480,Missouri,153836,165356,1998.0
127608,35944,126875,March,4270,40947,Missouri,163552,167822,1999.0
124165,26692,129365,June,9999,31491,Missouri,150857,160856,1999.0
123683,27402,132794,September,10489,28780,Missouri,151085,161574,1999.0
125773,26882,134338,December,9594,27911,Missouri,152655,162249,1999.0
127379,28474,135655,March,6768,26966,Missouri,155853,162621,2000.0
128657,26132,130303,June,2744,27230,Missouri,154789,157533,2000.0
138850,35533,135690,September,-7697,30996,Missouri,174383,166686,2000.0
135016,29046,125933,December,-10759,27370,Missouri,164062,153303,2000.0
122942,27075,128058,March,8191,30150,Missouri,150017,158208,2001.0
137146,31125,120022,June,-19883,28366,Missouri,168271,148388,2001.0
134222,31210,116118,September,-21724,27590,Missouri,165432,143708,2001.0
126976,34418,117807,December,-17743,25844,Missouri,161394,143651,2001.0
125033,27205,119761,March,6050,38527,Missouri,152238,158288,2002.0
127791,32166,123745,June,-2655,33557,Missouri,159957,157302,2002.0
121817,23558,118741,September,3004,29638,Missouri,145375,148379,2002.0
120443,29072,113628,December,-9372,26515,Missouri,149515,140143,2002.0
124506,27234,111080,March,-12903,27757,Missouri,151740,138837,2003.0
122534,28588,114165,June,-8304,28653,Missouri,151122,142818,2003.0
113955,27855,118652,September,2852,26010,Missouri,141810,144662,2003.0
118657,24468,114224,December,-3265,25636,Missouri,143125,139860,2003.0
115013,29651,128068,March,11650,28246,Missouri,144664,156314,2004.0
109459,27639,117966,June,10408,29540,Missouri,137098,147506,2004.0
115221,29450,118071,September,1064,27664,Missouri,144671,145735,2004.0
108095,20814,117639,December,14296,25566,Missouri,128909,143205,2004.0
113973,27417,124647,March,13066,29809,Missouri,141390,154456,2005.0
111765,25694,114461,June,2545,25543,Missouri,137459,140004,2005.0
111983,21610,117388,September,11129,27334,Missouri,133593,144722,2005.0
114736,24393,117710,December,5176,26595,Missouri,139129,144305,2005.0
107641,26081,125934,March,17361,25149,Missouri,133722,151083,2006.0
123017,21674,115342,June,4539,33888,Missouri,144691,149230,2006.0
118674,22430,112568,September,-3683,24853,Missouri,141104,137421,2006.0
114648,29496,121464,December,6891,29571,Missouri,144144,151035,2006.0
112959,25530,125426,March,15901,28964,Missouri,138489,154390,2007.0
123051,23283,114405,June,-6173,25756,Missouri,146334,140161,2007.0
121098,22536,117003,September,2683,29314,Missouri,143634,146317,2007.0
116275,23043,119024,December,536,20830,Missouri,139318,139854,2007.0
118298,23456,113612,March,1698,29840,Missouri,141754,143452,2008.0
123442,26331,115873,June,-9599,24301,Missouri,149773,140174,2008.0
125656,19584,112790,September,-12396,20054,Missouri,145240,132844,2008.0
140240,28967,105471,December,-36607,27129,Missouri,169207,132600,2008.0
136062,28795,101940,March,-39629,23288,Missouri,164857,125228,2009.0
134337,22203,99252,June,-34819,22469,Missouri,156540,121721,2009.0
117605,24570,102576,September,-17565,22034,Missouri,142175,124610,2009.0
112419,19885,103743,December,-8627,19934,Missouri,132304,123677,2009.0
106542,25135,109819,March,-4832,17026,Missouri,131677,126845,2010.0
107669,21214,106945,June,1697,23635,Missouri,128883,130580,2010.0
101984,21031,103091,September,4892,24816,Missouri,123015,127907,2010.0
102602,17363,103886,December,4953,21032,Missouri,119965,124918,2010.0
96789,24864,103503,March,4517,22667,Missouri,121653,126170,2011.0
104895,18970,105915,June,6380,24330,Missouri,123865,130245,2011.0
104155,18877,108745,September,8113,22400,Missouri,123032,131145,2011.0
102245,19533,106552,December,8392,23618,Missouri,121778,130170,2011.0
100430,18159,109657,March,12949,21881,Missouri,118589,131538,2012.0
108473,28845,109770,June,-2056,25492,Missouri,137318,135262,2012.0
109116,20374,104872,September,393,25011,Missouri,129490,129883,2012.0
103716,19774,113031,December,15803,26262,Missouri,123490,139293,2012.0
103809,20518,109454,March,7400,22273,Missouri,124327,131727,2013.0
100102,18418,111275,June,13171,20416,Missouri,118520,131691,2013.0
106159,19267,106706,September,4366,23086,Missouri,125426,129792,2013.0
103834,20308,109828,December,8424,22738,Missouri,124142,132566,2013.0
104254,19698,103686,March,1302,21568,Missouri,123952,125254,2014.0
101295,18734,112923,June,14634,21740,Missouri,120029,134663,2014.0
106796,19731,104713,September,-246,21568,Missouri,126527,126281,2014.0
97489,18819,117828,December,25992,24472,Missouri,116308,142300,2014.0
102781,21156,106140,March,3595,21392,Missouri,123937,127532,2015.0
100981,18809,115059,June,19183,23914,Missouri,119790,138973,2015.0
106228,20640,108639,September,4550,22779,Missouri,126868,131418,2015.0
101187,19600,119718,December,24306,25375,Missouri,120787,145093,2015.0
105732,19791,109506,March,5839,21856,Missouri,125523,131362,2016.0
108124,19644,111939,June,5964,21793,Missouri,127768,133732,2016.0
107747,17583,111391,September,6772,20711,Missouri,125330,132102,2016.0
108933,24274,108450,December,860,25617,Missouri,133207,134067,2016.0
100207,16117,110951,March,21850,27223,Missouri,116324,138174,2017.0
108852,23759,109598,June,1335,24348,Missouri,132611,133946,2017.0
110996,27476,111808,September,1767,28431,Missouri,138472,140239,2017.0
101018,25718,110082,December,7125,23779,Missouri,126736,133861,2017.0
104453,23595,115756,September,21962,34254,Missouri,128048,150010,1992.0
114529,29723,107672,December,-6817,29763,Missouri,144252,137435,1992.0
114413,25843,116101,March,6296,30451,Missouri,140256,146552,1993.0
98123,24737,121945,June,31301,32216,Missouri,122860,154161,1993.0
112706,27639,125598,September,19022,33769,Missouri,140345,159367,1993.0
112025,25299,120793,December,15082,31613,Missouri,137324,152406,1993.0
110803,27184,123579,March,14013,28421,Missouri,137987,152000,1994.0
109435,28139,127523,June,19220,29271,Missouri,137574,156794,1994.0
112136,33349,135442,September,29048,39091,Missouri,145485,174533,1994.0
117943,27250,122120,December,14395,37468,Missouri,145193,159588,1994.0
128013,27694,133566,March,10554,32695,Missouri,155707,166261,1995.0
129486,30916,122544,June,-4614,33244,Missouri,160402,155788,1995.0
114755,32562,137908,September,26240,35649,Missouri,147317,173557,1995.0
126248,37877,126115,December,-3433,34577,Missouri,164125,160692,1995.0
122877,31541,124867,March,10781,40332,Missouri,154418,165199,1996.0
122678,35777,120374,June,2514,40595,Missouri,158455,160969,1996.0
115225,38586,132922,September,22686,43575,Missouri,153811,176497,1996.0
122890,30576,129842,December,14120,37744,Missouri,153466,167586,1996.0
120627,23309,129036,March,29643,44543,Missouri,143936,173579,1997.0
121624,24222,122910,June,1026,23962,Missouri,145846,146872,1997.0
120431,22418,129281,September,14985,28553,Missouri,142849,157834,1997.0
123952,30060,132395,December,13205,34822,Missouri,154012,167217,1997.0
133369,27660,137742,March,14843,38130,Missouri,161029,175872,1998.0
133533,38599,134772,June,5168,42528,Missouri,172132,177300,1998.0
122865,32611,129495,September,3797,29778,Missouri,155476,159273,1998.0
121532,32304,133876,December,11520,31480,Missouri,153836,165356,1998.0
127608,35944,126875,March,4270,40947,Missouri,163552,167822,1999.0
124165,26692,129365,June,9999,31491,Missouri,150857,160856,1999.0
123683,27402,132794,September,10489,28780,Missouri,151085,161574,1999.0
125773,26882,134338,December,9594,27911,Missouri,152655,162249,1999.0
127379,28474,135655,March,6768,26966,Missouri,155853,162621,2000.0
128657,26132,130303,June,2744,27230,Missouri,154789,157533,2000.0
138850,35533,135690,September,-7697,30996,Missouri,174383,166686,2000.0
135016,29046,125933,December,-10759,27370,Missouri,164062,153303,2000.0
122942,27075,128058,March,8191,30150,Missouri,150017,158208,2001.0
137146,31125,120022,June,-19883,28366,Missouri,168271,148388,2001.0
134222,31210,116118,September,-21724,27590,Missouri,165432,143708,2001.0
126976,34418,117807,December,-17743,25844,Missouri,161394,143651,2001.0
125033,27205,119761,March,6050,38527,Missouri,152238,158288,2002.0
127791,32166,123745,June,-2655,33557,Missouri,159957,157302,2002.0
121817,23558,118741,September,3004,29638,Missouri,145375,148379,2002.0
120443,29072,113628,December,-9372,26515,Missouri,149515,140143,2002.0
124506,27234,111080,March,-12903,27757,Missouri,151740,138837,2003.0
122534,28588,114165,June,-8304,28653,Missouri,151122,142818,2003.0
113955,27855,118652,September,2852,26010,Missouri,141810,144662,2003.0
118657,24468,114224,December,-3265,25636,Missouri,143125,139860,2003.0
115013,29651,128068,March,11650,28246,Missouri,144664,156314,2004.0
109459,27639,117966,June,10408,29540,Missouri,137098,147506,2004.0
115221,29450,118071,September,1064,27664,Missouri,144671,145735,2004.0
108095,20814,117639,December,14296,25566,Missouri,128909,143205,2004.0
113973,27417,124647,March,13066,29809,Missouri,141390,154456,2005.0
111765,25694,114461,June,2545,25543,Missouri,137459,140004,2005.0
111983,21610,117388,September,11129,27334,Missouri,133593,144722,2005.0
114736,24393,117710,December,5176,26595,Missouri,139129,144305,2005.0
107641,26081,125934,March,17361,25149,Missouri,133722,151083,2006.0
123017,21674,115342,June,4539,33888,Missouri,144691,149230,2006.0
118674,22430,112568,September,-3683,24853,Missouri,141104,137421,2006.0
114648,29496,121464,December,6891,29571,Missouri,144144,151035,2006.0
112959,25530,125426,March,15901,28964,Missouri,138489,154390,2007.0
123051,23283,114405,June,-6173,25756,Missouri,146334,140161,2007.0
121098,22536,117003,September,2683,29314,Missouri,143634,146317,2007.0
116275,23043,119024,December,536,20830,Missouri,139318,139854,2007.0
118298,23456,113612,March,1698,29840,Missouri,141754,143452,2008.0
123442,26331,115873,June,-9599,24301,Missouri,149773,140174,2008.0
125656,19584,112790,September,-12396,20054,Missouri,145240,132844,2008.0
140240,28967,105471,December,-36607,27129,Missouri,169207,132600,2008.0
136062,28795,101940,March,-39629,23288,Missouri,164857,125228,2009.0
134337,22203,99252,June,-34819,22469,Missouri,156540,121721,2009.0
117605,24570,102576,September,-17565,22034,Missouri,142175,124610,2009.0
112419,19885,103743,December,-8627,19934,Missouri,132304,123677,2009.0
106542,25135,109819,March,-4832,17026,Missouri,131677,126845,2010.0
107669,21214,106945,June,1697,23635,Missouri,128883,130580,2010.0
101984,21031,103091,September,4892,24816,Missouri,123015,127907,2010.0
102602,17363,103886,December,4953,21032,Missouri,119965,124918,2010.0
96789,24864,103503,March,4517,22667,Missouri,121653,126170,2011.0
104895,18970,105915,June,6380,24330,Missouri,123865,130245,2011.0
104155,18877,108745,September,8113,22400,Missouri,123032,131145,2011.0
102245,19533,106552,December,8392,23618,Missouri,121778,130170,2011.0
100430,18159,109657,March,12949,21881,Missouri,118589,131538,2012.0
108473,28845,109770,June,-2056,25492,Missouri,137318,135262,2012.0
109116,20374,104872,September,393,25011,Missouri,129490,129883,2012.0
103716,19774,113031,December,15803,26262,Missouri,123490,139293,2012.0
103809,20518,109454,March,7400,22273,Missouri,124327,131727,2013.0
100102,18418,111275,June,13171,20416,Missouri,118520,131691,2013.0
106159,19267,106706,September,4366,23086,Missouri,125426,129792,2013.0
103834,20308,109828,December,8424,22738,Missouri,124142,132566,2013.0
104254,19698,103686,March,1302,21568,Missouri,123952,125254,2014.0
101295,18734,112923,June,14634,21740,Missouri,120029,134663,2014.0
106796,19731,104713,September,-246,21568,Missouri,126527,126281,2014.0
97489,18819,117828,December,25992,24472,Missouri,116308,142300,2014.0
102781,21156,106140,March,3595,21392,Missouri,123937,127532,2015.0
100981,18809,115059,June,19183,23914,Missouri,119790,138973,2015.0
106228,20640,108639,September,4550,22779,Missouri,126868,131418,2015.0
101187,19600,119718,December,24306,25375,Missouri,120787,145093,2015.0
105732,19791,109506,March,5839,21856,Missouri,125523,131362,2016.0
108124,19644,111939,June,5964,21793,Missouri,127768,133732,2016.0
107747,17583,111391,September,6772,20711,Missouri,125330,132102,2016.0
108933,24274,108450,December,860,25617,Missouri,133207,134067,2016.0
100207,16117,110951,March,21850,27223,Missouri,116324,138174,2017.0
108852,23759,109598,June,1335,24348,Missouri,132611,133946,2017.0
110996,27476,111808,September,1767,28431,Missouri,138472,140239,2017.0
101018,25718,110082,December,7125,23779,Missouri,126736,133861,2017.0
16615,4924,17402,September,1180,5317,Montana,21539,22719,1992.0
16603,4212,16543,December,-110,4162,Montana,20815,20705,1992.0
15809,4507,17197,March,2085,5204,Montana,20316,22401,1993.0
14977,4047,18879,June,5554,5699,Montana,19024,24578,1993.0
16601,4928,18204,September,3105,6430,Montana,21529,24634,1993.0
18185,5493,18558,December,377,5497,Montana,23678,24055,1993.0
17768,4140,18792,March,1936,5052,Montana,21908,23844,1994.0
15152,3966,19647,June,6541,6012,Montana,19118,25659,1994.0
16673,5823,21767,September,6207,6936,Montana,22496,28703,1994.0
19696,5852,19710,December,289,6127,Montana,25548,25837,1994.0
19857,4681,23044,March,3160,4654,Montana,24538,27698,1995.0
17075,7210,19833,June,1314,5766,Montana,24285,25599,1995.0
18318,3628,21559,September,5632,6019,Montana,21946,27578,1995.0
20081,4893,17755,December,-1674,5545,Montana,24974,23300,1995.0
20021,4396,20637,March,2345,6125,Montana,24417,26762,1996.0
19047,4942,20873,June,3049,6165,Montana,23989,27038,1996.0
19538,6424,21912,September,3581,7631,Montana,25962,29543,1996.0
21310,5656,19208,December,-1726,6032,Montana,26966,25240,1996.0
20796,5591,19365,March,-1582,5440,Montana,26387,24805,1997.0
18093,4983,21053,June,4971,6994,Montana,23076,28047,1997.0
20657,6049,21776,September,1935,6865,Montana,26706,28641,1997.0
20711,5321,20558,December,1783,7257,Montana,26032,27815,1997.0
21824,5995,21146,March,2015,8688,Montana,27819,29834,1998.0
21137,6572,21047,June,349,7011,Montana,27709,28058,1998.0
19619,5912,21864,September,3865,7532,Montana,25531,29396,1998.0
20382,4960,21981,December,2036,5397,Montana,25342,27378,1998.0
21287,5316,21941,March,1604,6266,Montana,26603,28207,1999.0
20488,7152,21556,June,145,6229,Montana,27640,27785,1999.0
19759,6496,22351,September,2870,6774,Montana,26255,29125,1999.0
19497,8286,21555,December,-1375,4853,Montana,27783,26408,1999.0
20294,5611,21948,March,5658,9615,Montana,25905,31563,2000.0
20730,8009,22526,June,736,6949,Montana,28739,29475,2000.0
22393,8079,23156,September,-599,6717,Montana,30472,29873,2000.0
21040,7475,21406,December,-1050,6059,Montana,28515,27465,2000.0
21276,7424,24053,March,5365,10012,Montana,28700,34065,2001.0
21988,6732,21660,June,-842,6218,Montana,28720,27878,2001.0
21808,7406,21748,September,-1259,6207,Montana,29214,27955,2001.0
20722,5102,20564,December,381,5641,Montana,25824,26205,2001.0
20831,5950,21418,March,1641,7004,Montana,26781,28422,2002.0
19781,5072,21783,June,3512,6582,Montana,24853,28365,2002.0
21424,8056,21492,September,-980,7008,Montana,29480,28500,2002.0
20768,5194,20789,December,1812,6985,Montana,25962,27774,2002.0
20608,6631,21415,March,1312,7136,Montana,27239,28551,2003.0
22096,7057,22096,June,-1086,5971,Montana,29153,28067,2003.0
21709,6798,22066,September,29,6470,Montana,28507,28536,2003.0
20576,6220,22517,December,3918,8197,Montana,26796,30714,2003.0
19520,5319,22405,March,3906,6340,Montana,24839,28745,2004.0
20851,5802,22953,June,2974,6674,Montana,26653,29627,2004.0
20941,5443,21025,September,537,5896,Montana,26384,26921,2004.0
20161,5254,24024,December,4787,6178,Montana,25415,30202,2004.0
20594,5734,24227,March,3871,5972,Montana,26328,30199,2005.0
22022,5955,22191,June,321,6107,Montana,27977,28298,2005.0
21177,4965,22913,September,3611,6840,Montana,26142,29753,2005.0
21390,5105,24176,December,3943,6262,Montana,26495,30438,2005.0
20813,5639,27517,March,6909,5844,Montana,26452,33361,2006.0
22929,4874,23952,June,2289,6140,Montana,27803,30092,2006.0
24488,5867,22357,September,-2615,5383,Montana,30355,27740,2006.0
21482,5281,26544,December,6010,6229,Montana,26763,32773,2006.0
21236,5431,27488,March,6806,5985,Montana,26667,33473,2007.0
25037,6053,23942,June,-1481,5667,Montana,31090,29609,2007.0
24673,5398,23480,September,-669,5922,Montana,30071,29402,2007.0
22786,5373,25206,December,4453,7406,Montana,28159,32612,2007.0
24866,5895,25409,March,846,6198,Montana,30761,31607,2008.0
26887,5918,22129,June,-5163,5513,Montana,32805,27642,2008.0
24091,5249,22303,September,-1420,5617,Montana,29340,27920,2008.0
25201,6125,21416,December,-3533,6377,Montana,31326,27793,2008.0
29005,7145,19297,March,-11681,5172,Montana,36150,24469,2009.0
23650,6159,20901,June,-2912,5996,Montana,29809,26897,2009.0
22434,5245,20032,September,-2190,5457,Montana,27679,25489,2009.0
23057,5556,22166,December,-559,5888,Montana,28613,28054,2009.0
21990,6042,20820,March,-1820,5392,Montana,28032,26212,2010.0
20685,5695,21006,June,436,5810,Montana,26380,26816,2010.0
19934,5170,21733,September,2162,5533,Montana,25104,27266,2010.0
22103,5366,21159,December,-221,6089,Montana,27469,27248,2010.0
19202,5556,20498,March,349,4609,Montana,24758,25107,2011.0
20580,5085,21419,June,1640,5886,Montana,25665,27305,2011.0
19474,4712,23246,September,4797,5737,Montana,24186,28983,2011.0
21286,5463,22095,December,1636,6290,Montana,26749,28385,2011.0
20483,5612,22308,March,1480,5267,Montana,26095,27575,2012.0
21303,4972,22799,June,2530,6006,Montana,26275,28805,2012.0
20620,5050,21726,September,1905,5849,Montana,25670,27575,2012.0
21417,5938,22649,December,1566,6272,Montana,27355,28921,2012.0
21196,5515,22796,March,2069,5984,Montana,26711,28780,2013.0
22361,5063,22710,June,1062,5776,Montana,27424,28486,2013.0
21872,5034,21749,September,563,5720,Montana,26906,27469,2013.0
21349,5316,23282,December,2852,6235,Montana,26665,29517,2013.0
21510,7106,21050,March,-2390,5176,Montana,28616,26226,2014.0
21565,5769,23286,June,2058,6106,Montana,27334,29392,2014.0
23229,5562,22317,September,167,6641,Montana,28791,28958,2014.0
20641,8310,24188,December,1561,6324,Montana,28951,30512,2014.0
21205,5159,22604,March,7211,10971,Montana,26364,33575,2015.0
22621,8089,23438,June,-1519,5753,Montana,30710,29191,2015.0
22891,5234,21651,September,-214,6260,Montana,28125,27911,2015.0
21945,4830,24821,December,4722,6676,Montana,26775,31497,2015.0
21563,5716,24039,March,1812,5052,Montana,27279,29091,2016.0
24638,7348,22735,June,-2427,6824,Montana,31986,29559,2016.0
22546,6057,22329,September,-226,6048,Montana,28603,28377,2016.0
22356,5486,22840,December,1234,6236,Montana,27842,29076,2016.0
21426,5375,24872,March,3547,5476,Montana,26801,30348,2017.0
23506,5600,23653,June,586,6039,Montana,29106,29692,2017.0
23417,6320,21216,September,-2930,5591,Montana,29737,26807,2017.0
22036,5725,25019,December,4066,6808,Montana,27761,31827,2017.0
16615,4924,17402,September,1180,5317,Montana,21539,22719,1992.0
16603,4212,16543,December,-110,4162,Montana,20815,20705,1992.0
15809,4507,17197,March,2085,5204,Montana,20316,22401,1993.0
14977,4047,18879,June,5554,5699,Montana,19024,24578,1993.0
16601,4928,18204,September,3105,6430,Montana,21529,24634,1993.0
18185,5493,18558,December,377,5497,Montana,23678,24055,1993.0
17768,4140,18792,March,1936,5052,Montana,21908,23844,1994.0
15152,3966,19647,June,6541,6012,Montana,19118,25659,1994.0
16673,5823,21767,September,6207,6936,Montana,22496,28703,1994.0
19696,5852,19710,December,289,6127,Montana,25548,25837,1994.0
19857,4681,23044,March,3160,4654,Montana,24538,27698,1995.0
17075,7210,19833,June,1314,5766,Montana,24285,25599,1995.0
18318,3628,21559,September,5632,6019,Montana,21946,27578,1995.0
20081,4893,17755,December,-1674,5545,Montana,24974,23300,1995.0
20021,4396,20637,March,2345,6125,Montana,24417,26762,1996.0
19047,4942,20873,June,3049,6165,Montana,23989,27038,1996.0
19538,6424,21912,September,3581,7631,Montana,25962,29543,1996.0
21310,5656,19208,December,-1726,6032,Montana,26966,25240,1996.0
20796,5591,19365,March,-1582,5440,Montana,26387,24805,1997.0
18093,4983,21053,June,4971,6994,Montana,23076,28047,1997.0
20657,6049,21776,September,1935,6865,Montana,26706,28641,1997.0
20711,5321,20558,December,1783,7257,Montana,26032,27815,1997.0
21824,5995,21146,March,2015,8688,Montana,27819,29834,1998.0
21137,6572,21047,June,349,7011,Montana,27709,28058,1998.0
19619,5912,21864,September,3865,7532,Montana,25531,29396,1998.0
20382,4960,21981,December,2036,5397,Montana,25342,27378,1998.0
21287,5316,21941,March,1604,6266,Montana,26603,28207,1999.0
20488,7152,21556,June,145,6229,Montana,27640,27785,1999.0
19759,6496,22351,September,2870,6774,Montana,26255,29125,1999.0
19497,8286,21555,December,-1375,4853,Montana,27783,26408,1999.0
20294,5611,21948,March,5658,9615,Montana,25905,31563,2000.0
20730,8009,22526,June,736,6949,Montana,28739,29475,2000.0
22393,8079,23156,September,-599,6717,Montana,30472,29873,2000.0
21040,7475,21406,December,-1050,6059,Montana,28515,27465,2000.0
21276,7424,24053,March,5365,10012,Montana,28700,34065,2001.0
21988,6732,21660,June,-842,6218,Montana,28720,27878,2001.0
21808,7406,21748,September,-1259,6207,Montana,29214,27955,2001.0
20722,5102,20564,December,381,5641,Montana,25824,26205,2001.0
20831,5950,21418,March,1641,7004,Montana,26781,28422,2002.0
19781,5072,21783,June,3512,6582,Montana,24853,28365,2002.0
21424,8056,21492,September,-980,7008,Montana,29480,28500,2002.0
20768,5194,20789,December,1812,6985,Montana,25962,27774,2002.0
20608,6631,21415,March,1312,7136,Montana,27239,28551,2003.0
22096,7057,22096,June,-1086,5971,Montana,29153,28067,2003.0
21709,6798,22066,September,29,6470,Montana,28507,28536,2003.0
20576,6220,22517,December,3918,8197,Montana,26796,30714,2003.0
19520,5319,22405,March,3906,6340,Montana,24839,28745,2004.0
20851,5802,22953,June,2974,6674,Montana,26653,29627,2004.0
20941,5443,21025,September,537,5896,Montana,26384,26921,2004.0
20161,5254,24024,December,4787,6178,Montana,25415,30202,2004.0
20594,5734,24227,March,3871,5972,Montana,26328,30199,2005.0
22022,5955,22191,June,321,6107,Montana,27977,28298,2005.0
21177,4965,22913,September,3611,6840,Montana,26142,29753,2005.0
21390,5105,24176,December,3943,6262,Montana,26495,30438,2005.0
20813,5639,27517,March,6909,5844,Montana,26452,33361,2006.0
22929,4874,23952,June,2289,6140,Montana,27803,30092,2006.0
24488,5867,22357,September,-2615,5383,Montana,30355,27740,2006.0
21482,5281,26544,December,6010,6229,Montana,26763,32773,2006.0
21236,5431,27488,March,6806,5985,Montana,26667,33473,2007.0
25037,6053,23942,June,-1481,5667,Montana,31090,29609,2007.0
24673,5398,23480,September,-669,5922,Montana,30071,29402,2007.0
22786,5373,25206,December,4453,7406,Montana,28159,32612,2007.0
24866,5895,25409,March,846,6198,Montana,30761,31607,2008.0
26887,5918,22129,June,-5163,5513,Montana,32805,27642,2008.0
24091,5249,22303,September,-1420,5617,Montana,29340,27920,2008.0
25201,6125,21416,December,-3533,6377,Montana,31326,27793,2008.0
29005,7145,19297,March,-11681,5172,Montana,36150,24469,2009.0
23650,6159,20901,June,-2912,5996,Montana,29809,26897,2009.0
22434,5245,20032,September,-2190,5457,Montana,27679,25489,2009.0
23057,5556,22166,December,-559,5888,Montana,28613,28054,2009.0
21990,6042,20820,March,-1820,5392,Montana,28032,26212,2010.0
20685,5695,21006,June,436,5810,Montana,26380,26816,2010.0
19934,5170,21733,September,2162,5533,Montana,25104,27266,2010.0
22103,5366,21159,December,-221,6089,Montana,27469,27248,2010.0
19202,5556,20498,March,349,4609,Montana,24758,25107,2011.0
20580,5085,21419,June,1640,5886,Montana,25665,27305,2011.0
19474,4712,23246,September,4797,5737,Montana,24186,28983,2011.0
21286,5463,22095,December,1636,6290,Montana,26749,28385,2011.0
20483,5612,22308,March,1480,5267,Montana,26095,27575,2012.0
21303,4972,22799,June,2530,6006,Montana,26275,28805,2012.0
20620,5050,21726,September,1905,5849,Montana,25670,27575,2012.0
21417,5938,22649,December,1566,6272,Montana,27355,28921,2012.0
21196,5515,22796,March,2069,5984,Montana,26711,28780,2013.0
22361,5063,22710,June,1062,5776,Montana,27424,28486,2013.0
21872,5034,21749,September,563,5720,Montana,26906,27469,2013.0
21349,5316,23282,December,2852,6235,Montana,26665,29517,2013.0
21510,7106,21050,March,-2390,5176,Montana,28616,26226,2014.0
21565,5769,23286,June,2058,6106,Montana,27334,29392,2014.0
23229,5562,22317,September,167,6641,Montana,28791,28958,2014.0
20641,8310,24188,December,1561,6324,Montana,28951,30512,2014.0
21205,5159,22604,March,7211,10971,Montana,26364,33575,2015.0
22621,8089,23438,June,-1519,5753,Montana,30710,29191,2015.0
22891,5234,21651,September,-214,6260,Montana,28125,27911,2015.0
21945,4830,24821,December,4722,6676,Montana,26775,31497,2015.0
21563,5716,24039,March,1812,5052,Montana,27279,29091,2016.0
24638,7348,22735,June,-2427,6824,Montana,31986,29559,2016.0
22546,6057,22329,September,-226,6048,Montana,28603,28377,2016.0
22356,5486,22840,December,1234,6236,Montana,27842,29076,2016.0
21426,5375,24872,March,3547,5476,Montana,26801,30348,2017.0
23506,5600,23653,June,586,6039,Montana,29106,29692,2017.0
23417,6320,21216,September,-2930,5591,Montana,29737,26807,2017.0
22036,5725,25019,December,4066,6808,Montana,27761,31827,2017.0
31538,6392,38698,September,7902,7134,Nebraska,37930,45832,1992.0
34587,6785,32280,December,-1968,7124,Nebraska,41372,39404,1992.0
31648,5312,35146,March,5126,6940,Nebraska,36960,42086,1993.0
30728,6590,37478,June,6479,6319,Nebraska,37318,43797,1993.0
33338,7092,40126,September,7569,7873,Nebraska,40430,47999,1993.0
35470,7272,39113,December,3876,7505,Nebraska,42742,46618,1993.0
36910,6766,37789,March,3277,9164,Nebraska,43676,46953,1994.0
31844,9181,38937,June,10875,12963,Nebraska,41025,51900,1994.0
33325,6255,39964,September,7578,7194,Nebraska,39580,47158,1994.0
33906,6038,36245,December,4284,7983,Nebraska,39944,44228,1994.0
32726,8015,50877,March,17473,7337,Nebraska,40741,58214,1995.0
36075,9931,37649,June,-1589,6768,Nebraska,46006,44417,1995.0
35371,6896,40338,September,5371,7300,Nebraska,42267,47638,1995.0
35222,10562,41391,December,3305,7698,Nebraska,45784,49089,1995.0
34481,10987,43953,March,14078,15593,Nebraska,45468,59546,1996.0
39844,6129,36307,June,-3318,6348,Nebraska,45973,42655,1996.0
35846,6801,37984,September,3028,7691,Nebraska,42647,45675,1996.0
34891,6687,39772,December,4689,6495,Nebraska,41578,46267,1996.0
35558,6581,41684,March,10572,11027,Nebraska,42139,52711,1997.0
39803,6145,38169,June,-1470,6309,Nebraska,45948,44478,1997.0
36315,8547,40367,September,4896,9391,Nebraska,44862,49758,1997.0
36768,6409,40978,December,6202,8401,Nebraska,43177,49379,1997.0
37332,7117,40632,March,3080,6897,Nebraska,44449,47529,1998.0
34934,7720,42137,June,8007,8524,Nebraska,42654,50661,1998.0
38279,6714,44449,September,5744,6288,Nebraska,44993,50737,1998.0
35298,7898,42293,December,6605,7508,Nebraska,43196,49801,1998.0
40274,8109,39732,March,-1014,7637,Nebraska,48383,47369,1999.0
37903,7719,41054,June,4059,8627,Nebraska,45622,49681,1999.0
37284,7902,39720,September,3513,8979,Nebraska,45186,48699,1999.0
36058,7847,42080,December,5999,7824,Nebraska,43905,49904,1999.0
39926,9224,46206,March,4611,7555,Nebraska,49150,53761,2000.0
40035,7054,45374,June,8015,9730,Nebraska,47089,55104,2000.0
42677,11401,39744,September,-3650,10684,Nebraska,54078,50428,2000.0
40194,7127,39638,December,1271,8954,Nebraska,47321,48592,2000.0
42207,9897,38766,March,-948,12390,Nebraska,52104,51156,2001.0
46669,6531,40950,June,-3208,9042,Nebraska,53200,49992,2001.0
40297,8457,35983,September,-2587,10184,Nebraska,48754,46167,2001.0
40635,8268,38133,December,-2032,8738,Nebraska,48903,46871,2001.0
44185,6652,36511,March,-6500,7826,Nebraska,50837,44337,2002.0
37943,7231,37572,June,1652,9254,Nebraska,45174,46826,2002.0
38340,6892,36353,September,-1371,7508,Nebraska,45232,43861,2002.0
38779,7155,36495,December,-2632,6807,Nebraska,45934,43302,2002.0
39653,7895,38796,March,751,9503,Nebraska,47548,48299,2003.0
37285,6619,36641,June,405,7668,Nebraska,43904,44309,2003.0
35278,6130,37789,September,3212,6831,Nebraska,41408,44620,2003.0
35841,6594,36562,December,1336,7209,Nebraska,42435,43771,2003.0
38775,7345,37357,March,661,9424,Nebraska,46120,46781,2004.0
35164,6134,37936,June,4264,7626,Nebraska,41298,45562,2004.0
36990,7301,37621,September,425,7095,Nebraska,44291,44716,2004.0
36361,5911,37558,December,2902,7616,Nebraska,42272,45174,2004.0
36767,6769,40737,March,5137,7936,Nebraska,43536,48673,2005.0
37247,7954,37458,June,-569,7174,Nebraska,45201,44632,2005.0
37675,6352,37229,September,1874,8672,Nebraska,44027,45901,2005.0
36009,6201,37263,December,1536,6483,Nebraska,42210,43746,2005.0
35125,6335,39565,March,4958,6853,Nebraska,41460,46418,2006.0
38983,6972,38064,June,144,8035,Nebraska,45955,46099,2006.0
38587,5970,39489,September,2334,7402,Nebraska,44557,46891,2006.0
37354,7135,40552,December,3771,7708,Nebraska,44489,48260,2006.0
37840,6353,40732,March,3934,7395,Nebraska,44193,48127,2007.0
38471,6741,40960,June,3009,7261,Nebraska,45212,48221,2007.0
37453,6484,40916,September,4822,7843,Nebraska,43937,48759,2007.0
39928,6437,39792,December,1771,8344,Nebraska,46365,48136,2007.0
36989,6627,42146,March,5167,6637,Nebraska,43616,48783,2008.0
41100,7752,36772,June,-4682,7398,Nebraska,48852,44170,2008.0
38621,6434,36192,September,194,9057,Nebraska,45055,45249,2008.0
41955,7487,36589,December,-5888,6965,Nebraska,49442,43554,2008.0
44222,6661,33215,March,-11608,6060,Nebraska,50883,39275,2009.0
41825,6365,32682,June,-9215,6293,Nebraska,48190,38975,2009.0
35030,6853,33559,September,-2369,5955,Nebraska,41883,39514,2009.0
38831,6495,33519,December,-5344,6463,Nebraska,45326,39982,2009.0
36456,5902,34179,March,-1731,6448,Nebraska,42358,40627,2010.0
33934,6067,36921,June,4191,7271,Nebraska,40001,44192,2010.0
35042,6568,35718,September,1551,7443,Nebraska,41610,43161,2010.0
35356,6310,35214,December,479,6931,Nebraska,41666,42145,2010.0
34303,5767,34146,March,1089,7013,Nebraska,40070,41159,2011.0
34250,6392,35893,June,1872,6621,Nebraska,40642,42514,2011.0
33956,5690,36610,September,3208,6244,Nebraska,39646,42854,2011.0
34012,6206,36278,December,3347,7287,Nebraska,40218,43565,2011.0
32371,5887,37092,March,10651,11817,Nebraska,38258,48909,2012.0
33570,6525,36764,June,4737,8068,Nebraska,40095,44832,2012.0
35202,7208,35743,September,938,7605,Nebraska,42410,43348,2012.0
34020,7333,37645,December,4460,8168,Nebraska,41353,45813,2012.0
35286,6744,35022,March,222,7230,Nebraska,42030,42252,2013.0
34988,6679,37648,June,4507,8526,Nebraska,41667,46174,2013.0
36128,7690,39180,September,4262,8900,Nebraska,43818,48080,2013.0
37345,6962,39420,December,4769,9656,Nebraska,44307,49076,2013.0
37808,6637,37355,March,1003,8093,Nebraska,44445,45448,2014.0
37272,8688,39045,June,1570,8485,Nebraska,45960,47530,2014.0
37207,7688,38333,September,2213,8775,Nebraska,44895,47108,2014.0
35648,8263,41280,December,5633,8264,Nebraska,43911,49544,2014.0
37862,7343,39801,March,3492,8896,Nebraska,45205,48697,2015.0
36945,7987,39224,June,2517,8225,Nebraska,44932,47449,2015.0
36781,8226,39239,September,2783,8551,Nebraska,45007,47790,2015.0
37023,7146,40445,December,5078,8802,Nebraska,44169,49247,2015.0
37432,7305,39384,March,2621,7974,Nebraska,44737,47358,2016.0
38499,9213,37189,June,-1929,8594,Nebraska,47712,45783,2016.0
38692,8623,42213,September,4174,9276,Nebraska,47315,51489,2016.0
39745,10244,37412,December,-3831,8746,Nebraska,49989,46158,2016.0
34899,7137,39244,March,6314,9106,Nebraska,42036,48350,2017.0
40203,8763,37380,June,-3708,7878,Nebraska,48966,45258,2017.0
38932,8824,38873,September,-276,8607,Nebraska,47756,47480,2017.0
35900,8672,41170,December,5845,9247,Nebraska,44572,50417,2017.0
31538,6392,38698,September,7902,7134,Nebraska,37930,45832,1992.0
34587,6785,32280,December,-1968,7124,Nebraska,41372,39404,1992.0
31648,5312,35146,March,5126,6940,Nebraska,36960,42086,1993.0
30728,6590,37478,June,6479,6319,Nebraska,37318,43797,1993.0
33338,7092,40126,September,7569,7873,Nebraska,40430,47999,1993.0
35470,7272,39113,December,3876,7505,Nebraska,42742,46618,1993.0
36910,6766,37789,March,3277,9164,Nebraska,43676,46953,1994.0
31844,9181,38937,June,10875,12963,Nebraska,41025,51900,1994.0
33325,6255,39964,September,7578,7194,Nebraska,39580,47158,1994.0
33906,6038,36245,December,4284,7983,Nebraska,39944,44228,1994.0
32726,8015,50877,March,17473,7337,Nebraska,40741,58214,1995.0
36075,9931,37649,June,-1589,6768,Nebraska,46006,44417,1995.0
35371,6896,40338,September,5371,7300,Nebraska,42267,47638,1995.0
35222,10562,41391,December,3305,7698,Nebraska,45784,49089,1995.0
34481,10987,43953,March,14078,15593,Nebraska,45468,59546,1996.0
39844,6129,36307,June,-3318,6348,Nebraska,45973,42655,1996.0
35846,6801,37984,September,3028,7691,Nebraska,42647,45675,1996.0
34891,6687,39772,December,4689,6495,Nebraska,41578,46267,1996.0
35558,6581,41684,March,10572,11027,Nebraska,42139,52711,1997.0
39803,6145,38169,June,-1470,6309,Nebraska,45948,44478,1997.0
36315,8547,40367,September,4896,9391,Nebraska,44862,49758,1997.0
36768,6409,40978,December,6202,8401,Nebraska,43177,49379,1997.0
37332,7117,40632,March,3080,6897,Nebraska,44449,47529,1998.0
34934,7720,42137,June,8007,8524,Nebraska,42654,50661,1998.0
38279,6714,44449,September,5744,6288,Nebraska,44993,50737,1998.0
35298,7898,42293,December,6605,7508,Nebraska,43196,49801,1998.0
40274,8109,39732,March,-1014,7637,Nebraska,48383,47369,1999.0
37903,7719,41054,June,4059,8627,Nebraska,45622,49681,1999.0
37284,7902,39720,September,3513,8979,Nebraska,45186,48699,1999.0
36058,7847,42080,December,5999,7824,Nebraska,43905,49904,1999.0
39926,9224,46206,March,4611,7555,Nebraska,49150,53761,2000.0
40035,7054,45374,June,8015,9730,Nebraska,47089,55104,2000.0
42677,11401,39744,September,-3650,10684,Nebraska,54078,50428,2000.0
40194,7127,39638,December,1271,8954,Nebraska,47321,48592,2000.0
42207,9897,38766,March,-948,12390,Nebraska,52104,51156,2001.0
46669,6531,40950,June,-3208,9042,Nebraska,53200,49992,2001.0
40297,8457,35983,September,-2587,10184,Nebraska,48754,46167,2001.0
40635,8268,38133,December,-2032,8738,Nebraska,48903,46871,2001.0
44185,6652,36511,March,-6500,7826,Nebraska,50837,44337,2002.0
37943,7231,37572,June,1652,9254,Nebraska,45174,46826,2002.0
38340,6892,36353,September,-1371,7508,Nebraska,45232,43861,2002.0
38779,7155,36495,December,-2632,6807,Nebraska,45934,43302,2002.0
39653,7895,38796,March,751,9503,Nebraska,47548,48299,2003.0
37285,6619,36641,June,405,7668,Nebraska,43904,44309,2003.0
35278,6130,37789,September,3212,6831,Nebraska,41408,44620,2003.0
35841,6594,36562,December,1336,7209,Nebraska,42435,43771,2003.0
38775,7345,37357,March,661,9424,Nebraska,46120,46781,2004.0
35164,6134,37936,June,4264,7626,Nebraska,41298,45562,2004.0
36990,7301,37621,September,425,7095,Nebraska,44291,44716,2004.0
36361,5911,37558,December,2902,7616,Nebraska,42272,45174,2004.0
36767,6769,40737,March,5137,7936,Nebraska,43536,48673,2005.0
37247,7954,37458,June,-569,7174,Nebraska,45201,44632,2005.0
37675,6352,37229,September,1874,8672,Nebraska,44027,45901,2005.0
36009,6201,37263,December,1536,6483,Nebraska,42210,43746,2005.0
35125,6335,39565,March,4958,6853,Nebraska,41460,46418,2006.0
38983,6972,38064,June,144,8035,Nebraska,45955,46099,2006.0
38587,5970,39489,September,2334,7402,Nebraska,44557,46891,2006.0
37354,7135,40552,December,3771,7708,Nebraska,44489,48260,2006.0
37840,6353,40732,March,3934,7395,Nebraska,44193,48127,2007.0
38471,6741,40960,June,3009,7261,Nebraska,45212,48221,2007.0
37453,6484,40916,September,4822,7843,Nebraska,43937,48759,2007.0
39928,6437,39792,December,1771,8344,Nebraska,46365,48136,2007.0
36989,6627,42146,March,5167,6637,Nebraska,43616,48783,2008.0
41100,7752,36772,June,-4682,7398,Nebraska,48852,44170,2008.0
38621,6434,36192,September,194,9057,Nebraska,45055,45249,2008.0
41955,7487,36589,December,-5888,6965,Nebraska,49442,43554,2008.0
44222,6661,33215,March,-11608,6060,Nebraska,50883,39275,2009.0
41825,6365,32682,June,-9215,6293,Nebraska,48190,38975,2009.0
35030,6853,33559,September,-2369,5955,Nebraska,41883,39514,2009.0
38831,6495,33519,December,-5344,6463,Nebraska,45326,39982,2009.0
36456,5902,34179,March,-1731,6448,Nebraska,42358,40627,2010.0
33934,6067,36921,June,4191,7271,Nebraska,40001,44192,2010.0
35042,6568,35718,September,1551,7443,Nebraska,41610,43161,2010.0
35356,6310,35214,December,479,6931,Nebraska,41666,42145,2010.0
34303,5767,34146,March,1089,7013,Nebraska,40070,41159,2011.0
34250,6392,35893,June,1872,6621,Nebraska,40642,42514,2011.0
33956,5690,36610,September,3208,6244,Nebraska,39646,42854,2011.0
34012,6206,36278,December,3347,7287,Nebraska,40218,43565,2011.0
32371,5887,37092,March,10651,11817,Nebraska,38258,48909,2012.0
33570,6525,36764,June,4737,8068,Nebraska,40095,44832,2012.0
35202,7208,35743,September,938,7605,Nebraska,42410,43348,2012.0
34020,7333,37645,December,4460,8168,Nebraska,41353,45813,2012.0
35286,6744,35022,March,222,7230,Nebraska,42030,42252,2013.0
34988,6679,37648,June,4507,8526,Nebraska,41667,46174,2013.0
36128,7690,39180,September,4262,8900,Nebraska,43818,48080,2013.0
37345,6962,39420,December,4769,9656,Nebraska,44307,49076,2013.0
37808,6637,37355,March,1003,8093,Nebraska,44445,45448,2014.0
37272,8688,39045,June,1570,8485,Nebraska,45960,47530,2014.0
37207,7688,38333,September,2213,8775,Nebraska,44895,47108,2014.0
35648,8263,41280,December,5633,8264,Nebraska,43911,49544,2014.0
37862,7343,39801,March,3492,8896,Nebraska,45205,48697,2015.0
36945,7987,39224,June,2517,8225,Nebraska,44932,47449,2015.0
36781,8226,39239,September,2783,8551,Nebraska,45007,47790,2015.0
37023,7146,40445,December,5078,8802,Nebraska,44169,49247,2015.0
37432,7305,39384,March,2621,7974,Nebraska,44737,47358,2016.0
38499,9213,37189,June,-1929,8594,Nebraska,47712,45783,2016.0
38692,8623,42213,September,4174,9276,Nebraska,47315,51489,2016.0
39745,10244,37412,December,-3831,8746,Nebraska,49989,46158,2016.0
34899,7137,39244,March,6314,9106,Nebraska,42036,48350,2017.0
40203,8763,37380,June,-3708,7878,Nebraska,48966,45258,2017.0
38932,8824,38873,September,-276,8607,Nebraska,47756,47480,2017.0
35900,8672,41170,December,5845,9247,Nebraska,44572,50417,2017.0
31096,12487,38942,September,8092,12733,Nevada,43583,51675,1992.0
34228,8360,32524,December,-108,9956,Nevada,42588,42480,1992.0
32324,7079,36244,March,7484,10643,Nevada,39403,46887,1993.0
30522,7779,38732,June,9970,9539,Nevada,38301,48271,1993.0
31875,9322,41885,September,11459,10771,Nevada,41197,52656,1993.0
34774,8052,51138,December,19592,11280,Nevada,42826,62418,1993.0
34927,8499,41816,March,20498,22108,Nevada,43426,63924,1994.0
34295,8449,45662,June,15907,12989,Nevada,42744,58651,1994.0
37664,8980,48629,September,17082,15097,Nevada,46644,63726,1994.0
38386,9092,45869,December,8008,9617,Nevada,47478,55486,1994.0
42931,11702,48610,March,8932,14955,Nevada,54633,63565,1995.0
42820,10546,46122,June,8806,16050,Nevada,53366,62172,1995.0
40518,9086,50961,September,15611,14254,Nevada,49604,65215,1995.0
41380,10875,48012,December,8723,12966,Nevada,52255,60978,1995.0
40656,13409,49843,March,13860,18082,Nevada,54065,67925,1996.0
41216,10088,52856,June,17474,15922,Nevada,51304,68778,1996.0
42494,11069,53754,September,14646,14455,Nevada,53563,68209,1996.0
45010,9927,49398,December,9459,14998,Nevada,54937,64396,1996.0
47482,11689,56606,March,13097,15662,Nevada,59171,72268,1997.0
49819,12150,48909,June,2499,15559,Nevada,61969,64468,1997.0
46080,8269,52817,September,13625,15157,Nevada,54349,67974,1997.0
45753,12055,51637,December,5885,12056,Nevada,57808,63693,1997.0
49777,9275,47479,March,614,12187,Nevada,59052,59666,1998.0
44283,11895,53131,June,9385,12432,Nevada,56178,65563,1998.0
45146,9701,55008,September,11041,10880,Nevada,54847,65888,1998.0
50359,8355,62638,December,16921,12997,Nevada,58714,75635,1998.0
49308,9678,58412,March,16550,17124,Nevada,58986,75536,1999.0
53960,9835,58146,June,7611,13260,Nevada,63795,71406,1999.0
51911,10393,60599,September,10145,11850,Nevada,62304,72449,1999.0
45534,11481,57241,December,12853,12627,Nevada,57015,69868,1999.0
52278,10471,54325,March,5065,13489,Nevada,62749,67814,2000.0
48480,12298,59982,June,10736,11532,Nevada,60778,71514,2000.0
50983,12570,61787,September,12167,13933,Nevada,63553,75720,2000.0
50912,10770,56564,December,6116,11234,Nevada,61682,67798,2000.0
49992,12503,61672,March,13491,14314,Nevada,62495,75986,2001.0
56202,12115,52394,June,-4000,11923,Nevada,68317,64317,2001.0
54997,12416,51355,September,-2722,13336,Nevada,67413,64691,2001.0
67847,12242,50853,December,-17534,11702,Nevada,80089,62555,2001.0
52943,10921,57002,March,6818,13680,Nevada,63864,70682,2002.0
51363,11423,53828,June,4155,13113,Nevada,62786,66941,2002.0
49238,11614,55105,September,7878,13625,Nevada,60852,68730,2002.0
52181,12350,53915,December,3413,14029,Nevada,64531,67944,2002.0
48099,13297,62073,March,13677,13000,Nevada,61396,75073,2003.0
56343,10146,52854,June,-540,13095,Nevada,66489,65949,2003.0
45324,10061,61236,September,18953,13102,Nevada,55385,74338,2003.0
47619,9831,60011,December,15326,12765,Nevada,57450,72776,2003.0
48531,11035,59503,March,13743,13806,Nevada,59566,73309,2004.0
48888,12712,67895,June,20098,13803,Nevada,61600,81698,2004.0
53658,10269,67588,September,17186,13525,Nevada,63927,81113,2004.0
51278,10770,65022,December,17770,14796,Nevada,62048,79818,2004.0
53697,10029,64100,March,12636,12262,Nevada,63726,76362,2005.0
56057,9861,70812,June,16661,11767,Nevada,65918,82579,2005.0
52106,9554,68810,September,19267,12117,Nevada,61660,80927,2005.0
57158,10091,68710,December,13586,12125,Nevada,67249,80835,2005.0
55435,10205,71240,March,18282,12682,Nevada,65640,83922,2006.0
63913,9468,66295,June,6249,13335,Nevada,73381,79630,2006.0
65679,11189,62129,September,-2043,12696,Nevada,76868,74825,2006.0
66720,10632,65767,December,1202,12787,Nevada,77352,78554,2006.0
61575,10002,67123,March,9169,13623,Nevada,71577,80746,2007.0
66343,11516,61503,June,-3457,12899,Nevada,77859,74402,2007.0
71541,11135,57833,September,-12552,12291,Nevada,82676,70124,2007.0
67474,10464,70594,December,7309,14653,Nevada,77938,85247,2007.0
71523,16204,63567,March,-10802,13358,Nevada,87727,76925,2008.0
72269,12988,59867,June,-13538,11852,Nevada,85257,71719,2008.0
75217,12538,55255,September,-20750,11750,Nevada,87755,67005,2008.0
86671,14474,49968,December,-39536,11641,Nevada,101145,61609,2008.0
79358,13676,43583,March,-38933,10518,Nevada,93034,54101,2009.0
70560,11579,44756,June,-27006,10377,Nevada,82139,55133,2009.0
60516,12985,49226,September,-13821,10454,Nevada,73501,59680,2009.0
56034,10771,58632,December,2624,10797,Nevada,66805,69429,2009.0
55517,10477,42351,March,-14670,8973,Nevada,65994,51324,2010.0
45597,9760,50752,June,5632,10237,Nevada,55357,60989,2010.0
52219,10427,45472,September,-6751,10423,Nevada,62646,55895,2010.0
48351,9967,56899,December,10026,11445,Nevada,58318,68344,2010.0
46750,9614,47751,March,1115,9728,Nevada,56364,57479,2011.0
46953,8186,51337,June,6190,9992,Nevada,55139,61329,2011.0
46800,10504,50029,September,2919,10194,Nevada,57304,60223,2011.0
44813,10493,46104,December,1873,11075,Nevada,55306,57179,2011.0
43939,9209,48084,March,5175,10239,Nevada,53148,58323,2012.0
44119,8953,52173,June,9655,10554,Nevada,53072,62727,2012.0
47838,9231,48572,September,1291,9788,Nevada,57069,58360,2012.0
46459,9901,49982,December,3838,10216,Nevada,56360,60198,2012.0
45046,9175,52842,March,8750,10129,Nevada,54221,62971,2013.0
47643,8718,54754,June,11083,12690,Nevada,56361,67444,2013.0
49664,9018,51220,September,2527,9989,Nevada,58682,61209,2013.0
45341,8718,52911,December,9782,10930,Nevada,54059,63841,2013.0
46104,8900,58840,March,13569,9733,Nevada,55004,68573,2014.0
50160,9206,58446,June,10398,11318,Nevada,59366,69764,2014.0
50440,9678,58666,September,9679,11131,Nevada,60118,69797,2014.0
48156,8808,58426,December,13369,11907,Nevada,56964,70333,2014.0
49162,8736,57025,March,9562,10435,Nevada,57898,67460,2015.0
53130,9678,55191,June,3941,11558,Nevada,62808,66749,2015.0
50159,10704,56096,September,7296,12063,Nevada,60863,68159,2015.0
48751,9852,63628,December,17498,12473,Nevada,58603,76101,2015.0
55552,10556,59590,March,5939,12457,Nevada,66108,72047,2016.0
51999,13363,59819,June,7533,13076,Nevada,65362,72895,2016.0
51375,11854,62195,September,13813,14847,Nevada,63229,77042,2016.0
53042,11740,57462,December,6766,14086,Nevada,64782,71548,2016.0
49362,10166,62525,March,16394,13397,Nevada,59528,75922,2017.0
58244,11508,60435,June,3876,13193,Nevada,69752,73628,2017.0
57166,10897,59757,September,5179,13485,Nevada,68063,73242,2017.0
50635,11121,64429,December,15695,13022,Nevada,61756,77451,2017.0
31096,12487,38942,September,8092,12733,Nevada,43583,51675,1992.0
34228,8360,32524,December,-108,9956,Nevada,42588,42480,1992.0
32324,7079,36244,March,7484,10643,Nevada,39403,46887,1993.0
30522,7779,38732,June,9970,9539,Nevada,38301,48271,1993.0
31875,9322,41885,September,11459,10771,Nevada,41197,52656,1993.0
34774,8052,51138,December,19592,11280,Nevada,42826,62418,1993.0
34927,8499,41816,March,20498,22108,Nevada,43426,63924,1994.0
34295,8449,45662,June,15907,12989,Nevada,42744,58651,1994.0
37664,8980,48629,September,17082,15097,Nevada,46644,63726,1994.0
38386,9092,45869,December,8008,9617,Nevada,47478,55486,1994.0
42931,11702,48610,March,8932,14955,Nevada,54633,63565,1995.0
42820,10546,46122,June,8806,16050,Nevada,53366,62172,1995.0
40518,9086,50961,September,15611,14254,Nevada,49604,65215,1995.0
41380,10875,48012,December,8723,12966,Nevada,52255,60978,1995.0
40656,13409,49843,March,13860,18082,Nevada,54065,67925,1996.0
41216,10088,52856,June,17474,15922,Nevada,51304,68778,1996.0
42494,11069,53754,September,14646,14455,Nevada,53563,68209,1996.0
45010,9927,49398,December,9459,14998,Nevada,54937,64396,1996.0
47482,11689,56606,March,13097,15662,Nevada,59171,72268,1997.0
49819,12150,48909,June,2499,15559,Nevada,61969,64468,1997.0
46080,8269,52817,September,13625,15157,Nevada,54349,67974,1997.0
45753,12055,51637,December,5885,12056,Nevada,57808,63693,1997.0
49777,9275,47479,March,614,12187,Nevada,59052,59666,1998.0
44283,11895,53131,June,9385,12432,Nevada,56178,65563,1998.0
45146,9701,55008,September,11041,10880,Nevada,54847,65888,1998.0
50359,8355,62638,December,16921,12997,Nevada,58714,75635,1998.0
49308,9678,58412,March,16550,17124,Nevada,58986,75536,1999.0
53960,9835,58146,June,7611,13260,Nevada,63795,71406,1999.0
51911,10393,60599,September,10145,11850,Nevada,62304,72449,1999.0
45534,11481,57241,December,12853,12627,Nevada,57015,69868,1999.0
52278,10471,54325,March,5065,13489,Nevada,62749,67814,2000.0
48480,12298,59982,June,10736,11532,Nevada,60778,71514,2000.0
50983,12570,61787,September,12167,13933,Nevada,63553,75720,2000.0
50912,10770,56564,December,6116,11234,Nevada,61682,67798,2000.0
49992,12503,61672,March,13491,14314,Nevada,62495,75986,2001.0
56202,12115,52394,June,-4000,11923,Nevada,68317,64317,2001.0
54997,12416,51355,September,-2722,13336,Nevada,67413,64691,2001.0
67847,12242,50853,December,-17534,11702,Nevada,80089,62555,2001.0
52943,10921,57002,March,6818,13680,Nevada,63864,70682,2002.0
51363,11423,53828,June,4155,13113,Nevada,62786,66941,2002.0
49238,11614,55105,September,7878,13625,Nevada,60852,68730,2002.0
52181,12350,53915,December,3413,14029,Nevada,64531,67944,2002.0
48099,13297,62073,March,13677,13000,Nevada,61396,75073,2003.0
56343,10146,52854,June,-540,13095,Nevada,66489,65949,2003.0
45324,10061,61236,September,18953,13102,Nevada,55385,74338,2003.0
47619,9831,60011,December,15326,12765,Nevada,57450,72776,2003.0
48531,11035,59503,March,13743,13806,Nevada,59566,73309,2004.0
48888,12712,67895,June,20098,13803,Nevada,61600,81698,2004.0
53658,10269,67588,September,17186,13525,Nevada,63927,81113,2004.0
51278,10770,65022,December,17770,14796,Nevada,62048,79818,2004.0
53697,10029,64100,March,12636,12262,Nevada,63726,76362,2005.0
56057,9861,70812,June,16661,11767,Nevada,65918,82579,2005.0
52106,9554,68810,September,19267,12117,Nevada,61660,80927,2005.0
57158,10091,68710,December,13586,12125,Nevada,67249,80835,2005.0
55435,10205,71240,March,18282,12682,Nevada,65640,83922,2006.0
63913,9468,66295,June,6249,13335,Nevada,73381,79630,2006.0
65679,11189,62129,September,-2043,12696,Nevada,76868,74825,2006.0
66720,10632,65767,December,1202,12787,Nevada,77352,78554,2006.0
61575,10002,67123,March,9169,13623,Nevada,71577,80746,2007.0
66343,11516,61503,June,-3457,12899,Nevada,77859,74402,2007.0
71541,11135,57833,September,-12552,12291,Nevada,82676,70124,2007.0
67474,10464,70594,December,7309,14653,Nevada,77938,85247,2007.0
71523,16204,63567,March,-10802,13358,Nevada,87727,76925,2008.0
72269,12988,59867,June,-13538,11852,Nevada,85257,71719,2008.0
75217,12538,55255,September,-20750,11750,Nevada,87755,67005,2008.0
86671,14474,49968,December,-39536,11641,Nevada,101145,61609,2008.0
79358,13676,43583,March,-38933,10518,Nevada,93034,54101,2009.0
70560,11579,44756,June,-27006,10377,Nevada,82139,55133,2009.0
60516,12985,49226,September,-13821,10454,Nevada,73501,59680,2009.0
56034,10771,58632,December,2624,10797,Nevada,66805,69429,2009.0
55517,10477,42351,March,-14670,8973,Nevada,65994,51324,2010.0
45597,9760,50752,June,5632,10237,Nevada,55357,60989,2010.0
52219,10427,45472,September,-6751,10423,Nevada,62646,55895,2010.0
48351,9967,56899,December,10026,11445,Nevada,58318,68344,2010.0
46750,9614,47751,March,1115,9728,Nevada,56364,57479,2011.0
46953,8186,51337,June,6190,9992,Nevada,55139,61329,2011.0
46800,10504,50029,September,2919,10194,Nevada,57304,60223,2011.0
44813,10493,46104,December,1873,11075,Nevada,55306,57179,2011.0
43939,9209,48084,March,5175,10239,Nevada,53148,58323,2012.0
44119,8953,52173,June,9655,10554,Nevada,53072,62727,2012.0
47838,9231,48572,September,1291,9788,Nevada,57069,58360,2012.0
46459,9901,49982,December,3838,10216,Nevada,56360,60198,2012.0
45046,9175,52842,March,8750,10129,Nevada,54221,62971,2013.0
47643,8718,54754,June,11083,12690,Nevada,56361,67444,2013.0
49664,9018,51220,September,2527,9989,Nevada,58682,61209,2013.0
45341,8718,52911,December,9782,10930,Nevada,54059,63841,2013.0
46104,8900,58840,March,13569,9733,Nevada,55004,68573,2014.0
50160,9206,58446,June,10398,11318,Nevada,59366,69764,2014.0
50440,9678,58666,September,9679,11131,Nevada,60118,69797,2014.0
48156,8808,58426,December,13369,11907,Nevada,56964,70333,2014.0
49162,8736,57025,March,9562,10435,Nevada,57898,67460,2015.0
53130,9678,55191,June,3941,11558,Nevada,62808,66749,2015.0
50159,10704,56096,September,7296,12063,Nevada,60863,68159,2015.0
48751,9852,63628,December,17498,12473,Nevada,58603,76101,2015.0
55552,10556,59590,March,5939,12457,Nevada,66108,72047,2016.0
51999,13363,59819,June,7533,13076,Nevada,65362,72895,2016.0
51375,11854,62195,September,13813,14847,Nevada,63229,77042,2016.0
53042,11740,57462,December,6766,14086,Nevada,64782,71548,2016.0
49362,10166,62525,March,16394,13397,Nevada,59528,75922,2017.0
58244,11508,60435,June,3876,13193,Nevada,69752,73628,2017.0
57166,10897,59757,September,5179,13485,Nevada,68063,73242,2017.0
50635,11121,64429,December,15695,13022,Nevada,61756,77451,2017.0
23004,9476,30235,September,7659,9904,New Hampshire,32480,40139,1992.0
27457,6252,26076,December,574,8207,New Hampshire,33709,34283,1992.0
27801,7596,27557,March,-115,7725,New Hampshire,35397,35282,1993.0
25529,8379,28406,June,3129,8631,New Hampshire,33908,37037,1993.0
24187,6043,31411,September,10088,8907,New Hampshire,30230,40318,1993.0
27515,6744,27806,December,2855,9308,New Hampshire,34259,37114,1993.0
26495,7352,30819,March,5041,8069,New Hampshire,33847,38888,1994.0
27098,6662,29734,June,3996,8022,New Hampshire,33760,37756,1994.0
25852,6783,35644,September,11591,8582,New Hampshire,32635,44226,1994.0
29759,6972,29512,December,2695,9914,New Hampshire,36731,39426,1994.0
28260,7459,30270,March,4435,9884,New Hampshire,35719,40154,1995.0
28840,6564,29344,June,1973,8033,New Hampshire,35404,37377,1995.0
27283,7430,33765,September,7933,8881,New Hampshire,34713,42646,1995.0
29101,6743,31168,December,2869,7545,New Hampshire,35844,38713,1995.0
30294,10795,35544,March,2298,7843,New Hampshire,41089,43387,1996.0
30412,7946,32054,June,1994,8298,New Hampshire,38358,40352,1996.0
28288,7909,33520,September,4840,7517,New Hampshire,36197,41037,1996.0
29433,6951,30801,December,2747,8330,New Hampshire,36384,39131,1996.0
28278,7824,33395,March,5117,7824,New Hampshire,36102,41219,1997.0
28515,6347,31275,June,3911,7498,New Hampshire,34862,38773,1997.0
29460,6326,33170,September,6690,9306,New Hampshire,35786,42476,1997.0
30251,7646,33538,December,4150,8509,New Hampshire,37897,42047,1997.0
30075,7769,32887,March,5640,10597,New Hampshire,37844,43484,1998.0
30476,8234,29813,June,-217,8680,New Hampshire,38710,38493,1998.0
30722,8009,35238,September,5264,8757,New Hampshire,38731,43995,1998.0
29202,7101,35479,December,7097,7921,New Hampshire,36303,43400,1998.0
34364,7504,36179,March,3505,9194,New Hampshire,41868,45373,1999.0
32169,7726,32692,June,1195,8398,New Hampshire,39895,41090,1999.0
30731,10241,35252,September,3548,9268,New Hampshire,40972,44520,1999.0
31046,8008,34436,December,4244,8862,New Hampshire,39054,43298,1999.0
32527,8453,37940,March,7409,10449,New Hampshire,40980,48389,2000.0
34875,7861,34742,June,116,8110,New Hampshire,42736,42852,2000.0
32463,9471,33806,September,858,8986,New Hampshire,41934,42792,2000.0
30742,8196,36622,December,6214,8530,New Hampshire,38938,45152,2000.0
36173,8865,38245,March,4495,11288,New Hampshire,45038,49533,2001.0
40391,10879,33381,June,-9183,8706,New Hampshire,51270,42087,2001.0
37790,9537,30788,September,-7490,9049,New Hampshire,47327,39837,2001.0
35584,7482,32116,December,-3178,7772,New Hampshire,43066,39888,2001.0
33172,9235,35967,March,2406,8846,New Hampshire,42407,44813,2002.0
35046,7764,29474,June,-4444,8892,New Hampshire,42810,38366,2002.0
30560,7174,31150,September,440,7024,New Hampshire,37734,38174,2002.0
34134,7404,31652,December,-2403,7483,New Hampshire,41538,39135,2002.0
32322,7503,31201,March,-22,8602,New Hampshire,39825,39803,2003.0
30205,7003,30264,June,-277,6667,New Hampshire,37208,36931,2003.0
28969,6913,31510,September,4084,8456,New Hampshire,35882,39966,2003.0
30355,6852,30710,December,1986,8483,New Hampshire,37207,39193,2003.0
30418,6979,34159,March,4220,7458,New Hampshire,37397,41617,2004.0
30499,6761,30958,June,1536,7838,New Hampshire,37260,38796,2004.0
30857,6691,33185,September,3409,7772,New Hampshire,37548,40957,2004.0
31250,8510,32092,December,160,7828,New Hampshire,39760,39920,2004.0
33710,7055,31597,March,-1105,8063,New Hampshire,40765,39660,2005.0
29699,7151,32784,June,3691,7757,New Hampshire,36850,40541,2005.0
31102,7248,32626,September,1349,7073,New Hampshire,38350,39699,2005.0
32534,6987,31356,December,-90,8075,New Hampshire,39521,39431,2005.0
31313,5925,31769,March,4931,10400,New Hampshire,37238,42169,2006.0
32480,7138,31998,June,-83,7537,New Hampshire,39618,39535,2006.0
33977,6482,30866,September,-2403,7190,New Hampshire,40459,38056,2006.0
30946,6115,32087,December,2436,7410,New Hampshire,37061,39497,2006.0
31865,6282,31517,March,-6,6624,New Hampshire,38147,38141,2007.0
30331,7139,32428,June,1981,7023,New Hampshire,37470,39451,2007.0
32775,6832,30513,September,-2799,6295,New Hampshire,39607,36808,2007.0
31250,6543,32169,December,1960,7584,New Hampshire,37793,39753,2007.0
31268,7152,31732,March,-798,5890,New Hampshire,38420,37622,2008.0
32495,7031,30290,June,-2173,7063,New Hampshire,39526,37353,2008.0
32191,6722,27578,September,-3622,7713,New Hampshire,38913,35291,2008.0
34753,7077,27076,December,-7966,6788,New Hampshire,41830,33864,2008.0
34714,6913,26519,March,-9492,5616,New Hampshire,41627,32135,2009.0
33129,7538,27757,June,-6221,6689,New Hampshire,40667,34446,2009.0
29599,6729,27318,September,-2917,6093,New Hampshire,36328,33411,2009.0
28854,6536,27288,December,-1345,6757,New Hampshire,35390,34045,2009.0
30633,5922,28407,March,-1608,6540,New Hampshire,36555,34947,2010.0
27144,5885,28654,June,2506,6881,New Hampshire,33029,35535,2010.0
27041,6649,27583,September,-10,6097,New Hampshire,33690,33680,2010.0
26863,6312,29316,December,2877,6736,New Hampshire,33175,36052,2010.0
26441,5934,27388,March,703,5690,New Hampshire,32375,33078,2011.0
27971,6062,28676,June,1038,6395,New Hampshire,34033,35071,2011.0
27718,5544,27968,September,3079,8373,New Hampshire,33262,36341,2011.0
27343,6367,28699,December,1797,6808,New Hampshire,33710,35507,2011.0
26581,5905,29049,March,2832,6269,New Hampshire,32486,35318,2012.0
28009,5979,29583,June,3019,7424,New Hampshire,33988,37007,2012.0
30142,5595,27509,September,-1280,6948,New Hampshire,35737,34457,2012.0
28472,5887,27906,December,72,6525,New Hampshire,34359,34431,2012.0
26921,5283,28641,March,2175,5738,New Hampshire,32204,34379,2013.0
26379,5348,29802,June,4305,6230,New Hampshire,31727,36032,2013.0
28936,5211,26501,September,-1767,5879,New Hampshire,34147,32380,2013.0
24835,6497,30093,December,4423,5662,New Hampshire,31332,35755,2013.0
27109,5029,26349,March,-546,5243,New Hampshire,32138,31592,2014.0
27105,5923,30530,June,3734,6232,New Hampshire,33028,36762,2014.0
29014,5059,26249,September,-1983,5841,New Hampshire,34073,32090,2014.0
26736,6071,30764,December,4273,6316,New Hampshire,32807,37080,2014.0
26436,5058,26310,March,516,5700,New Hampshire,31494,32010,2015.0
27537,5571,30890,June,4323,6541,New Hampshire,33108,37431,2015.0
29208,5831,26833,September,-1437,6769,New Hampshire,35039,33602,2015.0
25573,5530,30728,December,6144,6519,New Hampshire,31103,37247,2015.0
28144,4708,28621,March,818,5049,New Hampshire,32852,33670,2016.0
27404,5667,30361,June,3569,6279,New Hampshire,33071,36640,2016.0
29190,6138,29230,September,806,6904,New Hampshire,35328,36134,2016.0
27630,5705,29338,December,2070,6067,New Hampshire,33335,35405,2016.0
26727,5293,26850,March,703,5873,New Hampshire,32020,32723,2017.0
28789,5365,31361,June,3455,6248,New Hampshire,34154,37609,2017.0
30604,6499,26702,September,-5175,5226,New Hampshire,37103,31928,2017.0
27844,5814,29793,December,3919,7784,New Hampshire,33658,37577,2017.0
23004,9476,30235,September,7659,9904,New Hampshire,32480,40139,1992.0
27457,6252,26076,December,574,8207,New Hampshire,33709,34283,1992.0
27801,7596,27557,March,-115,7725,New Hampshire,35397,35282,1993.0
25529,8379,28406,June,3129,8631,New Hampshire,33908,37037,1993.0
24187,6043,31411,September,10088,8907,New Hampshire,30230,40318,1993.0
27515,6744,27806,December,2855,9308,New Hampshire,34259,37114,1993.0
26495,7352,30819,March,5041,8069,New Hampshire,33847,38888,1994.0
27098,6662,29734,June,3996,8022,New Hampshire,33760,37756,1994.0
25852,6783,35644,September,11591,8582,New Hampshire,32635,44226,1994.0
29759,6972,29512,December,2695,9914,New Hampshire,36731,39426,1994.0
28260,7459,30270,March,4435,9884,New Hampshire,35719,40154,1995.0
28840,6564,29344,June,1973,8033,New Hampshire,35404,37377,1995.0
27283,7430,33765,September,7933,8881,New Hampshire,34713,42646,1995.0
29101,6743,31168,December,2869,7545,New Hampshire,35844,38713,1995.0
30294,10795,35544,March,2298,7843,New Hampshire,41089,43387,1996.0
30412,7946,32054,June,1994,8298,New Hampshire,38358,40352,1996.0
28288,7909,33520,September,4840,7517,New Hampshire,36197,41037,1996.0
29433,6951,30801,December,2747,8330,New Hampshire,36384,39131,1996.0
28278,7824,33395,March,5117,7824,New Hampshire,36102,41219,1997.0
28515,6347,31275,June,3911,7498,New Hampshire,34862,38773,1997.0
29460,6326,33170,September,6690,9306,New Hampshire,35786,42476,1997.0
30251,7646,33538,December,4150,8509,New Hampshire,37897,42047,1997.0
30075,7769,32887,March,5640,10597,New Hampshire,37844,43484,1998.0
30476,8234,29813,June,-217,8680,New Hampshire,38710,38493,1998.0
30722,8009,35238,September,5264,8757,New Hampshire,38731,43995,1998.0
29202,7101,35479,December,7097,7921,New Hampshire,36303,43400,1998.0
34364,7504,36179,March,3505,9194,New Hampshire,41868,45373,1999.0
32169,7726,32692,June,1195,8398,New Hampshire,39895,41090,1999.0
30731,10241,35252,September,3548,9268,New Hampshire,40972,44520,1999.0
31046,8008,34436,December,4244,8862,New Hampshire,39054,43298,1999.0
32527,8453,37940,March,7409,10449,New Hampshire,40980,48389,2000.0
34875,7861,34742,June,116,8110,New Hampshire,42736,42852,2000.0
32463,9471,33806,September,858,8986,New Hampshire,41934,42792,2000.0
30742,8196,36622,December,6214,8530,New Hampshire,38938,45152,2000.0
36173,8865,38245,March,4495,11288,New Hampshire,45038,49533,2001.0
40391,10879,33381,June,-9183,8706,New Hampshire,51270,42087,2001.0
37790,9537,30788,September,-7490,9049,New Hampshire,47327,39837,2001.0
35584,7482,32116,December,-3178,7772,New Hampshire,43066,39888,2001.0
33172,9235,35967,March,2406,8846,New Hampshire,42407,44813,2002.0
35046,7764,29474,June,-4444,8892,New Hampshire,42810,38366,2002.0
30560,7174,31150,September,440,7024,New Hampshire,37734,38174,2002.0
34134,7404,31652,December,-2403,7483,New Hampshire,41538,39135,2002.0
32322,7503,31201,March,-22,8602,New Hampshire,39825,39803,2003.0
30205,7003,30264,June,-277,6667,New Hampshire,37208,36931,2003.0
28969,6913,31510,September,4084,8456,New Hampshire,35882,39966,2003.0
30355,6852,30710,December,1986,8483,New Hampshire,37207,39193,2003.0
30418,6979,34159,March,4220,7458,New Hampshire,37397,41617,2004.0
30499,6761,30958,June,1536,7838,New Hampshire,37260,38796,2004.0
30857,6691,33185,September,3409,7772,New Hampshire,37548,40957,2004.0
31250,8510,32092,December,160,7828,New Hampshire,39760,39920,2004.0
33710,7055,31597,March,-1105,8063,New Hampshire,40765,39660,2005.0
29699,7151,32784,June,3691,7757,New Hampshire,36850,40541,2005.0
31102,7248,32626,September,1349,7073,New Hampshire,38350,39699,2005.0
32534,6987,31356,December,-90,8075,New Hampshire,39521,39431,2005.0
31313,5925,31769,March,4931,10400,New Hampshire,37238,42169,2006.0
32480,7138,31998,June,-83,7537,New Hampshire,39618,39535,2006.0
33977,6482,30866,September,-2403,7190,New Hampshire,40459,38056,2006.0
30946,6115,32087,December,2436,7410,New Hampshire,37061,39497,2006.0
31865,6282,31517,March,-6,6624,New Hampshire,38147,38141,2007.0
30331,7139,32428,June,1981,7023,New Hampshire,37470,39451,2007.0
32775,6832,30513,September,-2799,6295,New Hampshire,39607,36808,2007.0
31250,6543,32169,December,1960,7584,New Hampshire,37793,39753,2007.0
31268,7152,31732,March,-798,5890,New Hampshire,38420,37622,2008.0
32495,7031,30290,June,-2173,7063,New Hampshire,39526,37353,2008.0
32191,6722,27578,September,-3622,7713,New Hampshire,38913,35291,2008.0
34753,7077,27076,December,-7966,6788,New Hampshire,41830,33864,2008.0
34714,6913,26519,March,-9492,5616,New Hampshire,41627,32135,2009.0
33129,7538,27757,June,-6221,6689,New Hampshire,40667,34446,2009.0
29599,6729,27318,September,-2917,6093,New Hampshire,36328,33411,2009.0
28854,6536,27288,December,-1345,6757,New Hampshire,35390,34045,2009.0
30633,5922,28407,March,-1608,6540,New Hampshire,36555,34947,2010.0
27144,5885,28654,June,2506,6881,New Hampshire,33029,35535,2010.0
27041,6649,27583,September,-10,6097,New Hampshire,33690,33680,2010.0
26863,6312,29316,December,2877,6736,New Hampshire,33175,36052,2010.0
26441,5934,27388,March,703,5690,New Hampshire,32375,33078,2011.0
27971,6062,28676,June,1038,6395,New Hampshire,34033,35071,2011.0
27718,5544,27968,September,3079,8373,New Hampshire,33262,36341,2011.0
27343,6367,28699,December,1797,6808,New Hampshire,33710,35507,2011.0
26581,5905,29049,March,2832,6269,New Hampshire,32486,35318,2012.0
28009,5979,29583,June,3019,7424,New Hampshire,33988,37007,2012.0
30142,5595,27509,September,-1280,6948,New Hampshire,35737,34457,2012.0
28472,5887,27906,December,72,6525,New Hampshire,34359,34431,2012.0
26921,5283,28641,March,2175,5738,New Hampshire,32204,34379,2013.0
26379,5348,29802,June,4305,6230,New Hampshire,31727,36032,2013.0
28936,5211,26501,September,-1767,5879,New Hampshire,34147,32380,2013.0
24835,6497,30093,December,4423,5662,New Hampshire,31332,35755,2013.0
27109,5029,26349,March,-546,5243,New Hampshire,32138,31592,2014.0
27105,5923,30530,June,3734,6232,New Hampshire,33028,36762,2014.0
29014,5059,26249,September,-1983,5841,New Hampshire,34073,32090,2014.0
26736,6071,30764,December,4273,6316,New Hampshire,32807,37080,2014.0
26436,5058,26310,March,516,5700,New Hampshire,31494,32010,2015.0
27537,5571,30890,June,4323,6541,New Hampshire,33108,37431,2015.0
29208,5831,26833,September,-1437,6769,New Hampshire,35039,33602,2015.0
25573,5530,30728,December,6144,6519,New Hampshire,31103,37247,2015.0
28144,4708,28621,March,818,5049,New Hampshire,32852,33670,2016.0
27404,5667,30361,June,3569,6279,New Hampshire,33071,36640,2016.0
29190,6138,29230,September,806,6904,New Hampshire,35328,36134,2016.0
27630,5705,29338,December,2070,6067,New Hampshire,33335,35405,2016.0
26727,5293,26850,March,703,5873,New Hampshire,32020,32723,2017.0
28789,5365,31361,June,3455,6248,New Hampshire,34154,37609,2017.0
30604,6499,26702,September,-5175,5226,New Hampshire,37103,31928,2017.0
27844,5814,29793,December,3919,7784,New Hampshire,33658,37577,2017.0
154457,55453,167230,September,22691,65371,New Jersey,209910,232601,1992.0
162980,50997,154029,December,-5086,54862,New Jersey,213977,208891,1992.0
165218,40527,168072,March,17941,55614,New Jersey,205745,223686,1993.0
163841,42552,167199,June,12245,51439,New Jersey,206393,218638,1993.0
154472,48947,175815,September,19137,46741,New Jersey,203419,222556,1993.0
163448,54060,164527,December,1681,54662,New Jersey,217508,219189,1993.0
163448,44759,165821,March,3916,46302,New Jersey,208207,212123,1994.0
165484,48383,173136,June,24785,65516,New Jersey,213867,238652,1994.0
158954,47460,184445,September,44856,66825,New Jersey,206414,251270,1994.0
179112,56512,171051,December,-4762,59811,New Jersey,235624,230862,1994.0
166621,44184,178424,March,22441,54822,New Jersey,210805,233246,1995.0
184576,55523,165053,June,-19464,55582,New Jersey,240099,220635,1995.0
166013,81735,186706,September,-10591,50451,New Jersey,247748,237157,1995.0
173576,40864,171016,December,41123,84547,New Jersey,214440,255563,1995.0
180390,49060,175839,March,14429,68040,New Jersey,229450,243879,1996.0
176692,50617,175826,June,174,51657,New Jersey,227309,227483,1996.0
171678,49490,196394,September,29432,54206,New Jersey,221168,250600,1996.0
174781,56412,185565,December,14665,60293,New Jersey,231193,245858,1996.0
170308,55001,203161,March,33946,56094,New Jersey,225309,259255,1997.0
187672,50099,175208,June,-1460,61103,New Jersey,237771,236311,1997.0
164238,46217,195143,September,35957,51269,New Jersey,210455,246412,1997.0
180077,74016,199459,December,11485,66119,New Jersey,254093,265578,1997.0
184126,84274,211086,March,47557,104871,New Jersey,268400,315957,1998.0
171585,50391,172926,June,4235,53285,New Jersey,221976,226211,1998.0
171182,83574,193465,September,29073,90364,New Jersey,254756,283829,1998.0
176100,78957,202435,December,32375,84997,New Jersey,255057,287432,1998.0
191707,93221,211666,March,49465,122727,New Jersey,284928,334393,1999.0
190317,59512,189508,June,6618,66939,New Jersey,249829,256447,1999.0
186899,82799,212187,September,21279,78790,New Jersey,269698,290977,1999.0
188085,72502,200376,December,5073,65284,New Jersey,260587,265660,1999.0
201356,70837,237954,March,66742,100981,New Jersey,272193,338935,2000.0
213626,68714,204025,June,-12163,66152,New Jersey,282340,270177,2000.0
206917,66949,212477,September,1431,62820,New Jersey,273866,275297,2000.0
188003,72842,209868,December,25782,76759,New Jersey,260845,286627,2000.0
206360,61200,213165,March,6900,61295,New Jersey,267560,274460,2001.0
216962,57766,198656,June,-14163,61909,New Jersey,274728,260565,2001.0
222770,68343,184537,September,-35523,71053,New Jersey,291113,255590,2001.0
208204,49500,198947,December,-26055,32702,New Jersey,257704,231649,2001.0
205140,55064,214782,March,31517,76939,New Jersey,260204,291721,2002.0
207590,61641,181990,June,-35579,51662,New Jersey,269231,233652,2002.0
194336,49889,191069,September,-1012,52144,New Jersey,244225,243213,2002.0
198212,46264,186193,December,-8348,49935,New Jersey,244476,236128,2002.0
202862,56568,191030,March,-3780,64620,New Jersey,259430,255650,2003.0
191948,40744,177348,June,-7849,47495,New Jersey,232692,224843,2003.0
179131,44557,186488,September,15593,52793,New Jersey,223688,239281,2003.0
187279,36099,175951,December,4068,51495,New Jersey,223378,227446,2003.0
178200,51753,182635,March,-660,46658,New Jersey,229953,229293,2004.0
182641,47978,183770,June,1513,48362,New Jersey,230619,232132,2004.0
184549,51862,187681,September,11736,60466,New Jersey,236411,248147,2004.0
182847,32326,184461,December,18028,48740,New Jersey,215173,233201,2004.0
187504,46377,177979,March,-8868,47034,New Jersey,233881,225013,2005.0
178808,44969,192683,June,17266,48360,New Jersey,223777,241043,2005.0
186583,36188,179282,September,10094,53583,New Jersey,222771,232865,2005.0
184872,39063,179912,December,361,44384,New Jersey,223935,224296,2005.0
169425,34448,189187,March,29356,44042,New Jersey,203873,233229,2006.0
185548,48948,181525,June,-7594,45377,New Jersey,234496,226902,2006.0
186001,40374,172849,September,-6315,47211,New Jersey,226375,220060,2006.0
179752,39105,177696,December,5069,46230,New Jersey,218857,223926,2006.0
181109,40305,174690,March,-9025,37699,New Jersey,221414,212389,2007.0
176951,41944,188073,June,13535,44357,New Jersey,218895,232430,2007.0
188981,41719,166861,September,-11463,52376,New Jersey,230700,219237,2007.0
180290,36750,183539,December,11849,45350,New Jersey,217040,228889,2007.0
181244,36743,174480,March,-5605,37902,New Jersey,217987,212382,2008.0
195379,39147,174197,June,-14605,45724,New Jersey,234526,219921,2008.0
195181,38893,160505,September,-36613,36956,New Jersey,234074,197461,2008.0
210549,42092,153245,December,-63328,36068,New Jersey,252641,189313,2008.0
201736,36593,138974,March,-63827,35528,New Jersey,238329,174502,2009.0
188765,41539,159932,June,-26175,44197,New Jersey,230304,204129,2009.0
173009,39072,150902,September,-21812,39367,New Jersey,212081,190269,2009.0
169689,36835,161300,December,-9260,35964,New Jersey,206524,197264,2009.0
168094,33508,148718,March,-19332,33552,New Jersey,201602,182270,2010.0
157815,34656,173316,June,22248,41403,New Jersey,192471,214719,2010.0
165114,33627,155288,September,-8611,34842,New Jersey,198741,190130,2010.0
160106,32804,166346,December,11788,38352,New Jersey,192910,204698,2010.0
164592,37844,156494,March,-12270,33672,New Jersey,202436,190166,2011.0
164035,32354,173736,June,22238,44891,New Jersey,196389,218627,2011.0
167523,32808,170624,September,7145,36852,New Jersey,200331,207476,2011.0
162410,33371,165769,December,8573,38585,New Jersey,195781,204354,2011.0
159084,30839,171773,March,17054,35204,New Jersey,189923,206977,2012.0
157185,33345,166687,June,17335,41178,New Jersey,190530,207865,2012.0
170379,31165,160333,September,-3301,37910,New Jersey,201544,198243,2012.0
162827,36002,165429,December,3827,37227,New Jersey,198829,202656,2012.0
158101,34848,171567,March,14307,35689,New Jersey,192949,207256,2013.0
150468,34760,167933,June,26112,43407,New Jersey,185228,211340,2013.0
168354,32221,164208,September,1611,37978,New Jersey,200575,202186,2013.0
172922,34977,168206,December,-1780,37913,New Jersey,207899,206119,2013.0
167006,39423,160633,March,-10030,35766,New Jersey,206429,196399,2014.0
157426,37404,180605,June,30866,45091,New Jersey,194830,225696,2014.0
171893,34985,165820,September,-102,40956,New Jersey,206878,206776,2014.0
162723,41471,180826,December,21965,45333,New Jersey,204194,226159,2014.0
171185,36360,158049,March,-11305,38191,New Jersey,207545,196240,2015.0
163379,37711,188120,June,34647,47617,New Jersey,201090,235737,2015.0
168449,36608,171051,September,6886,40892,New Jersey,205057,211943,2015.0
162905,34689,182444,December,29886,45036,New Jersey,197594,227480,2015.0
168162,34230,163422,March,-4690,34280,New Jersey,202392,197702,2016.0
157785,33829,178831,June,25776,38559,New Jersey,191614,217390,2016.0
167808,32283,175765,September,12457,36783,New Jersey,200091,212548,2016.0
170929,29585,178348,December,17085,39251,New Jersey,200514,217599,2016.0
170526,28414,162461,March,-7860,28619,New Jersey,198940,191080,2017.0
160021,27324,190635,June,43877,40587,New Jersey,187345,231222,2017.0
182436,30929,166994,September,-6191,40180,New Jersey,213365,207174,2017.0
167635,27138,185181,December,32731,42323,New Jersey,194773,227504,2017.0
154457,55453,167230,September,22691,65371,New Jersey,209910,232601,1992.0
162980,50997,154029,December,-5086,54862,New Jersey,213977,208891,1992.0
165218,40527,168072,March,17941,55614,New Jersey,205745,223686,1993.0
163841,42552,167199,June,12245,51439,New Jersey,206393,218638,1993.0
154472,48947,175815,September,19137,46741,New Jersey,203419,222556,1993.0
163448,54060,164527,December,1681,54662,New Jersey,217508,219189,1993.0
163448,44759,165821,March,3916,46302,New Jersey,208207,212123,1994.0
165484,48383,173136,June,24785,65516,New Jersey,213867,238652,1994.0
158954,47460,184445,September,44856,66825,New Jersey,206414,251270,1994.0
179112,56512,171051,December,-4762,59811,New Jersey,235624,230862,1994.0
166621,44184,178424,March,22441,54822,New Jersey,210805,233246,1995.0
184576,55523,165053,June,-19464,55582,New Jersey,240099,220635,1995.0
166013,81735,186706,September,-10591,50451,New Jersey,247748,237157,1995.0
173576,40864,171016,December,41123,84547,New Jersey,214440,255563,1995.0
180390,49060,175839,March,14429,68040,New Jersey,229450,243879,1996.0
176692,50617,175826,June,174,51657,New Jersey,227309,227483,1996.0
171678,49490,196394,September,29432,54206,New Jersey,221168,250600,1996.0
174781,56412,185565,December,14665,60293,New Jersey,231193,245858,1996.0
170308,55001,203161,March,33946,56094,New Jersey,225309,259255,1997.0
187672,50099,175208,June,-1460,61103,New Jersey,237771,236311,1997.0
164238,46217,195143,September,35957,51269,New Jersey,210455,246412,1997.0
180077,74016,199459,December,11485,66119,New Jersey,254093,265578,1997.0
184126,84274,211086,March,47557,104871,New Jersey,268400,315957,1998.0
171585,50391,172926,June,4235,53285,New Jersey,221976,226211,1998.0
171182,83574,193465,September,29073,90364,New Jersey,254756,283829,1998.0
176100,78957,202435,December,32375,84997,New Jersey,255057,287432,1998.0
191707,93221,211666,March,49465,122727,New Jersey,284928,334393,1999.0
190317,59512,189508,June,6618,66939,New Jersey,249829,256447,1999.0
186899,82799,212187,September,21279,78790,New Jersey,269698,290977,1999.0
188085,72502,200376,December,5073,65284,New Jersey,260587,265660,1999.0
201356,70837,237954,March,66742,100981,New Jersey,272193,338935,2000.0
213626,68714,204025,June,-12163,66152,New Jersey,282340,270177,2000.0
206917,66949,212477,September,1431,62820,New Jersey,273866,275297,2000.0
188003,72842,209868,December,25782,76759,New Jersey,260845,286627,2000.0
206360,61200,213165,March,6900,61295,New Jersey,267560,274460,2001.0
216962,57766,198656,June,-14163,61909,New Jersey,274728,260565,2001.0
222770,68343,184537,September,-35523,71053,New Jersey,291113,255590,2001.0
208204,49500,198947,December,-26055,32702,New Jersey,257704,231649,2001.0
205140,55064,214782,March,31517,76939,New Jersey,260204,291721,2002.0
207590,61641,181990,June,-35579,51662,New Jersey,269231,233652,2002.0
194336,49889,191069,September,-1012,52144,New Jersey,244225,243213,2002.0
198212,46264,186193,December,-8348,49935,New Jersey,244476,236128,2002.0
202862,56568,191030,March,-3780,64620,New Jersey,259430,255650,2003.0
191948,40744,177348,June,-7849,47495,New Jersey,232692,224843,2003.0
179131,44557,186488,September,15593,52793,New Jersey,223688,239281,2003.0
187279,36099,175951,December,4068,51495,New Jersey,223378,227446,2003.0
178200,51753,182635,March,-660,46658,New Jersey,229953,229293,2004.0
182641,47978,183770,June,1513,48362,New Jersey,230619,232132,2004.0
184549,51862,187681,September,11736,60466,New Jersey,236411,248147,2004.0
182847,32326,184461,December,18028,48740,New Jersey,215173,233201,2004.0
187504,46377,177979,March,-8868,47034,New Jersey,233881,225013,2005.0
178808,44969,192683,June,17266,48360,New Jersey,223777,241043,2005.0
186583,36188,179282,September,10094,53583,New Jersey,222771,232865,2005.0
184872,39063,179912,December,361,44384,New Jersey,223935,224296,2005.0
169425,34448,189187,March,29356,44042,New Jersey,203873,233229,2006.0
185548,48948,181525,June,-7594,45377,New Jersey,234496,226902,2006.0
186001,40374,172849,September,-6315,47211,New Jersey,226375,220060,2006.0
179752,39105,177696,December,5069,46230,New Jersey,218857,223926,2006.0
181109,40305,174690,March,-9025,37699,New Jersey,221414,212389,2007.0
176951,41944,188073,June,13535,44357,New Jersey,218895,232430,2007.0
188981,41719,166861,September,-11463,52376,New Jersey,230700,219237,2007.0
180290,36750,183539,December,11849,45350,New Jersey,217040,228889,2007.0
181244,36743,174480,March,-5605,37902,New Jersey,217987,212382,2008.0
195379,39147,174197,June,-14605,45724,New Jersey,234526,219921,2008.0
195181,38893,160505,September,-36613,36956,New Jersey,234074,197461,2008.0
210549,42092,153245,December,-63328,36068,New Jersey,252641,189313,2008.0
201736,36593,138974,March,-63827,35528,New Jersey,238329,174502,2009.0
188765,41539,159932,June,-26175,44197,New Jersey,230304,204129,2009.0
173009,39072,150902,September,-21812,39367,New Jersey,212081,190269,2009.0
169689,36835,161300,December,-9260,35964,New Jersey,206524,197264,2009.0
168094,33508,148718,March,-19332,33552,New Jersey,201602,182270,2010.0
157815,34656,173316,June,22248,41403,New Jersey,192471,214719,2010.0
165114,33627,155288,September,-8611,34842,New Jersey,198741,190130,2010.0
160106,32804,166346,December,11788,38352,New Jersey,192910,204698,2010.0
164592,37844,156494,March,-12270,33672,New Jersey,202436,190166,2011.0
164035,32354,173736,June,22238,44891,New Jersey,196389,218627,2011.0
167523,32808,170624,September,7145,36852,New Jersey,200331,207476,2011.0
162410,33371,165769,December,8573,38585,New Jersey,195781,204354,2011.0
159084,30839,171773,March,17054,35204,New Jersey,189923,206977,2012.0
157185,33345,166687,June,17335,41178,New Jersey,190530,207865,2012.0
170379,31165,160333,September,-3301,37910,New Jersey,201544,198243,2012.0
162827,36002,165429,December,3827,37227,New Jersey,198829,202656,2012.0
158101,34848,171567,March,14307,35689,New Jersey,192949,207256,2013.0
150468,34760,167933,June,26112,43407,New Jersey,185228,211340,2013.0
168354,32221,164208,September,1611,37978,New Jersey,200575,202186,2013.0
172922,34977,168206,December,-1780,37913,New Jersey,207899,206119,2013.0
167006,39423,160633,March,-10030,35766,New Jersey,206429,196399,2014.0
157426,37404,180605,June,30866,45091,New Jersey,194830,225696,2014.0
171893,34985,165820,September,-102,40956,New Jersey,206878,206776,2014.0
162723,41471,180826,December,21965,45333,New Jersey,204194,226159,2014.0
171185,36360,158049,March,-11305,38191,New Jersey,207545,196240,2015.0
163379,37711,188120,June,34647,47617,New Jersey,201090,235737,2015.0
168449,36608,171051,September,6886,40892,New Jersey,205057,211943,2015.0
162905,34689,182444,December,29886,45036,New Jersey,197594,227480,2015.0
168162,34230,163422,March,-4690,34280,New Jersey,202392,197702,2016.0
157785,33829,178831,June,25776,38559,New Jersey,191614,217390,2016.0
167808,32283,175765,September,12457,36783,New Jersey,200091,212548,2016.0
170929,29585,178348,December,17085,39251,New Jersey,200514,217599,2016.0
170526,28414,162461,March,-7860,28619,New Jersey,198940,191080,2017.0
160021,27324,190635,June,43877,40587,New Jersey,187345,231222,2017.0
182436,30929,166994,September,-6191,40180,New Jersey,213365,207174,2017.0
167635,27138,185181,December,32731,42323,New Jersey,194773,227504,2017.0
28775,7644,35573,September,8049,8895,New Mexico,36419,44468,1992.0
32400,7817,31863,December,2074,10428,New Mexico,40217,42291,1992.0
31136,7596,33369,March,5206,10569,New Mexico,38732,43938,1993.0
29998,8381,35517,June,5574,8436,New Mexico,38379,43953,1993.0
31313,8769,36851,September,9574,12805,New Mexico,40082,49656,1993.0
32067,8197,35426,December,6681,11519,New Mexico,40264,46945,1993.0
34000,10501,36870,March,3699,11330,New Mexico,44501,48200,1994.0
31274,10158,35385,June,6487,12534,New Mexico,41432,47919,1994.0
30229,8609,37930,September,12967,13875,New Mexico,38838,51805,1994.0
34439,7696,37859,December,4861,9137,New Mexico,42135,46996,1994.0
37393,4890,41258,March,12391,13416,New Mexico,42283,54674,1995.0
36510,9396,39548,June,2465,8823,New Mexico,45906,48371,1995.0
36108,10221,38530,September,2139,9938,New Mexico,46329,48468,1995.0
35811,18619,38058,December,-8918,7454,New Mexico,54430,45512,1995.0
36016,10411,39161,March,4802,12068,New Mexico,46427,51229,1996.0
33183,10436,35619,June,3387,11387,New Mexico,43619,47006,1996.0
35612,10902,36455,September,1901,11960,New Mexico,46514,48415,1996.0
36412,10537,38014,December,3205,12140,New Mexico,46949,50154,1996.0
37649,11377,36178,March,231,13079,New Mexico,49026,49257,1997.0
33736,8553,36357,June,5238,11170,New Mexico,42289,47527,1997.0
35351,11428,39925,September,2186,9040,New Mexico,46779,48965,1997.0
37971,10834,39315,December,3756,13246,New Mexico,48805,52561,1997.0
36596,10788,38623,March,2476,11237,New Mexico,47384,49860,1998.0
36790,10567,37422,June,1818,11753,New Mexico,47357,49175,1998.0
39266,8478,37516,September,-558,9670,New Mexico,47744,47186,1998.0
37189,10265,37990,December,2012,11476,New Mexico,47454,49466,1998.0
37623,11747,39434,March,165,10101,New Mexico,49370,49535,1999.0
34127,8718,38492,June,5595,9948,New Mexico,42845,48440,1999.0
36369,7942,38113,September,2522,8720,New Mexico,44311,46833,1999.0
35747,10988,39034,December,917,8618,New Mexico,46735,47652,1999.0
36135,9059,40870,March,5975,10299,New Mexico,45194,51169,2000.0
34291,9748,39592,June,4927,9374,New Mexico,44039,48966,2000.0
35907,9141,39449,September,3717,9316,New Mexico,45048,48765,2000.0
36428,7276,39092,December,4170,8782,New Mexico,43704,47874,2000.0
37577,16095,40345,March,-4675,8652,New Mexico,53672,48997,2001.0
36349,11861,38547,June,1232,10895,New Mexico,48210,49442,2001.0
40993,8335,35619,September,-5962,7747,New Mexico,49328,43366,2001.0
37018,8218,36408,December,-189,8639,New Mexico,45236,45047,2001.0
34202,8646,37301,March,4298,9845,New Mexico,42848,47146,2002.0
35935,8077,35464,June,1390,9938,New Mexico,44012,45402,2002.0
36335,9862,36884,September,146,9459,New Mexico,46197,46343,2002.0
33990,10085,35460,December,4372,12987,New Mexico,44075,48447,2002.0
34711,9801,36408,March,-350,7754,New Mexico,44512,44162,2003.0
35290,7588,36233,June,2359,9004,New Mexico,42878,45237,2003.0
34540,9536,35082,September,827,9821,New Mexico,44076,44903,2003.0
33318,8245,35540,December,3756,9779,New Mexico,41563,45319,2003.0
33748,11689,39644,March,3716,9509,New Mexico,45437,49153,2004.0
31941,8505,37031,June,5441,8856,New Mexico,40446,45887,2004.0
34469,7803,34350,September,1148,9070,New Mexico,42272,43420,2004.0
32267,8795,38337,December,6655,9380,New Mexico,41062,47717,2004.0
33538,9595,35674,March,1771,9230,New Mexico,43133,44904,2005.0
33976,8142,37347,June,4271,9042,New Mexico,42118,46389,2005.0
33282,8000,37008,September,5947,10221,New Mexico,41282,47229,2005.0
33584,7582,37440,December,5642,9368,New Mexico,41166,46808,2005.0
33323,8025,42162,March,10421,9607,New Mexico,41348,51769,2006.0
36983,8169,38466,June,15766,22452,New Mexico,45152,60918,2006.0
37423,8604,38063,September,986,8950,New Mexico,46027,47013,2006.0
39636,7840,38188,December,1525,10813,New Mexico,47476,49001,2006.0
33221,8050,39334,March,6674,8611,New Mexico,41271,47945,2007.0
38399,9652,36643,June,-2432,8976,New Mexico,48051,45619,2007.0
38345,9446,38177,September,-645,8969,New Mexico,47791,47146,2007.0
36840,8194,37905,December,1682,8811,New Mexico,45034,46716,2007.0
35548,7900,38162,March,3389,8675,New Mexico,43448,46837,2008.0
40121,8671,35969,June,-4269,8554,New Mexico,48792,44523,2008.0
37745,8077,37275,September,629,9176,New Mexico,45822,46451,2008.0
43860,10637,32211,December,-14200,8086,New Mexico,54497,40297,2008.0
43493,9898,28742,March,-16490,8159,New Mexico,53391,36901,2009.0
39844,8675,30315,June,-9678,8526,New Mexico,48519,38841,2009.0
34330,7848,32873,September,-2161,7144,New Mexico,42178,40017,2009.0
37030,7261,29440,December,-6938,7913,New Mexico,44291,37353,2009.0
32271,7155,31821,March,-555,7050,New Mexico,39426,38871,2010.0
32396,7185,32258,June,1060,8383,New Mexico,39581,40641,2010.0
31890,8324,31986,September,-244,7984,New Mexico,40214,39970,2010.0
30919,7525,31892,December,1525,8077,New Mexico,38444,39969,2010.0
29421,7005,30188,March,-109,6129,New Mexico,36426,36317,2011.0
31762,7149,32264,June,1213,7860,New Mexico,38911,40124,2011.0
31607,6994,33028,September,2846,8419,New Mexico,38601,41447,2011.0
33479,7486,29219,December,-3340,8406,New Mexico,40965,37625,2011.0
28466,7344,32619,March,5538,8729,New Mexico,35810,41348,2012.0
34009,7283,32545,June,-736,8011,New Mexico,41292,40556,2012.0
32149,7090,30841,September,-646,7752,New Mexico,39239,38593,2012.0
30162,7357,38222,December,6447,5744,New Mexico,37519,43966,2012.0
33771,6427,31411,March,-1341,7446,New Mexico,40198,38857,2013.0
32277,8568,33268,June,1169,8746,New Mexico,40845,42014,2013.0
33539,7509,31780,September,-324,8944,New Mexico,41048,40724,2013.0
31610,7000,33342,December,3174,8442,New Mexico,38610,41784,2013.0
32654,7371,30531,March,-537,8957,New Mexico,40025,39488,2014.0
31347,6869,34052,June,2929,7093,New Mexico,38216,41145,2014.0
30421,7682,33254,September,2396,7245,New Mexico,38103,40499,2014.0
30449,7097,34434,December,6455,9567,New Mexico,37546,44001,2014.0
33436,7842,32407,March,-443,8428,New Mexico,41278,40835,2015.0
36104,6753,33466,June,-336,9055,New Mexico,42857,42521,2015.0
33072,7896,32455,September,-203,8310,New Mexico,40968,40765,2015.0
34007,8768,34055,December,401,9121,New Mexico,42775,43176,2015.0
32841,6886,30708,March,87,9106,New Mexico,39727,39814,2016.0
34604,7763,32743,June,-2152,7472,New Mexico,42367,40215,2016.0
31899,6945,34747,September,4469,8566,New Mexico,38844,43313,2016.0
32645,8094,32625,December,536,8650,New Mexico,40739,41275,2016.0
32970,6162,32421,March,1010,7721,New Mexico,39132,40142,2017.0
32239,7444,34695,June,2523,7511,New Mexico,39683,42206,2017.0
32702,6935,32056,September,1250,8831,New Mexico,39637,40887,2017.0
30464,7406,32913,December,2119,7076,New Mexico,37870,39989,2017.0
28775,7644,35573,September,8049,8895,New Mexico,36419,44468,1992.0
32400,7817,31863,December,2074,10428,New Mexico,40217,42291,1992.0
31136,7596,33369,March,5206,10569,New Mexico,38732,43938,1993.0
29998,8381,35517,June,5574,8436,New Mexico,38379,43953,1993.0
31313,8769,36851,September,9574,12805,New Mexico,40082,49656,1993.0
32067,8197,35426,December,6681,11519,New Mexico,40264,46945,1993.0
34000,10501,36870,March,3699,11330,New Mexico,44501,48200,1994.0
31274,10158,35385,June,6487,12534,New Mexico,41432,47919,1994.0
30229,8609,37930,September,12967,13875,New Mexico,38838,51805,1994.0
34439,7696,37859,December,4861,9137,New Mexico,42135,46996,1994.0
37393,4890,41258,March,12391,13416,New Mexico,42283,54674,1995.0
36510,9396,39548,June,2465,8823,New Mexico,45906,48371,1995.0
36108,10221,38530,September,2139,9938,New Mexico,46329,48468,1995.0
35811,18619,38058,December,-8918,7454,New Mexico,54430,45512,1995.0
36016,10411,39161,March,4802,12068,New Mexico,46427,51229,1996.0
33183,10436,35619,June,3387,11387,New Mexico,43619,47006,1996.0
35612,10902,36455,September,1901,11960,New Mexico,46514,48415,1996.0
36412,10537,38014,December,3205,12140,New Mexico,46949,50154,1996.0
37649,11377,36178,March,231,13079,New Mexico,49026,49257,1997.0
33736,8553,36357,June,5238,11170,New Mexico,42289,47527,1997.0
35351,11428,39925,September,2186,9040,New Mexico,46779,48965,1997.0
37971,10834,39315,December,3756,13246,New Mexico,48805,52561,1997.0
36596,10788,38623,March,2476,11237,New Mexico,47384,49860,1998.0
36790,10567,37422,June,1818,11753,New Mexico,47357,49175,1998.0
39266,8478,37516,September,-558,9670,New Mexico,47744,47186,1998.0
37189,10265,37990,December,2012,11476,New Mexico,47454,49466,1998.0
37623,11747,39434,March,165,10101,New Mexico,49370,49535,1999.0
34127,8718,38492,June,5595,9948,New Mexico,42845,48440,1999.0
36369,7942,38113,September,2522,8720,New Mexico,44311,46833,1999.0
35747,10988,39034,December,917,8618,New Mexico,46735,47652,1999.0
36135,9059,40870,March,5975,10299,New Mexico,45194,51169,2000.0
34291,9748,39592,June,4927,9374,New Mexico,44039,48966,2000.0
35907,9141,39449,September,3717,9316,New Mexico,45048,48765,2000.0
36428,7276,39092,December,4170,8782,New Mexico,43704,47874,2000.0
37577,16095,40345,March,-4675,8652,New Mexico,53672,48997,2001.0
36349,11861,38547,June,1232,10895,New Mexico,48210,49442,2001.0
40993,8335,35619,September,-5962,7747,New Mexico,49328,43366,2001.0
37018,8218,36408,December,-189,8639,New Mexico,45236,45047,2001.0
34202,8646,37301,March,4298,9845,New Mexico,42848,47146,2002.0
35935,8077,35464,June,1390,9938,New Mexico,44012,45402,2002.0
36335,9862,36884,September,146,9459,New Mexico,46197,46343,2002.0
33990,10085,35460,December,4372,12987,New Mexico,44075,48447,2002.0
34711,9801,36408,March,-350,7754,New Mexico,44512,44162,2003.0
35290,7588,36233,June,2359,9004,New Mexico,42878,45237,2003.0
34540,9536,35082,September,827,9821,New Mexico,44076,44903,2003.0
33318,8245,35540,December,3756,9779,New Mexico,41563,45319,2003.0
33748,11689,39644,March,3716,9509,New Mexico,45437,49153,2004.0
31941,8505,37031,June,5441,8856,New Mexico,40446,45887,2004.0
34469,7803,34350,September,1148,9070,New Mexico,42272,43420,2004.0
32267,8795,38337,December,6655,9380,New Mexico,41062,47717,2004.0
33538,9595,35674,March,1771,9230,New Mexico,43133,44904,2005.0
33976,8142,37347,June,4271,9042,New Mexico,42118,46389,2005.0
33282,8000,37008,September,5947,10221,New Mexico,41282,47229,2005.0
33584,7582,37440,December,5642,9368,New Mexico,41166,46808,2005.0
33323,8025,42162,March,10421,9607,New Mexico,41348,51769,2006.0
36983,8169,38466,June,15766,22452,New Mexico,45152,60918,2006.0
37423,8604,38063,September,986,8950,New Mexico,46027,47013,2006.0
39636,7840,38188,December,1525,10813,New Mexico,47476,49001,2006.0
33221,8050,39334,March,6674,8611,New Mexico,41271,47945,2007.0
38399,9652,36643,June,-2432,8976,New Mexico,48051,45619,2007.0
38345,9446,38177,September,-645,8969,New Mexico,47791,47146,2007.0
36840,8194,37905,December,1682,8811,New Mexico,45034,46716,2007.0
35548,7900,38162,March,3389,8675,New Mexico,43448,46837,2008.0
40121,8671,35969,June,-4269,8554,New Mexico,48792,44523,2008.0
37745,8077,37275,September,629,9176,New Mexico,45822,46451,2008.0
43860,10637,32211,December,-14200,8086,New Mexico,54497,40297,2008.0
43493,9898,28742,March,-16490,8159,New Mexico,53391,36901,2009.0
39844,8675,30315,June,-9678,8526,New Mexico,48519,38841,2009.0
34330,7848,32873,September,-2161,7144,New Mexico,42178,40017,2009.0
37030,7261,29440,December,-6938,7913,New Mexico,44291,37353,2009.0
32271,7155,31821,March,-555,7050,New Mexico,39426,38871,2010.0
32396,7185,32258,June,1060,8383,New Mexico,39581,40641,2010.0
31890,8324,31986,September,-244,7984,New Mexico,40214,39970,2010.0
30919,7525,31892,December,1525,8077,New Mexico,38444,39969,2010.0
29421,7005,30188,March,-109,6129,New Mexico,36426,36317,2011.0
31762,7149,32264,June,1213,7860,New Mexico,38911,40124,2011.0
31607,6994,33028,September,2846,8419,New Mexico,38601,41447,2011.0
33479,7486,29219,December,-3340,8406,New Mexico,40965,37625,2011.0
28466,7344,32619,March,5538,8729,New Mexico,35810,41348,2012.0
34009,7283,32545,June,-736,8011,New Mexico,41292,40556,2012.0
32149,7090,30841,September,-646,7752,New Mexico,39239,38593,2012.0
30162,7357,38222,December,6447,5744,New Mexico,37519,43966,2012.0
33771,6427,31411,March,-1341,7446,New Mexico,40198,38857,2013.0
32277,8568,33268,June,1169,8746,New Mexico,40845,42014,2013.0
33539,7509,31780,September,-324,8944,New Mexico,41048,40724,2013.0
31610,7000,33342,December,3174,8442,New Mexico,38610,41784,2013.0
32654,7371,30531,March,-537,8957,New Mexico,40025,39488,2014.0
31347,6869,34052,June,2929,7093,New Mexico,38216,41145,2014.0
30421,7682,33254,September,2396,7245,New Mexico,38103,40499,2014.0
30449,7097,34434,December,6455,9567,New Mexico,37546,44001,2014.0
33436,7842,32407,March,-443,8428,New Mexico,41278,40835,2015.0
36104,6753,33466,June,-336,9055,New Mexico,42857,42521,2015.0
33072,7896,32455,September,-203,8310,New Mexico,40968,40765,2015.0
34007,8768,34055,December,401,9121,New Mexico,42775,43176,2015.0
32841,6886,30708,March,87,9106,New Mexico,39727,39814,2016.0
34604,7763,32743,June,-2152,7472,New Mexico,42367,40215,2016.0
31899,6945,34747,September,4469,8566,New Mexico,38844,43313,2016.0
32645,8094,32625,December,536,8650,New Mexico,40739,41275,2016.0
32970,6162,32421,March,1010,7721,New Mexico,39132,40142,2017.0
32239,7444,34695,June,2523,7511,New Mexico,39683,42206,2017.0
32702,6935,32056,September,1250,8831,New Mexico,39637,40887,2017.0
30464,7406,32913,December,2119,7076,New Mexico,37870,39989,2017.0
359570,97412,367062,September,10922,100842,New York,456982,467904,1992.0
386196,102698,341830,December,-41000,106064,New York,488894,447894,1992.0
352278,131105,382395,March,25812,126800,New York,483383,509195,1993.0
349329,120963,368524,June,12143,113911,New York,470292,482435,1993.0
353250,110201,393650,September,42185,111986,New York,463451,505636,1993.0
371802,102446,359851,December,-10741,103656,New York,474248,463507,1993.0
360207,120066,376155,March,13850,117968,New York,480273,494123,1994.0
355225,108006,376782,June,28178,114627,New York,463231,491409,1994.0
358710,92749,402317,September,63431,112573,New York,451459,514890,1994.0
377012,112047,369144,December,-8708,111207,New York,489059,480351,1994.0
365408,118609,405044,March,50021,128994,New York,484017,534038,1995.0
383163,112317,363608,June,-23481,108391,New York,495480,471999,1995.0
354338,113871,390835,September,35930,113304,New York,468209,504139,1995.0
390898,117466,362973,December,-28766,116625,New York,508364,479598,1995.0
364819,126880,396708,March,51961,146952,New York,491699,543660,1996.0
367659,120189,380939,June,11352,118261,New York,487848,499200,1996.0
364946,123569,396719,September,35499,127295,New York,488515,524014,1996.0
377933,122013,384204,December,16663,132405,New York,499946,516609,1996.0
353097,133377,406784,March,54578,134268,New York,486474,541052,1997.0
369535,129854,376033,June,-5651,117705,New York,499389,493738,1997.0
342241,145252,404012,September,45414,128895,New York,487493,532907,1997.0
371787,119161,391126,December,40528,140350,New York,490948,531476,1997.0
368865,143740,422774,March,59233,149064,New York,512605,571838,1998.0
377359,133762,399031,June,12414,124504,New York,511121,523535,1998.0
371601,124817,404897,September,41136,132657,New York,496418,537554,1998.0
367343,117834,402684,December,37674,120167,New York,485177,522851,1998.0
395626,138683,458540,March,99724,175493,New York,534309,634033,1999.0
442505,151774,453794,June,-3961,136524,New York,594279,590318,1999.0
414736,161659,454885,September,16768,138278,New York,576395,593163,1999.0
409904,134122,470427,December,64293,137892,New York,544026,608319,1999.0
424235,126505,472407,March,80172,158505,New York,550740,630912,2000.0
422671,131515,444072,June,7366,117480,New York,554186,561552,2000.0
416896,131201,467539,September,50033,130591,New York,548097,598130,2000.0
431529,130881,462690,December,24575,124295,New York,562410,586985,2000.0
465202,120515,459063,March,4351,131005,New York,585717,590068,2001.0
468456,152873,421263,June,-77504,122562,New York,621329,543825,2001.0
475691,147237,367237,September,-139082,116609,New York,622928,483846,2001.0
438771,123877,392070,December,-47024,123554,New York,562648,515624,2001.0
424916,131194,415888,March,82,140304,New York,556110,556192,2002.0
386472,109174,367146,June,-23051,105449,New York,495646,472595,2002.0
394082,111790,376475,September,-8031,121366,New York,505872,497841,2002.0
381960,118941,386020,December,-9032,105849,New York,500901,491869,2002.0
393192,107638,381933,March,-14372,104525,New York,500830,486458,2003.0
373498,102093,357801,June,-20702,97088,New York,475591,454889,2003.0
367370,103282,370083,September,974,101543,New York,470652,471626,2003.0
356026,98358,371152,December,17266,100498,New York,454384,471650,2003.0
362830,98962,388478,March,26888,100202,New York,461792,488680,2004.0
359922,102996,373457,June,15997,105458,New York,462918,478915,2004.0
367395,103996,387377,September,33983,117997,New York,471391,505374,2004.0
366710,101219,385945,December,22756,104740,New York,467929,490685,2004.0
377837,103580,387046,March,8353,102724,New York,481417,489770,2005.0
371780,95658,377122,June,20276,110592,New York,467438,487714,2005.0
369594,94791,393259,September,36248,107374,New York,464385,500633,2005.0
356347,94091,372672,December,11411,89177,New York,450438,461849,2005.0
360377,97588,380322,March,16704,94347,New York,457965,474669,2006.0
362522,84758,374186,June,36029,109123,New York,447280,483309,2006.0
367605,83545,360745,September,4764,95169,New York,451150,455914,2006.0
344966,86479,390455,December,48015,89005,New York,431445,479460,2006.0
361036,90755,378818,March,15225,88198,New York,451791,467016,2007.0
359872,82950,382949,June,40272,100145,New York,442822,483094,2007.0
371783,89898,357827,September,-14198,89656,New York,461681,447483,2007.0
349812,84882,397913,December,53537,90318,New York,434694,488231,2007.0
362536,89772,367464,March,-986,83858,New York,452308,451322,2008.0
374801,87140,373126,June,1925,90740,New York,461941,463866,2008.0
382381,85607,355159,September,-22551,90278,New York,467988,445437,2008.0
411612,92417,339564,December,-75924,88541,New York,504029,428105,2008.0
423750,87595,299182,March,-134400,77763,New York,511345,376945,2009.0
403738,87314,331323,June,-66449,93280,New York,491052,424603,2009.0
355381,81163,330639,September,-34128,71777,New York,436544,402416,2009.0
336580,83682,332207,December,-7753,80302,New York,420262,412509,2009.0
329224,74495,314217,March,-14972,74530,New York,403719,388747,2010.0
317673,75698,358238,June,51713,86846,New York,393371,445084,2010.0
324921,79806,341980,September,27234,89981,New York,404727,431961,2010.0
331527,81150,350840,December,30832,92669,New York,412677,443509,2010.0
315195,71280,336687,March,32365,82153,New York,386475,418840,2011.0
319447,87726,369565,June,52455,90063,New York,407173,459628,2011.0
332555,84782,367924,September,42515,91928,New York,417337,459852,2011.0
335922,85830,344473,December,11056,88335,New York,421752,432808,2011.0
322169,78130,381929,March,69535,87905,New York,400299,469834,2012.0
342779,87361,368603,June,32726,94263,New York,430140,462866,2012.0
357856,83834,358673,September,13208,96225,New York,441690,454898,2012.0
348240,91704,369130,December,25992,96806,New York,439944,465936,2012.0
345244,83728,368536,March,29776,90212,New York,428972,458748,2013.0
337522,85686,374139,June,48321,97390,New York,423208,471529,2013.0
355201,87091,365401,September,27731,104622,New York,442292,470023,2013.0
347609,91487,393280,December,50147,95963,New York,439096,489243,2013.0
355104,87724,369779,March,15573,88622,New York,442828,458401,2014.0
345142,86016,395220,June,64450,100388,New York,431158,495608,2014.0
359914,88896,384460,September,29899,94249,New York,448810,478709,2014.0
348104,90958,398926,December,53930,94066,New York,439062,492992,2014.0
367431,83441,369937,March,6273,87208,New York,450872,457145,2015.0
360150,82985,411480,June,63801,95456,New York,443135,506936,2015.0
368858,92281,387332,September,18025,91832,New York,461139,479164,2015.0
349429,95480,398087,December,47817,94639,New York,444909,492726,2015.0
360074,84656,390895,March,30395,84230,New York,444730,475125,2016.0
365617,87263,392151,June,29759,90488,New York,452880,482639,2016.0
374850,83900,404174,September,31750,86326,New York,458750,490500,2016.0
369514,91823,382616,December,11375,90096,New York,461337,472712,2016.0
363653,82914,399721,March,36393,83239,New York,446567,482960,2017.0
364620,87631,413571,June,59978,98658,New York,452251,512229,2017.0
389915,95994,397700,September,2791,91000,New York,485909,488700,2017.0
355184,102112,393114,December,26067,90249,New York,457296,483363,2017.0
359570,97412,367062,September,10922,100842,New York,456982,467904,1992.0
386196,102698,341830,December,-41000,106064,New York,488894,447894,1992.0
352278,131105,382395,March,25812,126800,New York,483383,509195,1993.0
349329,120963,368524,June,12143,113911,New York,470292,482435,1993.0
353250,110201,393650,September,42185,111986,New York,463451,505636,1993.0
371802,102446,359851,December,-10741,103656,New York,474248,463507,1993.0
360207,120066,376155,March,13850,117968,New York,480273,494123,1994.0
355225,108006,376782,June,28178,114627,New York,463231,491409,1994.0
358710,92749,402317,September,63431,112573,New York,451459,514890,1994.0
377012,112047,369144,December,-8708,111207,New York,489059,480351,1994.0
365408,118609,405044,March,50021,128994,New York,484017,534038,1995.0
383163,112317,363608,June,-23481,108391,New York,495480,471999,1995.0
354338,113871,390835,September,35930,113304,New York,468209,504139,1995.0
390898,117466,362973,December,-28766,116625,New York,508364,479598,1995.0
364819,126880,396708,March,51961,146952,New York,491699,543660,1996.0
367659,120189,380939,June,11352,118261,New York,487848,499200,1996.0
364946,123569,396719,September,35499,127295,New York,488515,524014,1996.0
377933,122013,384204,December,16663,132405,New York,499946,516609,1996.0
353097,133377,406784,March,54578,134268,New York,486474,541052,1997.0
369535,129854,376033,June,-5651,117705,New York,499389,493738,1997.0
342241,145252,404012,September,45414,128895,New York,487493,532907,1997.0
371787,119161,391126,December,40528,140350,New York,490948,531476,1997.0
368865,143740,422774,March,59233,149064,New York,512605,571838,1998.0
377359,133762,399031,June,12414,124504,New York,511121,523535,1998.0
371601,124817,404897,September,41136,132657,New York,496418,537554,1998.0
367343,117834,402684,December,37674,120167,New York,485177,522851,1998.0
395626,138683,458540,March,99724,175493,New York,534309,634033,1999.0
442505,151774,453794,June,-3961,136524,New York,594279,590318,1999.0
414736,161659,454885,September,16768,138278,New York,576395,593163,1999.0
409904,134122,470427,December,64293,137892,New York,544026,608319,1999.0
424235,126505,472407,March,80172,158505,New York,550740,630912,2000.0
422671,131515,444072,June,7366,117480,New York,554186,561552,2000.0
416896,131201,467539,September,50033,130591,New York,548097,598130,2000.0
431529,130881,462690,December,24575,124295,New York,562410,586985,2000.0
465202,120515,459063,March,4351,131005,New York,585717,590068,2001.0
468456,152873,421263,June,-77504,122562,New York,621329,543825,2001.0
475691,147237,367237,September,-139082,116609,New York,622928,483846,2001.0
438771,123877,392070,December,-47024,123554,New York,562648,515624,2001.0
424916,131194,415888,March,82,140304,New York,556110,556192,2002.0
386472,109174,367146,June,-23051,105449,New York,495646,472595,2002.0
394082,111790,376475,September,-8031,121366,New York,505872,497841,2002.0
381960,118941,386020,December,-9032,105849,New York,500901,491869,2002.0
393192,107638,381933,March,-14372,104525,New York,500830,486458,2003.0
373498,102093,357801,June,-20702,97088,New York,475591,454889,2003.0
367370,103282,370083,September,974,101543,New York,470652,471626,2003.0
356026,98358,371152,December,17266,100498,New York,454384,471650,2003.0
362830,98962,388478,March,26888,100202,New York,461792,488680,2004.0
359922,102996,373457,June,15997,105458,New York,462918,478915,2004.0
367395,103996,387377,September,33983,117997,New York,471391,505374,2004.0
366710,101219,385945,December,22756,104740,New York,467929,490685,2004.0
377837,103580,387046,March,8353,102724,New York,481417,489770,2005.0
371780,95658,377122,June,20276,110592,New York,467438,487714,2005.0
369594,94791,393259,September,36248,107374,New York,464385,500633,2005.0
356347,94091,372672,December,11411,89177,New York,450438,461849,2005.0
360377,97588,380322,March,16704,94347,New York,457965,474669,2006.0
362522,84758,374186,June,36029,109123,New York,447280,483309,2006.0
367605,83545,360745,September,4764,95169,New York,451150,455914,2006.0
344966,86479,390455,December,48015,89005,New York,431445,479460,2006.0
361036,90755,378818,March,15225,88198,New York,451791,467016,2007.0
359872,82950,382949,June,40272,100145,New York,442822,483094,2007.0
371783,89898,357827,September,-14198,89656,New York,461681,447483,2007.0
349812,84882,397913,December,53537,90318,New York,434694,488231,2007.0
362536,89772,367464,March,-986,83858,New York,452308,451322,2008.0
374801,87140,373126,June,1925,90740,New York,461941,463866,2008.0
382381,85607,355159,September,-22551,90278,New York,467988,445437,2008.0
411612,92417,339564,December,-75924,88541,New York,504029,428105,2008.0
423750,87595,299182,March,-134400,77763,New York,511345,376945,2009.0
403738,87314,331323,June,-66449,93280,New York,491052,424603,2009.0
355381,81163,330639,September,-34128,71777,New York,436544,402416,2009.0
336580,83682,332207,December,-7753,80302,New York,420262,412509,2009.0
329224,74495,314217,March,-14972,74530,New York,403719,388747,2010.0
317673,75698,358238,June,51713,86846,New York,393371,445084,2010.0
324921,79806,341980,September,27234,89981,New York,404727,431961,2010.0
331527,81150,350840,December,30832,92669,New York,412677,443509,2010.0
315195,71280,336687,March,32365,82153,New York,386475,418840,2011.0
319447,87726,369565,June,52455,90063,New York,407173,459628,2011.0
332555,84782,367924,September,42515,91928,New York,417337,459852,2011.0
335922,85830,344473,December,11056,88335,New York,421752,432808,2011.0
322169,78130,381929,March,69535,87905,New York,400299,469834,2012.0
342779,87361,368603,June,32726,94263,New York,430140,462866,2012.0
357856,83834,358673,September,13208,96225,New York,441690,454898,2012.0
348240,91704,369130,December,25992,96806,New York,439944,465936,2012.0
345244,83728,368536,March,29776,90212,New York,428972,458748,2013.0
337522,85686,374139,June,48321,97390,New York,423208,471529,2013.0
355201,87091,365401,September,27731,104622,New York,442292,470023,2013.0
347609,91487,393280,December,50147,95963,New York,439096,489243,2013.0
355104,87724,369779,March,15573,88622,New York,442828,458401,2014.0
345142,86016,395220,June,64450,100388,New York,431158,495608,2014.0
359914,88896,384460,September,29899,94249,New York,448810,478709,2014.0
348104,90958,398926,December,53930,94066,New York,439062,492992,2014.0
367431,83441,369937,March,6273,87208,New York,450872,457145,2015.0
360150,82985,411480,June,63801,95456,New York,443135,506936,2015.0
368858,92281,387332,September,18025,91832,New York,461139,479164,2015.0
349429,95480,398087,December,47817,94639,New York,444909,492726,2015.0
360074,84656,390895,March,30395,84230,New York,444730,475125,2016.0
365617,87263,392151,June,29759,90488,New York,452880,482639,2016.0
374850,83900,404174,September,31750,86326,New York,458750,490500,2016.0
369514,91823,382616,December,11375,90096,New York,461337,472712,2016.0
363653,82914,399721,March,36393,83239,New York,446567,482960,2017.0
364620,87631,413571,June,59978,98658,New York,452251,512229,2017.0
389915,95994,397700,September,2791,91000,New York,485909,488700,2017.0
355184,102112,393114,December,26067,90249,New York,457296,483363,2017.0
138570,24355,154313,September,26484,35096,North Carolina,162925,189409,1992.0
142371,25963,146252,December,12517,34599,North Carolina,168334,180851,1992.0
138005,25749,139014,March,10624,35364,North Carolina,163754,174378,1993.0
126074,20618,161841,June,48478,33329,North Carolina,146692,195170,1993.0
137101,26199,162412,September,31781,32669,North Carolina,163300,195081,1993.0
143128,28796,158479,December,19407,32852,North Carolina,171924,191331,1993.0
144965,25041,156991,March,15827,28842,North Carolina,170006,185833,1994.0
133983,23592,163109,June,42792,37258,North Carolina,157575,200367,1994.0
144184,26572,173449,September,37072,34379,North Carolina,170756,207828,1994.0
149561,26435,157632,December,14145,32509,North Carolina,175996,190141,1994.0
150772,24700,162439,March,20342,33375,North Carolina,175472,195814,1995.0
164426,23693,164832,June,12461,35748,North Carolina,188119,200580,1995.0
155076,28046,175294,September,34139,41967,North Carolina,183122,217261,1995.0
162667,28303,169441,December,17773,39302,North Carolina,190970,208743,1995.0
163009,32461,173664,March,14273,36079,North Carolina,195470,209743,1996.0
170728,25504,172359,June,19064,42937,North Carolina,196232,215296,1996.0
170726,30830,180842,September,21565,42279,North Carolina,201556,223121,1996.0
160689,29893,181758,December,31857,40681,North Carolina,190582,222439,1996.0
172799,33292,184074,March,27975,49992,North Carolina,206091,234066,1997.0
170015,30186,175166,June,18356,43391,North Carolina,200201,218557,1997.0
167094,32580,193836,September,39252,45090,North Carolina,199674,238926,1997.0
174979,47448,189631,December,4592,37388,North Carolina,222427,227019,1997.0
183244,53024,193157,March,-577,42534,North Carolina,236268,235691,1998.0
195004,33748,188532,June,28470,68690,North Carolina,228752,257222,1998.0
177907,40599,196382,September,32090,54214,North Carolina,218506,250596,1998.0
174163,60719,191116,December,21355,65121,North Carolina,234882,256237,1998.0
182073,44963,189805,March,17017,54248,North Carolina,227036,244053,1999.0
175557,41170,177159,June,5885,45453,North Carolina,216727,222612,1999.0
178718,44791,185980,September,16938,54467,North Carolina,223509,240447,1999.0
169668,37724,188600,December,31531,50323,North Carolina,207392,238923,1999.0
180641,46806,197403,March,17373,47417,North Carolina,227447,244820,2000.0
180898,40721,181471,June,9877,50025,North Carolina,221619,231496,2000.0
184389,44004,177134,September,-9184,42075,North Carolina,228393,219209,2000.0
193758,46083,182390,December,-11432,46019,North Carolina,239841,228409,2000.0
201873,50213,197405,March,-3758,50923,North Carolina,252086,248328,2001.0
215865,50827,173727,June,-40911,52054,North Carolina,266692,225781,2001.0
206441,47645,163846,September,-49616,40624,North Carolina,254086,204470,2001.0
206223,46283,159056,December,-49537,43913,North Carolina,252506,202969,2001.0
182098,44890,184734,March,4554,46808,North Carolina,226988,231542,2002.0
183447,39538,169562,June,23496,76919,North Carolina,222985,246481,2002.0
182087,49155,180803,September,-7553,42886,North Carolina,231242,223689,2002.0
182466,46491,165530,December,-20876,42551,North Carolina,228957,208081,2002.0
184717,46778,169813,March,-11892,49790,North Carolina,231495,219603,2003.0
178461,40601,167828,June,-7764,43470,North Carolina,219062,211298,2003.0
174031,38625,168696,September,-3737,40223,North Carolina,212656,208919,2003.0
164654,39128,171107,December,10176,42851,North Carolina,203782,213958,2003.0
163759,41635,182706,March,20894,43582,North Carolina,205394,226288,2004.0
159887,42396,182846,June,22581,42018,North Carolina,202283,224864,2004.0
168333,46120,176571,September,3627,41509,North Carolina,214453,218080,2004.0
161700,39299,175837,December,22201,47363,North Carolina,200999,223200,2004.0
166061,40532,184662,March,23962,45893,North Carolina,206593,230555,2005.0
167185,48592,174642,June,3534,44669,North Carolina,215777,219311,2005.0
170553,34608,187900,September,30136,47397,North Carolina,205161,235297,2005.0
175418,41470,179153,December,7293,45028,North Carolina,216888,224181,2005.0
162594,35361,185722,March,37175,49408,North Carolina,197955,235130,2006.0
174820,39236,178201,June,14887,50742,North Carolina,214056,228943,2006.0
177907,45158,185965,September,7475,44575,North Carolina,223065,230540,2006.0
172757,37424,189245,December,58493,79429,North Carolina,210181,268674,2006.0
168581,39047,192902,March,40837,55563,North Carolina,207628,248465,2007.0
184752,44992,183093,June,482,47133,North Carolina,229744,230226,2007.0
181095,41725,178088,September,2795,47527,North Carolina,222820,225615,2007.0
176832,40762,184653,December,15176,48117,North Carolina,217594,232770,2007.0
187892,43076,174183,March,-4058,52727,North Carolina,230968,226910,2008.0
193281,55480,164733,June,-40699,43329,North Carolina,248761,208062,2008.0
191733,45921,162546,September,-23623,51485,North Carolina,237654,214031,2008.0
219988,46382,152871,December,-71273,42226,North Carolina,266370,195097,2008.0
223917,43282,135311,March,-89728,42160,North Carolina,267199,177471,2009.0
193115,52572,146746,June,-58522,40419,North Carolina,245687,187165,2009.0
169934,41876,151362,September,-19718,40730,North Carolina,211810,192092,2009.0
172296,41277,151382,December,-17960,44231,North Carolina,213573,195613,2009.0
158484,36346,150584,March,-7799,36447,North Carolina,194830,187031,2010.0
148397,43713,164811,June,10841,38140,North Carolina,192110,202951,2010.0
150608,41234,157703,September,11537,45676,North Carolina,191842,203379,2010.0
154678,39004,160548,December,14184,47318,North Carolina,193682,207866,2010.0
145969,37475,166175,March,24571,41840,North Carolina,183444,208015,2011.0
153371,41676,163195,June,7535,39387,North Carolina,195047,202582,2011.0
150687,38729,160402,September,14760,43774,North Carolina,189416,204176,2011.0
154636,37071,161796,December,10408,40319,North Carolina,191707,202115,2011.0
147091,32930,169715,March,32971,43277,North Carolina,180021,212992,2012.0
159245,37877,165344,June,7718,39496,North Carolina,197122,204840,2012.0
154595,37685,162035,September,10337,40582,North Carolina,192280,202617,2012.0
155166,35233,168753,December,19748,41394,North Carolina,190399,210147,2012.0
152738,32641,162990,March,15306,37695,North Carolina,185379,200685,2013.0
158925,32209,170992,June,15371,35513,North Carolina,191134,206505,2013.0
151167,38075,169459,September,19419,39202,North Carolina,189242,208661,2013.0
153780,35840,171438,December,22268,40450,North Carolina,189620,211888,2013.0
156288,34047,163212,March,9887,37010,North Carolina,190335,200222,2014.0
149677,37286,178884,June,29722,37801,North Carolina,186963,216685,2014.0
160084,33357,167427,September,16720,42734,North Carolina,193441,210161,2014.0
151018,32948,184697,December,39517,38786,North Carolina,183966,223483,2014.0
161852,35889,164972,March,5295,38064,North Carolina,197741,203036,2015.0
151491,39550,184518,June,31353,37876,North Carolina,191041,222394,2015.0
161679,36002,175534,September,19620,41767,North Carolina,197681,217301,2015.0
157142,34988,188440,December,40381,44071,North Carolina,192130,232511,2015.0
162670,34948,173054,March,16240,40804,North Carolina,197618,213858,2016.0
168670,38850,180361,June,15569,42728,North Carolina,207520,223089,2016.0
169463,39056,180396,September,13223,41346,North Carolina,208519,221742,2016.0
167887,37415,186236,December,20299,39365,North Carolina,205302,225601,2016.0
165113,33943,179452,March,23134,42738,North Carolina,199056,222190,2017.0
176877,37790,182984,June,13828,45511,North Carolina,214667,228495,2017.0
182110,36231,176571,September,-3095,38675,North Carolina,218341,215246,2017.0
160150,40185,189194,December,28723,39864,North Carolina,200335,229058,2017.0
138570,24355,154313,September,26484,35096,North Carolina,162925,189409,1992.0
142371,25963,146252,December,12517,34599,North Carolina,168334,180851,1992.0
138005,25749,139014,March,10624,35364,North Carolina,163754,174378,1993.0
126074,20618,161841,June,48478,33329,North Carolina,146692,195170,1993.0
137101,26199,162412,September,31781,32669,North Carolina,163300,195081,1993.0
143128,28796,158479,December,19407,32852,North Carolina,171924,191331,1993.0
144965,25041,156991,March,15827,28842,North Carolina,170006,185833,1994.0
133983,23592,163109,June,42792,37258,North Carolina,157575,200367,1994.0
144184,26572,173449,September,37072,34379,North Carolina,170756,207828,1994.0
149561,26435,157632,December,14145,32509,North Carolina,175996,190141,1994.0
150772,24700,162439,March,20342,33375,North Carolina,175472,195814,1995.0
164426,23693,164832,June,12461,35748,North Carolina,188119,200580,1995.0
155076,28046,175294,September,34139,41967,North Carolina,183122,217261,1995.0
162667,28303,169441,December,17773,39302,North Carolina,190970,208743,1995.0
163009,32461,173664,March,14273,36079,North Carolina,195470,209743,1996.0
170728,25504,172359,June,19064,42937,North Carolina,196232,215296,1996.0
170726,30830,180842,September,21565,42279,North Carolina,201556,223121,1996.0
160689,29893,181758,December,31857,40681,North Carolina,190582,222439,1996.0
172799,33292,184074,March,27975,49992,North Carolina,206091,234066,1997.0
170015,30186,175166,June,18356,43391,North Carolina,200201,218557,1997.0
167094,32580,193836,September,39252,45090,North Carolina,199674,238926,1997.0
174979,47448,189631,December,4592,37388,North Carolina,222427,227019,1997.0
183244,53024,193157,March,-577,42534,North Carolina,236268,235691,1998.0
195004,33748,188532,June,28470,68690,North Carolina,228752,257222,1998.0
177907,40599,196382,September,32090,54214,North Carolina,218506,250596,1998.0
174163,60719,191116,December,21355,65121,North Carolina,234882,256237,1998.0
182073,44963,189805,March,17017,54248,North Carolina,227036,244053,1999.0
175557,41170,177159,June,5885,45453,North Carolina,216727,222612,1999.0
178718,44791,185980,September,16938,54467,North Carolina,223509,240447,1999.0
169668,37724,188600,December,31531,50323,North Carolina,207392,238923,1999.0
180641,46806,197403,March,17373,47417,North Carolina,227447,244820,2000.0
180898,40721,181471,June,9877,50025,North Carolina,221619,231496,2000.0
184389,44004,177134,September,-9184,42075,North Carolina,228393,219209,2000.0
193758,46083,182390,December,-11432,46019,North Carolina,239841,228409,2000.0
201873,50213,197405,March,-3758,50923,North Carolina,252086,248328,2001.0
215865,50827,173727,June,-40911,52054,North Carolina,266692,225781,2001.0
206441,47645,163846,September,-49616,40624,North Carolina,254086,204470,2001.0
206223,46283,159056,December,-49537,43913,North Carolina,252506,202969,2001.0
182098,44890,184734,March,4554,46808,North Carolina,226988,231542,2002.0
183447,39538,169562,June,23496,76919,North Carolina,222985,246481,2002.0
182087,49155,180803,September,-7553,42886,North Carolina,231242,223689,2002.0
182466,46491,165530,December,-20876,42551,North Carolina,228957,208081,2002.0
184717,46778,169813,March,-11892,49790,North Carolina,231495,219603,2003.0
178461,40601,167828,June,-7764,43470,North Carolina,219062,211298,2003.0
174031,38625,168696,September,-3737,40223,North Carolina,212656,208919,2003.0
164654,39128,171107,December,10176,42851,North Carolina,203782,213958,2003.0
163759,41635,182706,March,20894,43582,North Carolina,205394,226288,2004.0
159887,42396,182846,June,22581,42018,North Carolina,202283,224864,2004.0
168333,46120,176571,September,3627,41509,North Carolina,214453,218080,2004.0
161700,39299,175837,December,22201,47363,North Carolina,200999,223200,2004.0
166061,40532,184662,March,23962,45893,North Carolina,206593,230555,2005.0
167185,48592,174642,June,3534,44669,North Carolina,215777,219311,2005.0
170553,34608,187900,September,30136,47397,North Carolina,205161,235297,2005.0
175418,41470,179153,December,7293,45028,North Carolina,216888,224181,2005.0
162594,35361,185722,March,37175,49408,North Carolina,197955,235130,2006.0
174820,39236,178201,June,14887,50742,North Carolina,214056,228943,2006.0
177907,45158,185965,September,7475,44575,North Carolina,223065,230540,2006.0
172757,37424,189245,December,58493,79429,North Carolina,210181,268674,2006.0
168581,39047,192902,March,40837,55563,North Carolina,207628,248465,2007.0
184752,44992,183093,June,482,47133,North Carolina,229744,230226,2007.0
181095,41725,178088,September,2795,47527,North Carolina,222820,225615,2007.0
176832,40762,184653,December,15176,48117,North Carolina,217594,232770,2007.0
187892,43076,174183,March,-4058,52727,North Carolina,230968,226910,2008.0
193281,55480,164733,June,-40699,43329,North Carolina,248761,208062,2008.0
191733,45921,162546,September,-23623,51485,North Carolina,237654,214031,2008.0
219988,46382,152871,December,-71273,42226,North Carolina,266370,195097,2008.0
223917,43282,135311,March,-89728,42160,North Carolina,267199,177471,2009.0
193115,52572,146746,June,-58522,40419,North Carolina,245687,187165,2009.0
169934,41876,151362,September,-19718,40730,North Carolina,211810,192092,2009.0
172296,41277,151382,December,-17960,44231,North Carolina,213573,195613,2009.0
158484,36346,150584,March,-7799,36447,North Carolina,194830,187031,2010.0
148397,43713,164811,June,10841,38140,North Carolina,192110,202951,2010.0
150608,41234,157703,September,11537,45676,North Carolina,191842,203379,2010.0
154678,39004,160548,December,14184,47318,North Carolina,193682,207866,2010.0
145969,37475,166175,March,24571,41840,North Carolina,183444,208015,2011.0
153371,41676,163195,June,7535,39387,North Carolina,195047,202582,2011.0
150687,38729,160402,September,14760,43774,North Carolina,189416,204176,2011.0
154636,37071,161796,December,10408,40319,North Carolina,191707,202115,2011.0
147091,32930,169715,March,32971,43277,North Carolina,180021,212992,2012.0
159245,37877,165344,June,7718,39496,North Carolina,197122,204840,2012.0
154595,37685,162035,September,10337,40582,North Carolina,192280,202617,2012.0
155166,35233,168753,December,19748,41394,North Carolina,190399,210147,2012.0
152738,32641,162990,March,15306,37695,North Carolina,185379,200685,2013.0
158925,32209,170992,June,15371,35513,North Carolina,191134,206505,2013.0
151167,38075,169459,September,19419,39202,North Carolina,189242,208661,2013.0
153780,35840,171438,December,22268,40450,North Carolina,189620,211888,2013.0
156288,34047,163212,March,9887,37010,North Carolina,190335,200222,2014.0
149677,37286,178884,June,29722,37801,North Carolina,186963,216685,2014.0
160084,33357,167427,September,16720,42734,North Carolina,193441,210161,2014.0
151018,32948,184697,December,39517,38786,North Carolina,183966,223483,2014.0
161852,35889,164972,March,5295,38064,North Carolina,197741,203036,2015.0
151491,39550,184518,June,31353,37876,North Carolina,191041,222394,2015.0
161679,36002,175534,September,19620,41767,North Carolina,197681,217301,2015.0
157142,34988,188440,December,40381,44071,North Carolina,192130,232511,2015.0
162670,34948,173054,March,16240,40804,North Carolina,197618,213858,2016.0
168670,38850,180361,June,15569,42728,North Carolina,207520,223089,2016.0
169463,39056,180396,September,13223,41346,North Carolina,208519,221742,2016.0
167887,37415,186236,December,20299,39365,North Carolina,205302,225601,2016.0
165113,33943,179452,March,23134,42738,North Carolina,199056,222190,2017.0
176877,37790,182984,June,13828,45511,North Carolina,214667,228495,2017.0
182110,36231,176571,September,-3095,38675,North Carolina,218341,215246,2017.0
160150,40185,189194,December,28723,39864,North Carolina,200335,229058,2017.0
11693,2440,13050,September,2119,3202,North Dakota,14133,16252,1992.0
12167,2296,13329,December,1419,2553,North Dakota,14463,15882,1992.0
13158,2320,12659,March,606,3425,North Dakota,15478,16084,1993.0
11691,2092,13994,June,3068,2857,North Dakota,13783,16851,1993.0
11934,2392,14708,September,3288,2906,North Dakota,14326,17614,1993.0
13100,2466,13140,December,1082,3508,North Dakota,15566,16648,1993.0
12522,2194,13970,March,3320,4066,North Dakota,14716,18036,1994.0
12417,2362,15073,June,3282,2988,North Dakota,14779,18061,1994.0
12691,2579,16251,September,3801,2820,North Dakota,15270,19071,1994.0
13567,2624,13804,December,847,3234,North Dakota,16191,17038,1994.0
13617,2317,15291,March,2667,3310,North Dakota,15934,18601,1995.0
14541,2678,14790,June,728,3157,North Dakota,17219,17947,1995.0
13898,2727,15455,September,1635,2805,North Dakota,16625,18260,1995.0
14408,2802,14639,December,871,3442,North Dakota,17210,18081,1995.0
13679,2217,15993,March,3324,3227,North Dakota,15896,19220,1996.0
14840,2933,16309,June,1790,3254,North Dakota,17773,19563,1996.0
15543,4281,16330,September,457,3951,North Dakota,19824,20281,1996.0
15433,3253,16420,December,1623,3889,North Dakota,18686,20309,1996.0
14030,3281,15734,March,1935,3512,North Dakota,17311,19246,1997.0
14917,3691,16387,June,885,3106,North Dakota,18608,19493,1997.0
14456,4232,16829,September,1742,3601,North Dakota,18688,20430,1997.0
14521,3177,16658,December,2839,3879,North Dakota,17698,20537,1997.0
16058,3664,15555,March,-1552,2615,North Dakota,19722,18170,1998.0
15625,3582,15159,June,-309,3739,North Dakota,19207,18898,1998.0
16723,3839,16728,September,504,4338,North Dakota,20562,21066,1998.0
15759,3307,17156,December,1017,2927,North Dakota,19066,20083,1998.0
16219,3164,17041,March,848,3190,North Dakota,19383,20231,1999.0
14512,3834,16761,June,2498,4083,North Dakota,18346,20844,1999.0
15520,3190,16332,September,1150,3528,North Dakota,18710,19860,1999.0
16545,3995,17189,December,488,3839,North Dakota,20540,21028,1999.0
16082,3159,16774,March,1115,3582,North Dakota,19241,20356,2000.0
15113,3241,15840,June,330,2844,North Dakota,18354,18684,2000.0
16162,2925,15574,September,-410,3103,North Dakota,19087,18677,2000.0
15729,3809,15058,December,-1813,2667,North Dakota,19538,17725,2000.0
14739,9465,16466,March,-3338,4400,North Dakota,24204,20866,2001.0
15238,3543,15302,June,444,3923,North Dakota,18781,19225,2001.0
15641,2875,14061,September,-1561,2894,North Dakota,18516,16955,2001.0
15398,3138,14752,December,-843,2941,North Dakota,18536,17693,2001.0
15606,3644,15174,March,-1366,2710,North Dakota,19250,17884,2002.0
14097,2391,15371,June,2261,3378,North Dakota,16488,18749,2002.0
14241,2788,13823,September,-965,2241,North Dakota,17029,16064,2002.0
14627,2599,14291,December,-426,2509,North Dakota,17226,16800,2002.0
14975,2448,13758,March,-467,3198,North Dakota,17423,16956,2003.0
12607,3587,15054,June,2336,3476,North Dakota,16194,18530,2003.0
13979,2674,14880,September,1401,3174,North Dakota,16653,18054,2003.0
14373,3071,14281,December,-235,2928,North Dakota,17444,17209,2003.0
13681,2631,15410,March,2263,3165,North Dakota,16312,18575,2004.0
12954,2911,16244,June,3488,3109,North Dakota,15865,19353,2004.0
14644,2473,14473,September,944,3588,North Dakota,17117,18061,2004.0
14221,2511,15081,December,1476,3127,North Dakota,16732,18208,2004.0
15276,2580,15140,March,1276,3992,North Dakota,17856,19132,2005.0
14069,2532,15800,June,2714,3515,North Dakota,16601,19315,2005.0
14725,2493,15870,September,2006,3354,North Dakota,17218,19224,2005.0
14811,2484,14348,December,549,3496,North Dakota,17295,17844,2005.0
14161,3298,17956,March,4387,3890,North Dakota,17459,21846,2006.0
16606,2751,16081,June,768,4044,North Dakota,19357,20125,2006.0
15321,2453,15852,September,1451,3373,North Dakota,17774,19225,2006.0
15629,2643,15447,December,750,3575,North Dakota,18272,19022,2006.0
15502,2456,16403,March,1876,3431,North Dakota,17958,19834,2007.0
15944,2960,16150,June,511,3265,North Dakota,18904,19415,2007.0
15692,2461,15826,September,1038,3365,North Dakota,18153,19191,2007.0
14720,2592,16956,December,3178,3534,North Dakota,17312,20490,2007.0
14815,2694,18727,March,4701,3483,North Dakota,17509,22210,2008.0
16359,2620,15873,June,203,3309,North Dakota,18979,19182,2008.0
15924,2546,16876,September,1546,3140,North Dakota,18470,20016,2008.0
16232,2801,16811,December,863,3085,North Dakota,19033,19896,2008.0
18909,3265,14229,March,-4897,3048,North Dakota,22174,17277,2009.0
17313,2233,15960,June,-401,3185,North Dakota,19546,19145,2009.0
15985,2415,16026,September,957,3331,North Dakota,18400,19357,2009.0
15990,2512,16851,December,1891,3542,North Dakota,18502,20393,2009.0
16599,2624,17654,March,1301,2870,North Dakota,19223,20524,2010.0
15966,2780,17049,June,1618,3315,North Dakota,18746,20364,2010.0
14454,2728,17911,September,5275,4546,North Dakota,17182,22457,2010.0
14953,2886,20443,December,7060,4456,North Dakota,17839,24899,2010.0
15863,2921,20396,March,5169,3557,North Dakota,18784,23953,2011.0
17388,2678,18581,June,2250,3735,North Dakota,20066,22316,2011.0
15565,2867,24825,September,12710,6317,North Dakota,18432,31142,2011.0
16743,3195,25321,December,11749,6366,North Dakota,19938,31687,2011.0
16609,3736,27522,March,13914,6737,North Dakota,20345,34259,2012.0
18081,3449,21959,June,5545,5116,North Dakota,21530,27075,2012.0
21241,3887,22640,September,3400,5888,North Dakota,25128,28528,2012.0
20227,3852,22974,December,4847,5952,North Dakota,24079,28926,2012.0
19897,3533,23855,March,5938,5513,North Dakota,23430,29368,2013.0
23093,3658,21463,June,-655,4633,North Dakota,26751,26096,2013.0
21027,3809,24300,September,4876,5412,North Dakota,24836,29712,2013.0
21132,3941,24309,December,4578,5342,North Dakota,25073,29651,2013.0
20764,4031,26296,March,7120,5619,North Dakota,24795,31915,2014.0
21930,3660,23468,June,2739,4861,North Dakota,25590,28329,2014.0
21811,4209,25252,September,4352,5120,North Dakota,26020,30372,2014.0
21831,3989,26950,December,7075,5945,North Dakota,25820,32895,2014.0
28826,4360,21420,March,-5897,5869,North Dakota,33186,27289,2015.0
34929,6116,20314,June,-16216,4515,North Dakota,41045,24829,2015.0
26010,5009,19054,September,-5568,6397,North Dakota,31019,25451,2015.0
24576,4325,19322,December,-4831,4748,North Dakota,28901,24070,2015.0
26319,5004,18845,March,-7682,4796,North Dakota,31323,23641,2016.0
26026,4907,18893,June,-7677,4363,North Dakota,30933,23256,2016.0
20063,4569,22938,September,3358,5052,North Dakota,24632,27990,2016.0
22249,4286,17667,December,-3514,5354,North Dakota,26535,23021,2016.0
19036,3962,21071,March,3130,5057,North Dakota,22998,26128,2017.0
19642,4184,19465,June,-584,3777,North Dakota,23826,23242,2017.0
18573,4810,18855,September,-295,4233,North Dakota,23383,23088,2017.0
19511,3595,18574,December,254,4786,North Dakota,23106,23360,2017.0
11693,2440,13050,September,2119,3202,North Dakota,14133,16252,1992.0
12167,2296,13329,December,1419,2553,North Dakota,14463,15882,1992.0
13158,2320,12659,March,606,3425,North Dakota,15478,16084,1993.0
11691,2092,13994,June,3068,2857,North Dakota,13783,16851,1993.0
11934,2392,14708,September,3288,2906,North Dakota,14326,17614,1993.0
13100,2466,13140,December,1082,3508,North Dakota,15566,16648,1993.0
12522,2194,13970,March,3320,4066,North Dakota,14716,18036,1994.0
12417,2362,15073,June,3282,2988,North Dakota,14779,18061,1994.0
12691,2579,16251,September,3801,2820,North Dakota,15270,19071,1994.0
13567,2624,13804,December,847,3234,North Dakota,16191,17038,1994.0
13617,2317,15291,March,2667,3310,North Dakota,15934,18601,1995.0
14541,2678,14790,June,728,3157,North Dakota,17219,17947,1995.0
13898,2727,15455,September,1635,2805,North Dakota,16625,18260,1995.0
14408,2802,14639,December,871,3442,North Dakota,17210,18081,1995.0
13679,2217,15993,March,3324,3227,North Dakota,15896,19220,1996.0
14840,2933,16309,June,1790,3254,North Dakota,17773,19563,1996.0
15543,4281,16330,September,457,3951,North Dakota,19824,20281,1996.0
15433,3253,16420,December,1623,3889,North Dakota,18686,20309,1996.0
14030,3281,15734,March,1935,3512,North Dakota,17311,19246,1997.0
14917,3691,16387,June,885,3106,North Dakota,18608,19493,1997.0
14456,4232,16829,September,1742,3601,North Dakota,18688,20430,1997.0
14521,3177,16658,December,2839,3879,North Dakota,17698,20537,1997.0
16058,3664,15555,March,-1552,2615,North Dakota,19722,18170,1998.0
15625,3582,15159,June,-309,3739,North Dakota,19207,18898,1998.0
16723,3839,16728,September,504,4338,North Dakota,20562,21066,1998.0
15759,3307,17156,December,1017,2927,North Dakota,19066,20083,1998.0
16219,3164,17041,March,848,3190,North Dakota,19383,20231,1999.0
14512,3834,16761,June,2498,4083,North Dakota,18346,20844,1999.0
15520,3190,16332,September,1150,3528,North Dakota,18710,19860,1999.0
16545,3995,17189,December,488,3839,North Dakota,20540,21028,1999.0
16082,3159,16774,March,1115,3582,North Dakota,19241,20356,2000.0
15113,3241,15840,June,330,2844,North Dakota,18354,18684,2000.0
16162,2925,15574,September,-410,3103,North Dakota,19087,18677,2000.0
15729,3809,15058,December,-1813,2667,North Dakota,19538,17725,2000.0
14739,9465,16466,March,-3338,4400,North Dakota,24204,20866,2001.0
15238,3543,15302,June,444,3923,North Dakota,18781,19225,2001.0
15641,2875,14061,September,-1561,2894,North Dakota,18516,16955,2001.0
15398,3138,14752,December,-843,2941,North Dakota,18536,17693,2001.0
15606,3644,15174,March,-1366,2710,North Dakota,19250,17884,2002.0
14097,2391,15371,June,2261,3378,North Dakota,16488,18749,2002.0
14241,2788,13823,September,-965,2241,North Dakota,17029,16064,2002.0
14627,2599,14291,December,-426,2509,North Dakota,17226,16800,2002.0
14975,2448,13758,March,-467,3198,North Dakota,17423,16956,2003.0
12607,3587,15054,June,2336,3476,North Dakota,16194,18530,2003.0
13979,2674,14880,September,1401,3174,North Dakota,16653,18054,2003.0
14373,3071,14281,December,-235,2928,North Dakota,17444,17209,2003.0
13681,2631,15410,March,2263,3165,North Dakota,16312,18575,2004.0
12954,2911,16244,June,3488,3109,North Dakota,15865,19353,2004.0
14644,2473,14473,September,944,3588,North Dakota,17117,18061,2004.0
14221,2511,15081,December,1476,3127,North Dakota,16732,18208,2004.0
15276,2580,15140,March,1276,3992,North Dakota,17856,19132,2005.0
14069,2532,15800,June,2714,3515,North Dakota,16601,19315,2005.0
14725,2493,15870,September,2006,3354,North Dakota,17218,19224,2005.0
14811,2484,14348,December,549,3496,North Dakota,17295,17844,2005.0
14161,3298,17956,March,4387,3890,North Dakota,17459,21846,2006.0
16606,2751,16081,June,768,4044,North Dakota,19357,20125,2006.0
15321,2453,15852,September,1451,3373,North Dakota,17774,19225,2006.0
15629,2643,15447,December,750,3575,North Dakota,18272,19022,2006.0
15502,2456,16403,March,1876,3431,North Dakota,17958,19834,2007.0
15944,2960,16150,June,511,3265,North Dakota,18904,19415,2007.0
15692,2461,15826,September,1038,3365,North Dakota,18153,19191,2007.0
14720,2592,16956,December,3178,3534,North Dakota,17312,20490,2007.0
14815,2694,18727,March,4701,3483,North Dakota,17509,22210,2008.0
16359,2620,15873,June,203,3309,North Dakota,18979,19182,2008.0
15924,2546,16876,September,1546,3140,North Dakota,18470,20016,2008.0
16232,2801,16811,December,863,3085,North Dakota,19033,19896,2008.0
18909,3265,14229,March,-4897,3048,North Dakota,22174,17277,2009.0
17313,2233,15960,June,-401,3185,North Dakota,19546,19145,2009.0
15985,2415,16026,September,957,3331,North Dakota,18400,19357,2009.0
15990,2512,16851,December,1891,3542,North Dakota,18502,20393,2009.0
16599,2624,17654,March,1301,2870,North Dakota,19223,20524,2010.0
15966,2780,17049,June,1618,3315,North Dakota,18746,20364,2010.0
14454,2728,17911,September,5275,4546,North Dakota,17182,22457,2010.0
14953,2886,20443,December,7060,4456,North Dakota,17839,24899,2010.0
15863,2921,20396,March,5169,3557,North Dakota,18784,23953,2011.0
17388,2678,18581,June,2250,3735,North Dakota,20066,22316,2011.0
15565,2867,24825,September,12710,6317,North Dakota,18432,31142,2011.0
16743,3195,25321,December,11749,6366,North Dakota,19938,31687,2011.0
16609,3736,27522,March,13914,6737,North Dakota,20345,34259,2012.0
18081,3449,21959,June,5545,5116,North Dakota,21530,27075,2012.0
21241,3887,22640,September,3400,5888,North Dakota,25128,28528,2012.0
20227,3852,22974,December,4847,5952,North Dakota,24079,28926,2012.0
19897,3533,23855,March,5938,5513,North Dakota,23430,29368,2013.0
23093,3658,21463,June,-655,4633,North Dakota,26751,26096,2013.0
21027,3809,24300,September,4876,5412,North Dakota,24836,29712,2013.0
21132,3941,24309,December,4578,5342,North Dakota,25073,29651,2013.0
20764,4031,26296,March,7120,5619,North Dakota,24795,31915,2014.0
21930,3660,23468,June,2739,4861,North Dakota,25590,28329,2014.0
21811,4209,25252,September,4352,5120,North Dakota,26020,30372,2014.0
21831,3989,26950,December,7075,5945,North Dakota,25820,32895,2014.0
28826,4360,21420,March,-5897,5869,North Dakota,33186,27289,2015.0
34929,6116,20314,June,-16216,4515,North Dakota,41045,24829,2015.0
26010,5009,19054,September,-5568,6397,North Dakota,31019,25451,2015.0
24576,4325,19322,December,-4831,4748,North Dakota,28901,24070,2015.0
26319,5004,18845,March,-7682,4796,North Dakota,31323,23641,2016.0
26026,4907,18893,June,-7677,4363,North Dakota,30933,23256,2016.0
20063,4569,22938,September,3358,5052,North Dakota,24632,27990,2016.0
22249,4286,17667,December,-3514,5354,North Dakota,26535,23021,2016.0
19036,3962,21071,March,3130,5057,North Dakota,22998,26128,2017.0
19642,4184,19465,June,-584,3777,North Dakota,23826,23242,2017.0
18573,4810,18855,September,-295,4233,North Dakota,23383,23088,2017.0
19511,3595,18574,December,254,4786,North Dakota,23106,23360,2017.0
214332,67513,236567,September,25106,70384,Ohio,281845,306951,1992.0
223029,59287,231621,December,13544,64239,Ohio,282316,295860,1992.0
237109,123958,238677,March,8879,131269,Ohio,361067,369946,1993.0
207409,66643,243529,June,27496,58019,Ohio,274052,301548,1993.0
219313,56815,270571,September,62785,68342,Ohio,276128,338913,1993.0
224700,32346,245677,December,57036,68405,Ohio,257046,314082,1993.0
225099,64017,261410,March,52759,80465,Ohio,289116,341875,1994.0
233037,72669,256323,June,12285,61668,Ohio,305706,317991,1994.0
219765,72829,277804,September,52057,66847,Ohio,292594,344651,1994.0
236601,57528,254486,December,32501,72144,Ohio,294129,326630,1994.0
225864,50228,269660,March,53190,59622,Ohio,276092,329282,1995.0
240488,55102,248946,June,22358,69002,Ohio,295590,317948,1995.0
234495,50820,262705,September,34992,57602,Ohio,285315,320307,1995.0
247265,52142,243600,December,-369,55438,Ohio,299407,299038,1995.0
261421,56822,268727,March,23453,72969,Ohio,318243,341696,1996.0
252078,53501,255545,June,13012,63046,Ohio,305579,318591,1996.0
239855,58204,259203,September,20430,59286,Ohio,298059,318489,1996.0
247136,51674,255143,December,19570,63237,Ohio,298810,318380,1996.0
237908,55365,265860,March,37295,64708,Ohio,293273,330568,1997.0
247084,44760,247759,June,10525,54610,Ohio,291844,302369,1997.0
240456,51690,273631,September,36022,54537,Ohio,292146,328168,1997.0
244824,60160,257901,December,21127,68210,Ohio,304984,326111,1997.0
241723,60807,270779,March,32300,64051,Ohio,302530,334830,1998.0
261029,62187,257614,June,3576,69178,Ohio,323216,326792,1998.0
249570,60935,260233,September,16444,66716,Ohio,310505,326949,1998.0
252240,53376,269150,December,26326,62792,Ohio,305616,331942,1998.0
280367,56189,277329,March,9141,68368,Ohio,336556,345697,1999.0
259874,58017,260076,June,5734,63549,Ohio,317891,323625,1999.0
269241,56321,299198,September,42974,69338,Ohio,325562,368536,1999.0
251008,51729,284995,December,42720,60462,Ohio,302737,345457,1999.0
267185,54219,288179,March,17829,51054,Ohio,321404,339233,2000.0
279254,51081,263650,June,-12442,54243,Ohio,330335,317893,2000.0
277355,53558,259422,September,-21365,50126,Ohio,330913,309548,2000.0
262788,55056,268635,December,1527,50736,Ohio,317844,319371,2000.0
287174,51290,271123,March,-11691,55650,Ohio,338464,326773,2001.0
302423,53459,243270,June,-55326,57286,Ohio,355882,300556,2001.0
287052,63948,230802,September,-61615,58583,Ohio,351000,289385,2001.0
270718,54950,236045,December,-38320,51303,Ohio,325668,287348,2001.0
263251,53558,256349,March,2503,62963,Ohio,316809,319312,2002.0
262084,58074,234802,June,-30299,55057,Ohio,320158,289859,2002.0
245596,51081,244195,September,-37,52445,Ohio,296677,296640,2002.0
249571,50751,229006,December,-18179,53137,Ohio,300322,282143,2002.0
251936,53756,225786,March,-31736,48170,Ohio,305692,273956,2003.0
245208,47829,229084,June,-13205,50748,Ohio,293037,279832,2003.0
233318,43092,231461,September,3683,48632,Ohio,276410,280093,2003.0
238475,42553,230401,December,1070,51697,Ohio,281028,282098,2003.0
231795,47521,244573,March,10567,45310,Ohio,279316,289883,2004.0
239697,47339,235483,June,-2728,48825,Ohio,287036,284308,2004.0
229622,48690,244565,September,17857,51604,Ohio,278312,296169,2004.0
231150,43730,230938,December,5923,49865,Ohio,274880,280803,2004.0
242296,45513,235148,March,-1115,51546,Ohio,287809,286694,2005.0
233734,47592,236999,June,6322,50649,Ohio,281326,287648,2005.0
232528,43578,241182,September,16196,51120,Ohio,276106,292302,2005.0
236472,46426,230196,December,-7005,45697,Ohio,282898,275893,2005.0
226286,44147,230486,March,15308,55255,Ohio,270433,285741,2006.0
239761,45502,231117,June,-11309,42837,Ohio,285263,273954,2006.0
242098,42103,225660,September,-15665,42876,Ohio,284201,268536,2006.0
239034,43578,224705,December,-14681,43226,Ohio,282612,267931,2006.0
225346,40795,230293,March,11612,47460,Ohio,266141,277753,2007.0
231128,44437,235603,June,5970,45932,Ohio,275565,281535,2007.0
236571,44273,213390,September,-25975,41479,Ohio,280844,254869,2007.0
232414,43006,226509,December,-4595,44316,Ohio,275420,270825,2007.0
238927,43440,210084,March,-35812,36471,Ohio,282367,246555,2008.0
237340,42319,227627,June,-9538,42494,Ohio,279659,270121,2008.0
241509,42055,209140,September,-37648,36776,Ohio,283564,245916,2008.0
277415,44872,193864,December,-95731,32692,Ohio,322287,226556,2008.0
279698,41708,170510,March,-112785,38111,Ohio,321406,208621,2009.0
277007,43131,192132,June,-91305,36701,Ohio,320138,228833,2009.0
220934,39394,201071,September,-24268,34989,Ohio,260328,236060,2009.0
211644,39522,194814,December,-17907,38445,Ohio,251166,233259,2009.0
199538,33677,189310,March,-10135,33770,Ohio,233215,223080,2010.0
184626,30892,213605,June,32292,34205,Ohio,215518,247810,2010.0
188680,31510,202442,September,22477,40225,Ohio,220190,242667,2010.0
212040,36524,219832,December,13730,42462,Ohio,248564,262294,2010.0
196437,34413,207284,March,7304,30870,Ohio,230850,238154,2011.0
193671,36486,214666,June,25711,41202,Ohio,230157,255868,2011.0
192325,32478,221050,September,40983,44736,Ohio,224803,265786,2011.0
198858,40049,211248,December,12339,39998,Ohio,238907,251246,2011.0
187182,37624,221796,March,37309,40319,Ohio,224806,262115,2012.0
194836,35482,212984,June,21895,39229,Ohio,230318,252213,2012.0
207760,40652,204141,September,-5086,39185,Ohio,248412,243326,2012.0
200320,39083,220211,December,22361,41553,Ohio,239403,261764,2012.0
201861,42867,222265,March,16510,38973,Ohio,244728,261238,2013.0
200113,36450,228392,June,36393,44564,Ohio,236563,272956,2013.0
211079,33877,210049,September,3172,38079,Ohio,244956,248128,2013.0
201207,36318,225242,December,26574,38857,Ohio,237525,264099,2013.0
207474,36659,215244,March,9246,38135,Ohio,244133,253379,2014.0
196995,37635,231705,June,35712,38637,Ohio,234630,270342,2014.0
211376,36690,211613,September,699,37152,Ohio,248066,248765,2014.0
195885,37591,234230,December,40642,39888,Ohio,233476,274118,2014.0
216801,35791,213866,March,-2634,36092,Ohio,252592,249958,2015.0
204471,33534,232156,June,36626,42475,Ohio,238005,274631,2015.0
218054,36893,212302,September,-5960,36685,Ohio,254947,248987,2015.0
202667,34397,229258,December,37487,45293,Ohio,237064,274551,2015.0
212076,25637,221257,March,17862,34318,Ohio,237713,255575,2016.0
212156,51202,227011,June,-2348,33999,Ohio,263358,261010,2016.0
224422,37011,220396,September,2328,43365,Ohio,261433,263761,2016.0
213595,36159,220105,December,10255,39904,Ohio,249754,260009,2016.0
205424,31489,225000,March,23209,35122,Ohio,236913,260122,2017.0
212407,36446,226895,June,17679,39637,Ohio,248853,266532,2017.0
224214,38132,205389,September,-23013,33944,Ohio,262346,239333,2017.0
203650,36486,223306,December,20112,36942,Ohio,240136,260248,2017.0
214332,67513,236567,September,25106,70384,Ohio,281845,306951,1992.0
223029,59287,231621,December,13544,64239,Ohio,282316,295860,1992.0
237109,123958,238677,March,8879,131269,Ohio,361067,369946,1993.0
207409,66643,243529,June,27496,58019,Ohio,274052,301548,1993.0
219313,56815,270571,September,62785,68342,Ohio,276128,338913,1993.0
224700,32346,245677,December,57036,68405,Ohio,257046,314082,1993.0
225099,64017,261410,March,52759,80465,Ohio,289116,341875,1994.0
233037,72669,256323,June,12285,61668,Ohio,305706,317991,1994.0
219765,72829,277804,September,52057,66847,Ohio,292594,344651,1994.0
236601,57528,254486,December,32501,72144,Ohio,294129,326630,1994.0
225864,50228,269660,March,53190,59622,Ohio,276092,329282,1995.0
240488,55102,248946,June,22358,69002,Ohio,295590,317948,1995.0
234495,50820,262705,September,34992,57602,Ohio,285315,320307,1995.0
247265,52142,243600,December,-369,55438,Ohio,299407,299038,1995.0
261421,56822,268727,March,23453,72969,Ohio,318243,341696,1996.0
252078,53501,255545,June,13012,63046,Ohio,305579,318591,1996.0
239855,58204,259203,September,20430,59286,Ohio,298059,318489,1996.0
247136,51674,255143,December,19570,63237,Ohio,298810,318380,1996.0
237908,55365,265860,March,37295,64708,Ohio,293273,330568,1997.0
247084,44760,247759,June,10525,54610,Ohio,291844,302369,1997.0
240456,51690,273631,September,36022,54537,Ohio,292146,328168,1997.0
244824,60160,257901,December,21127,68210,Ohio,304984,326111,1997.0
241723,60807,270779,March,32300,64051,Ohio,302530,334830,1998.0
261029,62187,257614,June,3576,69178,Ohio,323216,326792,1998.0
249570,60935,260233,September,16444,66716,Ohio,310505,326949,1998.0
252240,53376,269150,December,26326,62792,Ohio,305616,331942,1998.0
280367,56189,277329,March,9141,68368,Ohio,336556,345697,1999.0
259874,58017,260076,June,5734,63549,Ohio,317891,323625,1999.0
269241,56321,299198,September,42974,69338,Ohio,325562,368536,1999.0
251008,51729,284995,December,42720,60462,Ohio,302737,345457,1999.0
267185,54219,288179,March,17829,51054,Ohio,321404,339233,2000.0
279254,51081,263650,June,-12442,54243,Ohio,330335,317893,2000.0
277355,53558,259422,September,-21365,50126,Ohio,330913,309548,2000.0
262788,55056,268635,December,1527,50736,Ohio,317844,319371,2000.0
287174,51290,271123,March,-11691,55650,Ohio,338464,326773,2001.0
302423,53459,243270,June,-55326,57286,Ohio,355882,300556,2001.0
287052,63948,230802,September,-61615,58583,Ohio,351000,289385,2001.0
270718,54950,236045,December,-38320,51303,Ohio,325668,287348,2001.0
263251,53558,256349,March,2503,62963,Ohio,316809,319312,2002.0
262084,58074,234802,June,-30299,55057,Ohio,320158,289859,2002.0
245596,51081,244195,September,-37,52445,Ohio,296677,296640,2002.0
249571,50751,229006,December,-18179,53137,Ohio,300322,282143,2002.0
251936,53756,225786,March,-31736,48170,Ohio,305692,273956,2003.0
245208,47829,229084,June,-13205,50748,Ohio,293037,279832,2003.0
233318,43092,231461,September,3683,48632,Ohio,276410,280093,2003.0
238475,42553,230401,December,1070,51697,Ohio,281028,282098,2003.0
231795,47521,244573,March,10567,45310,Ohio,279316,289883,2004.0
239697,47339,235483,June,-2728,48825,Ohio,287036,284308,2004.0
229622,48690,244565,September,17857,51604,Ohio,278312,296169,2004.0
231150,43730,230938,December,5923,49865,Ohio,274880,280803,2004.0
242296,45513,235148,March,-1115,51546,Ohio,287809,286694,2005.0
233734,47592,236999,June,6322,50649,Ohio,281326,287648,2005.0
232528,43578,241182,September,16196,51120,Ohio,276106,292302,2005.0
236472,46426,230196,December,-7005,45697,Ohio,282898,275893,2005.0
226286,44147,230486,March,15308,55255,Ohio,270433,285741,2006.0
239761,45502,231117,June,-11309,42837,Ohio,285263,273954,2006.0
242098,42103,225660,September,-15665,42876,Ohio,284201,268536,2006.0
239034,43578,224705,December,-14681,43226,Ohio,282612,267931,2006.0
225346,40795,230293,March,11612,47460,Ohio,266141,277753,2007.0
231128,44437,235603,June,5970,45932,Ohio,275565,281535,2007.0
236571,44273,213390,September,-25975,41479,Ohio,280844,254869,2007.0
232414,43006,226509,December,-4595,44316,Ohio,275420,270825,2007.0
238927,43440,210084,March,-35812,36471,Ohio,282367,246555,2008.0
237340,42319,227627,June,-9538,42494,Ohio,279659,270121,2008.0
241509,42055,209140,September,-37648,36776,Ohio,283564,245916,2008.0
277415,44872,193864,December,-95731,32692,Ohio,322287,226556,2008.0
279698,41708,170510,March,-112785,38111,Ohio,321406,208621,2009.0
277007,43131,192132,June,-91305,36701,Ohio,320138,228833,2009.0
220934,39394,201071,September,-24268,34989,Ohio,260328,236060,2009.0
211644,39522,194814,December,-17907,38445,Ohio,251166,233259,2009.0
199538,33677,189310,March,-10135,33770,Ohio,233215,223080,2010.0
184626,30892,213605,June,32292,34205,Ohio,215518,247810,2010.0
188680,31510,202442,September,22477,40225,Ohio,220190,242667,2010.0
212040,36524,219832,December,13730,42462,Ohio,248564,262294,2010.0
196437,34413,207284,March,7304,30870,Ohio,230850,238154,2011.0
193671,36486,214666,June,25711,41202,Ohio,230157,255868,2011.0
192325,32478,221050,September,40983,44736,Ohio,224803,265786,2011.0
198858,40049,211248,December,12339,39998,Ohio,238907,251246,2011.0
187182,37624,221796,March,37309,40319,Ohio,224806,262115,2012.0
194836,35482,212984,June,21895,39229,Ohio,230318,252213,2012.0
207760,40652,204141,September,-5086,39185,Ohio,248412,243326,2012.0
200320,39083,220211,December,22361,41553,Ohio,239403,261764,2012.0
201861,42867,222265,March,16510,38973,Ohio,244728,261238,2013.0
200113,36450,228392,June,36393,44564,Ohio,236563,272956,2013.0
211079,33877,210049,September,3172,38079,Ohio,244956,248128,2013.0
201207,36318,225242,December,26574,38857,Ohio,237525,264099,2013.0
207474,36659,215244,March,9246,38135,Ohio,244133,253379,2014.0
196995,37635,231705,June,35712,38637,Ohio,234630,270342,2014.0
211376,36690,211613,September,699,37152,Ohio,248066,248765,2014.0
195885,37591,234230,December,40642,39888,Ohio,233476,274118,2014.0
216801,35791,213866,March,-2634,36092,Ohio,252592,249958,2015.0
204471,33534,232156,June,36626,42475,Ohio,238005,274631,2015.0
218054,36893,212302,September,-5960,36685,Ohio,254947,248987,2015.0
202667,34397,229258,December,37487,45293,Ohio,237064,274551,2015.0
212076,25637,221257,March,17862,34318,Ohio,237713,255575,2016.0
212156,51202,227011,June,-2348,33999,Ohio,263358,261010,2016.0
224422,37011,220396,September,2328,43365,Ohio,261433,263761,2016.0
213595,36159,220105,December,10255,39904,Ohio,249754,260009,2016.0
205424,31489,225000,March,23209,35122,Ohio,236913,260122,2017.0
212407,36446,226895,June,17679,39637,Ohio,248853,266532,2017.0
224214,38132,205389,September,-23013,33944,Ohio,262346,239333,2017.0
203650,36486,223306,December,20112,36942,Ohio,240136,260248,2017.0
50303,13627,57977,September,10093,16046,Oklahoma,63930,74023,1992.0
55504,17280,55818,December,183,17149,Oklahoma,72784,72967,1992.0
51211,14093,55079,March,7927,18152,Oklahoma,65304,73231,1993.0
52032,13683,61700,June,9933,13948,Oklahoma,65715,75648,1993.0
52596,15894,60977,September,10246,17759,Oklahoma,68490,78736,1993.0
56200,13334,59881,December,6893,16546,Oklahoma,69534,76427,1993.0
56302,21181,61438,March,3387,19432,Oklahoma,77483,80870,1994.0
50675,14420,62843,June,12890,15142,Oklahoma,65095,77985,1994.0
54572,14237,63187,September,11927,17549,Oklahoma,68809,80736,1994.0
57611,14551,59429,December,4714,17447,Oklahoma,72162,76876,1994.0
59926,14805,60614,March,5938,20055,Oklahoma,74731,80669,1995.0
53751,18697,62694,June,8877,18631,Oklahoma,72448,81325,1995.0
57751,15210,62632,September,7438,17767,Oklahoma,72961,80399,1995.0
55343,18301,65612,December,10380,18412,Oklahoma,73644,84024,1995.0
56592,16924,65361,March,10495,18650,Oklahoma,73516,84011,1996.0
56190,17316,63717,June,11220,21009,Oklahoma,73506,84726,1996.0
60146,17769,63959,September,9503,23459,Oklahoma,77915,87418,1996.0
58522,19747,65919,December,5309,17659,Oklahoma,78269,83578,1996.0
58378,20175,68260,March,12222,22515,Oklahoma,78553,90775,1997.0
61112,19955,67280,June,5998,19785,Oklahoma,81067,87065,1997.0
61446,14078,73972,September,10424,11976,Oklahoma,75524,85948,1997.0
66469,18011,81331,December,21176,24325,Oklahoma,84480,105656,1997.0
67984,20475,77725,March,9414,20148,Oklahoma,88459,97873,1998.0
64011,19946,74884,June,10480,19553,Oklahoma,83957,94437,1998.0
69450,21456,70842,September,-5039,15025,Oklahoma,90906,85867,1998.0
65503,25349,73110,December,1631,19373,Oklahoma,90852,92483,1998.0
75548,23057,78116,March,12668,33157,Oklahoma,98605,111273,1999.0
64596,24518,66492,June,-1397,21225,Oklahoma,89114,87717,1999.0
66403,25153,74960,September,2531,19127,Oklahoma,91556,94087,1999.0
67199,25700,76647,December,3730,19982,Oklahoma,92899,96629,1999.0
67510,19686,69259,March,2159,20096,Oklahoma,87196,89355,2000.0
67061,16093,73647,June,7179,16686,Oklahoma,83154,90333,2000.0
66588,20700,71265,September,9367,25390,Oklahoma,87288,96655,2000.0
71196,22189,70140,December,477,23722,Oklahoma,93385,93862,2000.0
74574,25137,76239,March,-3483,19989,Oklahoma,99711,96228,2001.0
73814,18683,74426,June,6812,24883,Oklahoma,92497,99309,2001.0
76817,27002,64765,September,-8547,30507,Oklahoma,103819,95272,2001.0
74498,26164,65683,December,-15917,19062,Oklahoma,100662,84745,2001.0
71662,20990,65718,March,-3699,23235,Oklahoma,92652,88953,2002.0
71997,20722,67874,June,-3399,21446,Oklahoma,92719,89320,2002.0
70396,20894,61568,September,-5729,23993,Oklahoma,91290,85561,2002.0
69122,22397,62422,December,-12002,17095,Oklahoma,91519,79517,2002.0
67941,20257,61064,March,-10475,16659,Oklahoma,88198,77723,2003.0
68820,19255,61801,June,-7607,18667,Oklahoma,88075,80468,2003.0
62048,19639,66404,September,4793,20076,Oklahoma,81687,86480,2003.0
63026,16530,60023,December,-1563,17970,Oklahoma,79556,77993,2003.0
60832,19462,68112,March,7839,20021,Oklahoma,80294,88133,2004.0
62891,21237,63146,June,3545,24527,Oklahoma,84128,87673,2004.0
61203,17299,66719,September,4494,16277,Oklahoma,78502,82996,2004.0
56922,15515,65866,December,9567,16138,Oklahoma,72437,82004,2004.0
60531,16394,67655,March,8974,18244,Oklahoma,76925,85899,2005.0
62229,14940,65451,June,5566,17284,Oklahoma,77169,82735,2005.0
58533,16358,67693,September,10570,17768,Oklahoma,74891,85461,2005.0
60185,13655,69360,December,12809,17289,Oklahoma,73840,86649,2005.0
59563,12774,71819,March,15322,15840,Oklahoma,72337,87659,2006.0
66670,20782,67410,June,-1559,18483,Oklahoma,87452,85893,2006.0
65098,15032,65830,September,6436,20736,Oklahoma,80130,86566,2006.0
63624,17906,69433,December,5568,17665,Oklahoma,81530,87098,2006.0
60062,15103,70734,March,12799,17230,Oklahoma,75165,87964,2007.0
66453,21453,64423,June,-2730,20753,Oklahoma,87906,85176,2007.0
62070,13677,65041,September,6808,17514,Oklahoma,75747,82555,2007.0
64277,14316,64362,December,3293,17524,Oklahoma,78593,81886,2007.0
59959,14185,71079,March,12641,15706,Oklahoma,74144,86785,2008.0
66815,15063,64449,June,705,18134,Oklahoma,81878,82583,2008.0
63851,14671,64675,September,1383,15230,Oklahoma,78522,79905,2008.0
69908,15602,63049,December,-6998,15463,Oklahoma,85510,78512,2008.0
80373,21172,52989,March,-31178,17378,Oklahoma,101545,70367,2009.0
76821,20405,52140,June,-30787,14299,Oklahoma,97226,66439,2009.0
68309,15547,52216,September,-16494,15146,Oklahoma,83856,67362,2009.0
59837,17183,52850,December,-7940,16230,Oklahoma,77020,69080,2009.0
55300,12616,53674,March,1645,15887,Oklahoma,67916,69561,2010.0
53109,12581,60214,June,8940,14416,Oklahoma,65690,74630,2010.0
55376,17176,61028,September,2894,14418,Oklahoma,72552,75446,2010.0
52124,11366,61164,December,14391,16717,Oklahoma,63490,77881,2010.0
56884,14159,57477,March,756,14322,Oklahoma,71043,71799,2011.0
56320,10476,61401,June,7953,13348,Oklahoma,66796,74749,2011.0
54259,14175,63701,September,10818,15551,Oklahoma,68434,79252,2011.0
54732,15325,59069,December,5660,16648,Oklahoma,70057,75717,2011.0
51844,14141,62674,March,10738,14049,Oklahoma,65985,76723,2012.0
57706,10266,60473,June,8259,15758,Oklahoma,67972,76231,2012.0
58629,15395,59201,September,-524,14299,Oklahoma,74024,73500,2012.0
56136,12285,65976,December,13382,15827,Oklahoma,68421,81803,2012.0
58876,14893,58965,March,207,15011,Oklahoma,73769,73976,2013.0
58711,13703,61553,June,6399,17260,Oklahoma,72414,78813,2013.0
60652,9931,61625,September,8146,17104,Oklahoma,70583,78729,2013.0
62857,14653,61262,December,-639,15609,Oklahoma,77510,76871,2013.0
57892,14092,63005,March,5693,14672,Oklahoma,71984,77677,2014.0
61059,13255,63936,June,4441,14819,Oklahoma,74314,78755,2014.0
59791,10973,62643,September,6835,14956,Oklahoma,70764,77599,2014.0
57082,12569,68578,December,15632,16705,Oklahoma,69651,85283,2014.0
67371,12051,58728,March,-6601,14093,Oklahoma,79422,72821,2015.0
69185,13966,62295,June,-6629,14227,Oklahoma,83151,76522,2015.0
63621,14189,61696,September,-1491,14623,Oklahoma,77810,76319,2015.0
65842,16214,63835,December,-2506,15715,Oklahoma,82056,79550,2015.0
67418,13067,58511,March,-7860,14114,Oklahoma,80485,72625,2016.0
68405,15964,57429,June,-12203,14737,Oklahoma,84369,72166,2016.0
62366,12888,62505,September,4000,16749,Oklahoma,75254,79254,2016.0
61925,16571,64197,December,3078,17377,Oklahoma,78496,81574,2016.0
59638,21810,62627,March,-3021,15800,Oklahoma,81448,78427,2017.0
60560,13576,62495,June,8718,20359,Oklahoma,74136,82854,2017.0
60080,15654,64658,September,5979,17055,Oklahoma,75734,81713,2017.0
58930,15165,65706,December,6852,15241,Oklahoma,74095,80947,2017.0
50303,13627,57977,September,10093,16046,Oklahoma,63930,74023,1992.0
55504,17280,55818,December,183,17149,Oklahoma,72784,72967,1992.0
51211,14093,55079,March,7927,18152,Oklahoma,65304,73231,1993.0
52032,13683,61700,June,9933,13948,Oklahoma,65715,75648,1993.0
52596,15894,60977,September,10246,17759,Oklahoma,68490,78736,1993.0
56200,13334,59881,December,6893,16546,Oklahoma,69534,76427,1993.0
56302,21181,61438,March,3387,19432,Oklahoma,77483,80870,1994.0
50675,14420,62843,June,12890,15142,Oklahoma,65095,77985,1994.0
54572,14237,63187,September,11927,17549,Oklahoma,68809,80736,1994.0
57611,14551,59429,December,4714,17447,Oklahoma,72162,76876,1994.0
59926,14805,60614,March,5938,20055,Oklahoma,74731,80669,1995.0
53751,18697,62694,June,8877,18631,Oklahoma,72448,81325,1995.0
57751,15210,62632,September,7438,17767,Oklahoma,72961,80399,1995.0
55343,18301,65612,December,10380,18412,Oklahoma,73644,84024,1995.0
56592,16924,65361,March,10495,18650,Oklahoma,73516,84011,1996.0
56190,17316,63717,June,11220,21009,Oklahoma,73506,84726,1996.0
60146,17769,63959,September,9503,23459,Oklahoma,77915,87418,1996.0
58522,19747,65919,December,5309,17659,Oklahoma,78269,83578,1996.0
58378,20175,68260,March,12222,22515,Oklahoma,78553,90775,1997.0
61112,19955,67280,June,5998,19785,Oklahoma,81067,87065,1997.0
61446,14078,73972,September,10424,11976,Oklahoma,75524,85948,1997.0
66469,18011,81331,December,21176,24325,Oklahoma,84480,105656,1997.0
67984,20475,77725,March,9414,20148,Oklahoma,88459,97873,1998.0
64011,19946,74884,June,10480,19553,Oklahoma,83957,94437,1998.0
69450,21456,70842,September,-5039,15025,Oklahoma,90906,85867,1998.0
65503,25349,73110,December,1631,19373,Oklahoma,90852,92483,1998.0
75548,23057,78116,March,12668,33157,Oklahoma,98605,111273,1999.0
64596,24518,66492,June,-1397,21225,Oklahoma,89114,87717,1999.0
66403,25153,74960,September,2531,19127,Oklahoma,91556,94087,1999.0
67199,25700,76647,December,3730,19982,Oklahoma,92899,96629,1999.0
67510,19686,69259,March,2159,20096,Oklahoma,87196,89355,2000.0
67061,16093,73647,June,7179,16686,Oklahoma,83154,90333,2000.0
66588,20700,71265,September,9367,25390,Oklahoma,87288,96655,2000.0
71196,22189,70140,December,477,23722,Oklahoma,93385,93862,2000.0
74574,25137,76239,March,-3483,19989,Oklahoma,99711,96228,2001.0
73814,18683,74426,June,6812,24883,Oklahoma,92497,99309,2001.0
76817,27002,64765,September,-8547,30507,Oklahoma,103819,95272,2001.0
74498,26164,65683,December,-15917,19062,Oklahoma,100662,84745,2001.0
71662,20990,65718,March,-3699,23235,Oklahoma,92652,88953,2002.0
71997,20722,67874,June,-3399,21446,Oklahoma,92719,89320,2002.0
70396,20894,61568,September,-5729,23993,Oklahoma,91290,85561,2002.0
69122,22397,62422,December,-12002,17095,Oklahoma,91519,79517,2002.0
67941,20257,61064,March,-10475,16659,Oklahoma,88198,77723,2003.0
68820,19255,61801,June,-7607,18667,Oklahoma,88075,80468,2003.0
62048,19639,66404,September,4793,20076,Oklahoma,81687,86480,2003.0
63026,16530,60023,December,-1563,17970,Oklahoma,79556,77993,2003.0
60832,19462,68112,March,7839,20021,Oklahoma,80294,88133,2004.0
62891,21237,63146,June,3545,24527,Oklahoma,84128,87673,2004.0
61203,17299,66719,September,4494,16277,Oklahoma,78502,82996,2004.0
56922,15515,65866,December,9567,16138,Oklahoma,72437,82004,2004.0
60531,16394,67655,March,8974,18244,Oklahoma,76925,85899,2005.0
62229,14940,65451,June,5566,17284,Oklahoma,77169,82735,2005.0
58533,16358,67693,September,10570,17768,Oklahoma,74891,85461,2005.0
60185,13655,69360,December,12809,17289,Oklahoma,73840,86649,2005.0
59563,12774,71819,March,15322,15840,Oklahoma,72337,87659,2006.0
66670,20782,67410,June,-1559,18483,Oklahoma,87452,85893,2006.0
65098,15032,65830,September,6436,20736,Oklahoma,80130,86566,2006.0
63624,17906,69433,December,5568,17665,Oklahoma,81530,87098,2006.0
60062,15103,70734,March,12799,17230,Oklahoma,75165,87964,2007.0
66453,21453,64423,June,-2730,20753,Oklahoma,87906,85176,2007.0
62070,13677,65041,September,6808,17514,Oklahoma,75747,82555,2007.0
64277,14316,64362,December,3293,17524,Oklahoma,78593,81886,2007.0
59959,14185,71079,March,12641,15706,Oklahoma,74144,86785,2008.0
66815,15063,64449,June,705,18134,Oklahoma,81878,82583,2008.0
63851,14671,64675,September,1383,15230,Oklahoma,78522,79905,2008.0
69908,15602,63049,December,-6998,15463,Oklahoma,85510,78512,2008.0
80373,21172,52989,March,-31178,17378,Oklahoma,101545,70367,2009.0
76821,20405,52140,June,-30787,14299,Oklahoma,97226,66439,2009.0
68309,15547,52216,September,-16494,15146,Oklahoma,83856,67362,2009.0
59837,17183,52850,December,-7940,16230,Oklahoma,77020,69080,2009.0
55300,12616,53674,March,1645,15887,Oklahoma,67916,69561,2010.0
53109,12581,60214,June,8940,14416,Oklahoma,65690,74630,2010.0
55376,17176,61028,September,2894,14418,Oklahoma,72552,75446,2010.0
52124,11366,61164,December,14391,16717,Oklahoma,63490,77881,2010.0
56884,14159,57477,March,756,14322,Oklahoma,71043,71799,2011.0
56320,10476,61401,June,7953,13348,Oklahoma,66796,74749,2011.0
54259,14175,63701,September,10818,15551,Oklahoma,68434,79252,2011.0
54732,15325,59069,December,5660,16648,Oklahoma,70057,75717,2011.0
51844,14141,62674,March,10738,14049,Oklahoma,65985,76723,2012.0
57706,10266,60473,June,8259,15758,Oklahoma,67972,76231,2012.0
58629,15395,59201,September,-524,14299,Oklahoma,74024,73500,2012.0
56136,12285,65976,December,13382,15827,Oklahoma,68421,81803,2012.0
58876,14893,58965,March,207,15011,Oklahoma,73769,73976,2013.0
58711,13703,61553,June,6399,17260,Oklahoma,72414,78813,2013.0
60652,9931,61625,September,8146,17104,Oklahoma,70583,78729,2013.0
62857,14653,61262,December,-639,15609,Oklahoma,77510,76871,2013.0
57892,14092,63005,March,5693,14672,Oklahoma,71984,77677,2014.0
61059,13255,63936,June,4441,14819,Oklahoma,74314,78755,2014.0
59791,10973,62643,September,6835,14956,Oklahoma,70764,77599,2014.0
57082,12569,68578,December,15632,16705,Oklahoma,69651,85283,2014.0
67371,12051,58728,March,-6601,14093,Oklahoma,79422,72821,2015.0
69185,13966,62295,June,-6629,14227,Oklahoma,83151,76522,2015.0
63621,14189,61696,September,-1491,14623,Oklahoma,77810,76319,2015.0
65842,16214,63835,December,-2506,15715,Oklahoma,82056,79550,2015.0
67418,13067,58511,March,-7860,14114,Oklahoma,80485,72625,2016.0
68405,15964,57429,June,-12203,14737,Oklahoma,84369,72166,2016.0
62366,12888,62505,September,4000,16749,Oklahoma,75254,79254,2016.0
61925,16571,64197,December,3078,17377,Oklahoma,78496,81574,2016.0
59638,21810,62627,March,-3021,15800,Oklahoma,81448,78427,2017.0
60560,13576,62495,June,8718,20359,Oklahoma,74136,82854,2017.0
60080,15654,64658,September,5979,17055,Oklahoma,75734,81713,2017.0
58930,15165,65706,December,6852,15241,Oklahoma,74095,80947,2017.0
82692,27361,77034,September,-8333,24686,Oregon,110053,101720,1992.0
73574,16522,74581,December,1895,17410,Oregon,90096,91991,1992.0
67612,13235,77729,March,12584,15702,Oregon,80847,93431,1993.0
73714,14246,86279,June,18367,20048,Oregon,87960,106327,1993.0
79187,16126,84970,September,10398,20741,Oregon,95313,105711,1993.0
73970,17062,83274,December,11298,19056,Oregon,91032,102330,1993.0
75627,17172,85591,March,12150,19358,Oregon,92799,104949,1994.0
73710,17479,94096,June,26382,23475,Oregon,91189,117571,1994.0
83755,18752,89918,September,6878,19467,Oregon,102507,109385,1994.0
79230,16126,87143,December,12443,20656,Oregon,95356,107799,1994.0
78968,17036,90594,March,13695,19105,Oregon,96004,109699,1995.0
82628,18091,94105,June,13237,19851,Oregon,100719,113956,1995.0
84010,20627,94573,September,9835,19899,Oregon,104637,114472,1995.0
82854,20151,92441,December,11166,21730,Oregon,103005,114171,1995.0
81736,21769,90940,March,10208,22773,Oregon,103505,113713,1996.0
86649,21233,94828,June,11975,25029,Oregon,107882,119857,1996.0
87346,22260,94313,September,11778,27071,Oregon,109606,121384,1996.0
85423,18177,97297,December,17026,23329,Oregon,103600,120626,1996.0
86161,22845,97253,March,14437,26190,Oregon,109006,123443,1997.0
83496,16335,94834,June,16919,21916,Oregon,99831,116750,1997.0
92952,20900,91245,September,-4380,18227,Oregon,113852,109472,1997.0
83788,20541,96683,December,18344,25990,Oregon,104329,122673,1997.0
88803,21104,90132,March,-432,19343,Oregon,109907,109475,1998.0
92043,21879,92126,June,3422,25218,Oregon,113922,117344,1998.0
90593,21783,89383,September,-1212,21781,Oregon,112376,111164,1998.0
87554,23591,98836,December,4947,17256,Oregon,111145,116092,1998.0
90266,26283,109511,March,17086,24124,Oregon,116549,133635,1999.0
87105,22746,88880,June,-825,20146,Oregon,109851,109026,1999.0
83388,24718,90896,September,6018,23228,Oregon,108106,114124,1999.0
83562,18513,97825,December,17291,21541,Oregon,102075,119366,1999.0
91412,25327,94512,March,819,23046,Oregon,116739,117558,2000.0
87401,21581,91396,June,9595,27181,Oregon,108982,118577,2000.0
90043,23855,90021,September,-3173,20704,Oregon,113898,110725,2000.0
88198,18976,94694,December,7421,19901,Oregon,107174,114595,2000.0
94525,26423,91533,March,-8774,20641,Oregon,120948,112174,2001.0
99075,21038,86776,June,-14555,18782,Oregon,120113,105558,2001.0
99677,23137,81149,September,-22158,19507,Oregon,122814,100656,2001.0
90439,19886,77829,December,-12977,19519,Oregon,110325,97348,2001.0
86788,22454,86943,March,387,22686,Oregon,109242,109629,2002.0
81878,19248,85290,June,3250,19086,Oregon,101126,104376,2002.0
82665,17541,85883,September,4256,18579,Oregon,100206,104462,2002.0
85464,16462,79414,December,-3632,18880,Oregon,101926,98294,2002.0
87562,19668,84090,March,-3597,19543,Oregon,107230,103633,2003.0
86447,17994,78417,June,-7879,18145,Oregon,104441,96562,2003.0
77133,18095,84300,September,8399,19327,Oregon,95228,103627,2003.0
77152,16901,84316,December,9234,18971,Oregon,94053,103287,2003.0
78646,16997,85629,March,7697,17711,Oregon,95643,103340,2004.0
73556,18277,92854,June,19257,18236,Oregon,91833,111090,2004.0
83101,19202,84016,September,-425,17862,Oregon,102303,101878,2004.0
78073,14884,88253,December,12746,17450,Oregon,92957,105703,2004.0
77072,19102,94160,March,15529,17543,Oregon,96174,111703,2005.0
78421,14550,84098,June,6747,15620,Oregon,92971,99718,2005.0
78750,14428,88008,September,11345,16515,Oregon,93178,104523,2005.0
76881,15500,92986,December,18582,17977,Oregon,92381,110963,2005.0
79476,15618,89090,March,13195,19199,Oregon,95094,108289,2006.0
82165,15122,87957,June,7276,16606,Oregon,97287,104563,2006.0
81601,16194,85762,September,4435,16468,Oregon,97795,102230,2006.0
80278,15616,88630,December,10552,17816,Oregon,95894,106446,2006.0
82896,14333,89678,March,10222,17773,Oregon,97229,107451,2007.0
87107,18734,86923,June,-3199,15719,Oregon,105841,102642,2007.0
85527,17870,84584,September,-1759,17054,Oregon,103397,101638,2007.0
85179,17272,85841,December,3557,20167,Oregon,102451,106008,2007.0
86095,15361,83652,March,-1612,16192,Oregon,101456,99844,2008.0
95616,17950,74982,June,-21804,16780,Oregon,113566,91762,2008.0
88778,17009,81110,September,-7220,17457,Oregon,105787,98567,2008.0
106216,19943,69723,December,-40224,16212,Oregon,126159,85935,2008.0
108252,21057,63549,March,-50971,14789,Oregon,129309,78338,2009.0
89393,17192,73063,June,-18943,14579,Oregon,106585,87642,2009.0
78850,17943,71293,September,-10021,15479,Oregon,96793,86772,2009.0
79193,16572,72652,December,-6082,17031,Oregon,95765,89683,2009.0
73891,16076,74451,March,-327,15189,Oregon,89967,89640,2010.0
70750,14588,75030,June,5449,15757,Oregon,85338,90787,2010.0
69411,15558,78095,September,10055,16929,Oregon,84969,95024,2010.0
73479,16983,78541,December,3546,15467,Oregon,90462,94008,2010.0
72393,14247,75804,March,5242,16078,Oregon,86640,91882,2011.0
71228,14435,72881,June,2466,15248,Oregon,85663,88129,2011.0
65593,13797,84303,September,22509,17596,Oregon,79390,101899,2011.0
75662,16140,77312,December,1893,16383,Oregon,91802,93695,2011.0
73510,15203,77339,March,5263,16637,Oregon,88713,93976,2012.0
71869,17122,78747,June,5353,15597,Oregon,88991,94344,2012.0
71380,14512,80843,September,11548,16597,Oregon,85892,97440,2012.0
75591,15054,78430,December,5111,17326,Oregon,90645,95756,2012.0
71525,14132,82870,March,14285,17072,Oregon,85657,99942,2013.0
72151,14800,84762,June,13287,15476,Oregon,86951,100238,2013.0
73696,14210,82361,September,12278,17823,Oregon,87906,100184,2013.0
76172,16201,81289,December,5217,16301,Oregon,92373,97590,2013.0
74313,14275,84385,March,11748,15951,Oregon,88588,100336,2014.0
75930,15656,84186,June,9121,16521,Oregon,91586,100707,2014.0
74354,13652,85809,September,14171,16368,Oregon,88006,102177,2014.0
75673,16700,86406,December,11255,17222,Oregon,92373,103628,2014.0
72253,13811,86594,March,17271,16741,Oregon,86064,103335,2015.0
76532,14675,87081,June,12305,16431,Oregon,91207,103512,2015.0
79516,16409,86619,September,9114,18420,Oregon,95925,105039,2015.0
77055,16446,88105,December,13153,18549,Oregon,93501,106654,2015.0
75439,13926,91660,March,19646,17351,Oregon,89365,109011,2016.0
83620,19150,87562,June,2381,17589,Oregon,102770,105151,2016.0
81800,17522,86639,September,7038,19721,Oregon,99322,106360,2016.0
78493,18013,84478,December,6650,18678,Oregon,96506,103156,2016.0
75212,14295,90747,March,19070,17830,Oregon,89507,108577,2017.0
79787,14977,87599,June,9187,16352,Oregon,94764,103951,2017.0
83700,15594,84226,September,3472,18540,Oregon,99294,102766,2017.0
78874,16465,88935,December,12566,18970,Oregon,95339,107905,2017.0
82692,27361,77034,September,-8333,24686,Oregon,110053,101720,1992.0
73574,16522,74581,December,1895,17410,Oregon,90096,91991,1992.0
67612,13235,77729,March,12584,15702,Oregon,80847,93431,1993.0
73714,14246,86279,June,18367,20048,Oregon,87960,106327,1993.0
79187,16126,84970,September,10398,20741,Oregon,95313,105711,1993.0
73970,17062,83274,December,11298,19056,Oregon,91032,102330,1993.0
75627,17172,85591,March,12150,19358,Oregon,92799,104949,1994.0
73710,17479,94096,June,26382,23475,Oregon,91189,117571,1994.0
83755,18752,89918,September,6878,19467,Oregon,102507,109385,1994.0
79230,16126,87143,December,12443,20656,Oregon,95356,107799,1994.0
78968,17036,90594,March,13695,19105,Oregon,96004,109699,1995.0
82628,18091,94105,June,13237,19851,Oregon,100719,113956,1995.0
84010,20627,94573,September,9835,19899,Oregon,104637,114472,1995.0
82854,20151,92441,December,11166,21730,Oregon,103005,114171,1995.0
81736,21769,90940,March,10208,22773,Oregon,103505,113713,1996.0
86649,21233,94828,June,11975,25029,Oregon,107882,119857,1996.0
87346,22260,94313,September,11778,27071,Oregon,109606,121384,1996.0
85423,18177,97297,December,17026,23329,Oregon,103600,120626,1996.0
86161,22845,97253,March,14437,26190,Oregon,109006,123443,1997.0
83496,16335,94834,June,16919,21916,Oregon,99831,116750,1997.0
92952,20900,91245,September,-4380,18227,Oregon,113852,109472,1997.0
83788,20541,96683,December,18344,25990,Oregon,104329,122673,1997.0
88803,21104,90132,March,-432,19343,Oregon,109907,109475,1998.0
92043,21879,92126,June,3422,25218,Oregon,113922,117344,1998.0
90593,21783,89383,September,-1212,21781,Oregon,112376,111164,1998.0
87554,23591,98836,December,4947,17256,Oregon,111145,116092,1998.0
90266,26283,109511,March,17086,24124,Oregon,116549,133635,1999.0
87105,22746,88880,June,-825,20146,Oregon,109851,109026,1999.0
83388,24718,90896,September,6018,23228,Oregon,108106,114124,1999.0
83562,18513,97825,December,17291,21541,Oregon,102075,119366,1999.0
91412,25327,94512,March,819,23046,Oregon,116739,117558,2000.0
87401,21581,91396,June,9595,27181,Oregon,108982,118577,2000.0
90043,23855,90021,September,-3173,20704,Oregon,113898,110725,2000.0
88198,18976,94694,December,7421,19901,Oregon,107174,114595,2000.0
94525,26423,91533,March,-8774,20641,Oregon,120948,112174,2001.0
99075,21038,86776,June,-14555,18782,Oregon,120113,105558,2001.0
99677,23137,81149,September,-22158,19507,Oregon,122814,100656,2001.0
90439,19886,77829,December,-12977,19519,Oregon,110325,97348,2001.0
86788,22454,86943,March,387,22686,Oregon,109242,109629,2002.0
81878,19248,85290,June,3250,19086,Oregon,101126,104376,2002.0
82665,17541,85883,September,4256,18579,Oregon,100206,104462,2002.0
85464,16462,79414,December,-3632,18880,Oregon,101926,98294,2002.0
87562,19668,84090,March,-3597,19543,Oregon,107230,103633,2003.0
86447,17994,78417,June,-7879,18145,Oregon,104441,96562,2003.0
77133,18095,84300,September,8399,19327,Oregon,95228,103627,2003.0
77152,16901,84316,December,9234,18971,Oregon,94053,103287,2003.0
78646,16997,85629,March,7697,17711,Oregon,95643,103340,2004.0
73556,18277,92854,June,19257,18236,Oregon,91833,111090,2004.0
83101,19202,84016,September,-425,17862,Oregon,102303,101878,2004.0
78073,14884,88253,December,12746,17450,Oregon,92957,105703,2004.0
77072,19102,94160,March,15529,17543,Oregon,96174,111703,2005.0
78421,14550,84098,June,6747,15620,Oregon,92971,99718,2005.0
78750,14428,88008,September,11345,16515,Oregon,93178,104523,2005.0
76881,15500,92986,December,18582,17977,Oregon,92381,110963,2005.0
79476,15618,89090,March,13195,19199,Oregon,95094,108289,2006.0
82165,15122,87957,June,7276,16606,Oregon,97287,104563,2006.0
81601,16194,85762,September,4435,16468,Oregon,97795,102230,2006.0
80278,15616,88630,December,10552,17816,Oregon,95894,106446,2006.0
82896,14333,89678,March,10222,17773,Oregon,97229,107451,2007.0
87107,18734,86923,June,-3199,15719,Oregon,105841,102642,2007.0
85527,17870,84584,September,-1759,17054,Oregon,103397,101638,2007.0
85179,17272,85841,December,3557,20167,Oregon,102451,106008,2007.0
86095,15361,83652,March,-1612,16192,Oregon,101456,99844,2008.0
95616,17950,74982,June,-21804,16780,Oregon,113566,91762,2008.0
88778,17009,81110,September,-7220,17457,Oregon,105787,98567,2008.0
106216,19943,69723,December,-40224,16212,Oregon,126159,85935,2008.0
108252,21057,63549,March,-50971,14789,Oregon,129309,78338,2009.0
89393,17192,73063,June,-18943,14579,Oregon,106585,87642,2009.0
78850,17943,71293,September,-10021,15479,Oregon,96793,86772,2009.0
79193,16572,72652,December,-6082,17031,Oregon,95765,89683,2009.0
73891,16076,74451,March,-327,15189,Oregon,89967,89640,2010.0
70750,14588,75030,June,5449,15757,Oregon,85338,90787,2010.0
69411,15558,78095,September,10055,16929,Oregon,84969,95024,2010.0
73479,16983,78541,December,3546,15467,Oregon,90462,94008,2010.0
72393,14247,75804,March,5242,16078,Oregon,86640,91882,2011.0
71228,14435,72881,June,2466,15248,Oregon,85663,88129,2011.0
65593,13797,84303,September,22509,17596,Oregon,79390,101899,2011.0
75662,16140,77312,December,1893,16383,Oregon,91802,93695,2011.0
73510,15203,77339,March,5263,16637,Oregon,88713,93976,2012.0
71869,17122,78747,June,5353,15597,Oregon,88991,94344,2012.0
71380,14512,80843,September,11548,16597,Oregon,85892,97440,2012.0
75591,15054,78430,December,5111,17326,Oregon,90645,95756,2012.0
71525,14132,82870,March,14285,17072,Oregon,85657,99942,2013.0
72151,14800,84762,June,13287,15476,Oregon,86951,100238,2013.0
73696,14210,82361,September,12278,17823,Oregon,87906,100184,2013.0
76172,16201,81289,December,5217,16301,Oregon,92373,97590,2013.0
74313,14275,84385,March,11748,15951,Oregon,88588,100336,2014.0
75930,15656,84186,June,9121,16521,Oregon,91586,100707,2014.0
74354,13652,85809,September,14171,16368,Oregon,88006,102177,2014.0
75673,16700,86406,December,11255,17222,Oregon,92373,103628,2014.0
72253,13811,86594,March,17271,16741,Oregon,86064,103335,2015.0
76532,14675,87081,June,12305,16431,Oregon,91207,103512,2015.0
79516,16409,86619,September,9114,18420,Oregon,95925,105039,2015.0
77055,16446,88105,December,13153,18549,Oregon,93501,106654,2015.0
75439,13926,91660,March,19646,17351,Oregon,89365,109011,2016.0
83620,19150,87562,June,2381,17589,Oregon,102770,105151,2016.0
81800,17522,86639,September,7038,19721,Oregon,99322,106360,2016.0
78493,18013,84478,December,6650,18678,Oregon,96506,103156,2016.0
75212,14295,90747,March,19070,17830,Oregon,89507,108577,2017.0
79787,14977,87599,June,9187,16352,Oregon,94764,103951,2017.0
83700,15594,84226,September,3472,18540,Oregon,99294,102766,2017.0
78874,16465,88935,December,12566,18970,Oregon,95339,107905,2017.0
216025,72591,243926,September,33153,77843,Pennsylvania,288616,321769,1992.0
230964,57583,217626,December,-10143,60778,Pennsylvania,288547,278404,1992.0
228322,61295,226861,March,1637,64393,Pennsylvania,289617,291254,1993.0
217487,65230,223075,June,2004,61646,Pennsylvania,282717,284721,1993.0
206432,60287,246083,September,47446,68082,Pennsylvania,266719,314165,1993.0
225408,62430,225984,December,-201,61653,Pennsylvania,287838,287637,1993.0
231905,69639,224157,March,-2469,74918,Pennsylvania,301544,299075,1994.0
214466,76524,236896,June,21182,75276,Pennsylvania,290990,312172,1994.0
214196,54156,252416,September,54459,70395,Pennsylvania,268352,322811,1994.0
225614,54859,231961,December,5832,54344,Pennsylvania,280473,286305,1994.0
235967,53490,227267,March,-819,61371,Pennsylvania,289457,288638,1995.0
231567,59610,221904,June,4750,74023,Pennsylvania,291177,295927,1995.0
221648,50250,235173,September,29171,65896,Pennsylvania,271898,301069,1995.0
229703,58218,229411,December,-2822,55688,Pennsylvania,287921,285099,1995.0
240100,53920,233880,March,1263,61403,Pennsylvania,294020,295283,1996.0
232978,54510,238366,June,23922,73044,Pennsylvania,287488,311410,1996.0
217625,62477,245936,September,29547,63713,Pennsylvania,280102,309649,1996.0
238158,53831,238219,December,18433,72203,Pennsylvania,291989,310422,1996.0
231985,56304,243159,March,25277,70407,Pennsylvania,288289,313566,1997.0
220027,54816,233092,June,24812,66563,Pennsylvania,274843,299655,1997.0
229034,57095,243325,September,45988,88792,Pennsylvania,286129,332117,1997.0
226270,64488,248265,December,29679,72172,Pennsylvania,290758,320437,1997.0
234952,72351,250789,March,22988,79502,Pennsylvania,307303,330291,1998.0
240273,64567,241679,June,14125,77286,Pennsylvania,304840,318965,1998.0
233792,62204,243494,September,11201,63703,Pennsylvania,295996,307197,1998.0
232287,52321,253900,December,37344,68052,Pennsylvania,284608,321952,1998.0
244340,65534,258830,March,20563,71607,Pennsylvania,309874,330437,1999.0
243755,65978,257249,June,20150,72634,Pennsylvania,309733,329883,1999.0
254916,70673,261003,September,12983,77569,Pennsylvania,325589,338572,1999.0
247658,65733,271069,December,27722,70044,Pennsylvania,313391,341113,1999.0
248035,63328,271616,March,45042,84789,Pennsylvania,311363,356405,2000.0
255257,46661,246711,June,10012,65219,Pennsylvania,301918,311930,2000.0
252111,59842,261258,September,26261,76956,Pennsylvania,311953,338214,2000.0
251802,64721,260648,December,12632,68507,Pennsylvania,316523,329155,2000.0
264538,60234,271374,March,7454,60852,Pennsylvania,324772,332226,2001.0
289472,73473,250424,June,-38304,74217,Pennsylvania,362945,324641,2001.0
275407,71816,242986,September,-33954,70283,Pennsylvania,347223,313269,2001.0
277339,68810,238960,December,-34186,73003,Pennsylvania,346149,311963,2001.0
259500,60606,261001,March,21364,80469,Pennsylvania,320106,341470,2002.0
256005,67204,244172,June,-16044,62993,Pennsylvania,323209,307165,2002.0
253912,60086,249156,September,-7818,57024,Pennsylvania,313998,306180,2002.0
263621,70176,241679,December,-28947,63171,Pennsylvania,333797,304850,2002.0
261622,54199,244320,March,-4608,66893,Pennsylvania,315821,311213,2003.0
251629,60460,242341,June,-15332,54416,Pennsylvania,312089,296757,2003.0
243388,54652,239099,September,1309,60250,Pennsylvania,298040,299349,2003.0
242122,55109,238209,December,4284,63306,Pennsylvania,297231,301515,2003.0
235517,53141,247736,March,19640,60562,Pennsylvania,288658,308298,2004.0
229699,58566,242474,June,8317,54108,Pennsylvania,288265,296582,2004.0
234407,54143,243451,September,12330,57429,Pennsylvania,288550,300880,2004.0
231000,51554,242087,December,18588,59055,Pennsylvania,282554,301142,2004.0
232286,53092,232530,March,8498,61346,Pennsylvania,285378,293876,2005.0
236819,64037,248191,June,1671,54336,Pennsylvania,300856,302527,2005.0
235403,46492,247208,September,29475,64162,Pennsylvania,281895,311370,2005.0
242842,47737,239025,December,2491,54045,Pennsylvania,290579,293070,2005.0
218438,49840,245702,March,33620,56196,Pennsylvania,268278,301898,2006.0
234859,46775,237938,June,4664,48360,Pennsylvania,281634,286298,2006.0
231224,42588,234008,September,10472,50276,Pennsylvania,273812,284284,2006.0
234608,42377,239081,December,10068,47972,Pennsylvania,276985,287053,2006.0
231672,45042,245727,March,16558,47545,Pennsylvania,276714,293272,2007.0
230787,47022,248653,June,20039,49195,Pennsylvania,277809,297848,2007.0
238319,45994,223012,September,-12974,48327,Pennsylvania,284313,271339,2007.0
233968,44166,241803,December,13220,49551,Pennsylvania,278134,291354,2007.0
227325,46792,225207,March,-1885,47025,Pennsylvania,274117,272232,2008.0
241868,47542,234263,June,-3931,51216,Pennsylvania,289410,285479,2008.0
247361,44750,222080,September,-21445,48586,Pennsylvania,292111,270666,2008.0
270367,46132,213297,December,-60112,43090,Pennsylvania,316499,256387,2008.0
273023,47559,186506,March,-93925,40151,Pennsylvania,320582,226657,2009.0
260831,45113,206657,June,-55587,43700,Pennsylvania,305944,250357,2009.0
234047,47961,215333,September,-23916,42759,Pennsylvania,282008,258092,2009.0
228092,42925,222775,December,-3272,44970,Pennsylvania,271017,267745,2009.0
213353,42262,214926,March,194,40883,Pennsylvania,255615,255809,2010.0
206585,33999,230279,June,35360,45665,Pennsylvania,240584,275944,2010.0
212350,38231,228681,September,23408,45308,Pennsylvania,250581,273989,2010.0
215447,41993,235764,December,29384,51060,Pennsylvania,257440,286824,2010.0
204622,39285,220226,March,14909,38590,Pennsylvania,243907,258816,2011.0
206348,43280,227693,June,26571,48506,Pennsylvania,249628,276199,2011.0
216787,48418,229900,September,3102,38407,Pennsylvania,265205,268307,2011.0
204734,44853,218617,December,27304,58274,Pennsylvania,249587,276891,2011.0
205673,41231,242070,March,45184,50018,Pennsylvania,246904,292088,2012.0
223750,43228,216631,June,-2767,47580,Pennsylvania,266978,264211,2012.0
221345,44034,219401,September,-360,45618,Pennsylvania,265379,265019,2012.0
212407,41139,213090,December,10635,51091,Pennsylvania,253546,264181,2012.0
208101,57231,228812,March,5820,42340,Pennsylvania,265332,271152,2013.0
210407,43943,216356,June,7508,45502,Pennsylvania,254350,261858,2013.0
216548,40804,212639,September,-366,44347,Pennsylvania,257352,256986,2013.0
211585,42454,221625,December,12900,45314,Pennsylvania,254039,266939,2013.0
209027,36394,214059,March,11723,43085,Pennsylvania,245421,257144,2014.0
205248,36689,231423,June,32469,42983,Pennsylvania,241937,274406,2014.0
214222,39811,218724,September,2625,37934,Pennsylvania,254033,256658,2014.0
203854,38208,235448,December,36583,43197,Pennsylvania,242062,278645,2014.0
223383,42009,202816,March,-23599,38977,Pennsylvania,265392,241793,2015.0
210201,37398,235284,June,31628,43943,Pennsylvania,247599,279227,2015.0
225750,40738,223669,September,-450,42369,Pennsylvania,266488,266038,2015.0
216571,42478,241463,December,29286,46872,Pennsylvania,259049,288335,2015.0
225217,40776,230046,March,7810,43757,Pennsylvania,265993,273803,2016.0
234362,39094,226099,June,-5160,42197,Pennsylvania,273456,268296,2016.0
221540,37199,239132,September,26899,46506,Pennsylvania,258739,285638,2016.0
220151,40689,229901,December,13941,44880,Pennsylvania,260840,274781,2016.0
217004,37342,225943,March,14213,42616,Pennsylvania,254346,268559,2017.0
225454,38368,238869,June,17635,42588,Pennsylvania,263822,281457,2017.0
223048,41091,241191,September,15171,38119,Pennsylvania,264139,279310,2017.0
210154,40831,235131,December,29895,45749,Pennsylvania,250985,280880,2017.0
216025,72591,243926,September,33153,77843,Pennsylvania,288616,321769,1992.0
230964,57583,217626,December,-10143,60778,Pennsylvania,288547,278404,1992.0
228322,61295,226861,March,1637,64393,Pennsylvania,289617,291254,1993.0
217487,65230,223075,June,2004,61646,Pennsylvania,282717,284721,1993.0
206432,60287,246083,September,47446,68082,Pennsylvania,266719,314165,1993.0
225408,62430,225984,December,-201,61653,Pennsylvania,287838,287637,1993.0
231905,69639,224157,March,-2469,74918,Pennsylvania,301544,299075,1994.0
214466,76524,236896,June,21182,75276,Pennsylvania,290990,312172,1994.0
214196,54156,252416,September,54459,70395,Pennsylvania,268352,322811,1994.0
225614,54859,231961,December,5832,54344,Pennsylvania,280473,286305,1994.0
235967,53490,227267,March,-819,61371,Pennsylvania,289457,288638,1995.0
231567,59610,221904,June,4750,74023,Pennsylvania,291177,295927,1995.0
221648,50250,235173,September,29171,65896,Pennsylvania,271898,301069,1995.0
229703,58218,229411,December,-2822,55688,Pennsylvania,287921,285099,1995.0
240100,53920,233880,March,1263,61403,Pennsylvania,294020,295283,1996.0
232978,54510,238366,June,23922,73044,Pennsylvania,287488,311410,1996.0
217625,62477,245936,September,29547,63713,Pennsylvania,280102,309649,1996.0
238158,53831,238219,December,18433,72203,Pennsylvania,291989,310422,1996.0
231985,56304,243159,March,25277,70407,Pennsylvania,288289,313566,1997.0
220027,54816,233092,June,24812,66563,Pennsylvania,274843,299655,1997.0
229034,57095,243325,September,45988,88792,Pennsylvania,286129,332117,1997.0
226270,64488,248265,December,29679,72172,Pennsylvania,290758,320437,1997.0
234952,72351,250789,March,22988,79502,Pennsylvania,307303,330291,1998.0
240273,64567,241679,June,14125,77286,Pennsylvania,304840,318965,1998.0
233792,62204,243494,September,11201,63703,Pennsylvania,295996,307197,1998.0
232287,52321,253900,December,37344,68052,Pennsylvania,284608,321952,1998.0
244340,65534,258830,March,20563,71607,Pennsylvania,309874,330437,1999.0
243755,65978,257249,June,20150,72634,Pennsylvania,309733,329883,1999.0
254916,70673,261003,September,12983,77569,Pennsylvania,325589,338572,1999.0
247658,65733,271069,December,27722,70044,Pennsylvania,313391,341113,1999.0
248035,63328,271616,March,45042,84789,Pennsylvania,311363,356405,2000.0
255257,46661,246711,June,10012,65219,Pennsylvania,301918,311930,2000.0
252111,59842,261258,September,26261,76956,Pennsylvania,311953,338214,2000.0
251802,64721,260648,December,12632,68507,Pennsylvania,316523,329155,2000.0
264538,60234,271374,March,7454,60852,Pennsylvania,324772,332226,2001.0
289472,73473,250424,June,-38304,74217,Pennsylvania,362945,324641,2001.0
275407,71816,242986,September,-33954,70283,Pennsylvania,347223,313269,2001.0
277339,68810,238960,December,-34186,73003,Pennsylvania,346149,311963,2001.0
259500,60606,261001,March,21364,80469,Pennsylvania,320106,341470,2002.0
256005,67204,244172,June,-16044,62993,Pennsylvania,323209,307165,2002.0
253912,60086,249156,September,-7818,57024,Pennsylvania,313998,306180,2002.0
263621,70176,241679,December,-28947,63171,Pennsylvania,333797,304850,2002.0
261622,54199,244320,March,-4608,66893,Pennsylvania,315821,311213,2003.0
251629,60460,242341,June,-15332,54416,Pennsylvania,312089,296757,2003.0
243388,54652,239099,September,1309,60250,Pennsylvania,298040,299349,2003.0
242122,55109,238209,December,4284,63306,Pennsylvania,297231,301515,2003.0
235517,53141,247736,March,19640,60562,Pennsylvania,288658,308298,2004.0
229699,58566,242474,June,8317,54108,Pennsylvania,288265,296582,2004.0
234407,54143,243451,September,12330,57429,Pennsylvania,288550,300880,2004.0
231000,51554,242087,December,18588,59055,Pennsylvania,282554,301142,2004.0
232286,53092,232530,March,8498,61346,Pennsylvania,285378,293876,2005.0
236819,64037,248191,June,1671,54336,Pennsylvania,300856,302527,2005.0
235403,46492,247208,September,29475,64162,Pennsylvania,281895,311370,2005.0
242842,47737,239025,December,2491,54045,Pennsylvania,290579,293070,2005.0
218438,49840,245702,March,33620,56196,Pennsylvania,268278,301898,2006.0
234859,46775,237938,June,4664,48360,Pennsylvania,281634,286298,2006.0
231224,42588,234008,September,10472,50276,Pennsylvania,273812,284284,2006.0
234608,42377,239081,December,10068,47972,Pennsylvania,276985,287053,2006.0
231672,45042,245727,March,16558,47545,Pennsylvania,276714,293272,2007.0
230787,47022,248653,June,20039,49195,Pennsylvania,277809,297848,2007.0
238319,45994,223012,September,-12974,48327,Pennsylvania,284313,271339,2007.0
233968,44166,241803,December,13220,49551,Pennsylvania,278134,291354,2007.0
227325,46792,225207,March,-1885,47025,Pennsylvania,274117,272232,2008.0
241868,47542,234263,June,-3931,51216,Pennsylvania,289410,285479,2008.0
247361,44750,222080,September,-21445,48586,Pennsylvania,292111,270666,2008.0
270367,46132,213297,December,-60112,43090,Pennsylvania,316499,256387,2008.0
273023,47559,186506,March,-93925,40151,Pennsylvania,320582,226657,2009.0
260831,45113,206657,June,-55587,43700,Pennsylvania,305944,250357,2009.0
234047,47961,215333,September,-23916,42759,Pennsylvania,282008,258092,2009.0
228092,42925,222775,December,-3272,44970,Pennsylvania,271017,267745,2009.0
213353,42262,214926,March,194,40883,Pennsylvania,255615,255809,2010.0
206585,33999,230279,June,35360,45665,Pennsylvania,240584,275944,2010.0
212350,38231,228681,September,23408,45308,Pennsylvania,250581,273989,2010.0
215447,41993,235764,December,29384,51060,Pennsylvania,257440,286824,2010.0
204622,39285,220226,March,14909,38590,Pennsylvania,243907,258816,2011.0
206348,43280,227693,June,26571,48506,Pennsylvania,249628,276199,2011.0
216787,48418,229900,September,3102,38407,Pennsylvania,265205,268307,2011.0
204734,44853,218617,December,27304,58274,Pennsylvania,249587,276891,2011.0
205673,41231,242070,March,45184,50018,Pennsylvania,246904,292088,2012.0
223750,43228,216631,June,-2767,47580,Pennsylvania,266978,264211,2012.0
221345,44034,219401,September,-360,45618,Pennsylvania,265379,265019,2012.0
212407,41139,213090,December,10635,51091,Pennsylvania,253546,264181,2012.0
208101,57231,228812,March,5820,42340,Pennsylvania,265332,271152,2013.0
210407,43943,216356,June,7508,45502,Pennsylvania,254350,261858,2013.0
216548,40804,212639,September,-366,44347,Pennsylvania,257352,256986,2013.0
211585,42454,221625,December,12900,45314,Pennsylvania,254039,266939,2013.0
209027,36394,214059,March,11723,43085,Pennsylvania,245421,257144,2014.0
205248,36689,231423,June,32469,42983,Pennsylvania,241937,274406,2014.0
214222,39811,218724,September,2625,37934,Pennsylvania,254033,256658,2014.0
203854,38208,235448,December,36583,43197,Pennsylvania,242062,278645,2014.0
223383,42009,202816,March,-23599,38977,Pennsylvania,265392,241793,2015.0
210201,37398,235284,June,31628,43943,Pennsylvania,247599,279227,2015.0
225750,40738,223669,September,-450,42369,Pennsylvania,266488,266038,2015.0
216571,42478,241463,December,29286,46872,Pennsylvania,259049,288335,2015.0
225217,40776,230046,March,7810,43757,Pennsylvania,265993,273803,2016.0
234362,39094,226099,June,-5160,42197,Pennsylvania,273456,268296,2016.0
221540,37199,239132,September,26899,46506,Pennsylvania,258739,285638,2016.0
220151,40689,229901,December,13941,44880,Pennsylvania,260840,274781,2016.0
217004,37342,225943,March,14213,42616,Pennsylvania,254346,268559,2017.0
225454,38368,238869,June,17635,42588,Pennsylvania,263822,281457,2017.0
223048,41091,241191,September,15171,38119,Pennsylvania,264139,279310,2017.0
210154,40831,235131,December,29895,45749,Pennsylvania,250985,280880,2017.0
37780,12710,47880,September,4990,7600,Puerto Rico,50490,55480,1992.0
54787,9141,33548,December,-20615,9765,Puerto Rico,63928,43313,1992.0
34067,7053,47575,March,16467,10012,Puerto Rico,41120,57587,1993.0
37422,6255,47891,June,14113,9899,Puerto Rico,43677,57790,1993.0
38562,7560,49234,September,11001,7889,Puerto Rico,46122,57123,1993.0
51198,14670,36122,December,-22562,7184,Puerto Rico,65868,43306,1993.0
34828,12421,46839,March,12476,12886,Puerto Rico,47249,59725,1994.0
37908,9419,48043,June,10192,9476,Puerto Rico,47327,57519,1994.0
40144,9249,48119,September,7136,8410,Puerto Rico,49393,56529,1994.0
47327,12344,37534,December,-9036,13101,Puerto Rico,59671,50635,1994.0
36807,8029,48971,March,12893,8758,Puerto Rico,44836,57729,1995.0
41604,10277,50034,June,8002,9849,Puerto Rico,51881,59883,1995.0
44139,7605,48438,September,7637,10943,Puerto Rico,51744,59381,1995.0
47244,9731,42862,December,-2023,12090,Puerto Rico,56975,54952,1995.0
40527,9190,50899,March,18016,16834,Puerto Rico,49717,67733,1996.0
42573,9324,49426,June,6330,8801,Puerto Rico,51897,58227,1996.0
46943,8925,46436,September,463,9895,Puerto Rico,55868,56331,1996.0
46623,9484,45704,December,3141,13544,Puerto Rico,56107,59248,1996.0
41598,9971,52929,March,13743,12383,Puerto Rico,51569,65312,1997.0
43547,15703,49243,June,1941,11948,Puerto Rico,59250,61191,1997.0
46496,17574,46755,September,-4907,12408,Puerto Rico,64070,59163,1997.0
56832,10684,41646,December,-8160,17710,Puerto Rico,67516,59356,1997.0
41915,7114,52614,March,14815,11230,Puerto Rico,49029,63844,1998.0
40109,10020,50901,June,6889,6117,Puerto Rico,50129,57018,1998.0
45689,7288,51516,September,9594,11055,Puerto Rico,52977,62571,1998.0
58066,10476,40526,December,-18275,9741,Puerto Rico,68542,50267,1998.0
38820,6528,57095,March,21624,9877,Puerto Rico,45348,66972,1999.0
44898,10455,56577,June,24284,23060,Puerto Rico,55353,79637,1999.0
44244,12657,50920,September,7381,13362,Puerto Rico,56901,64282,1999.0
50510,8826,39913,December,-10381,9042,Puerto Rico,59336,48955,1999.0
43753,8705,52519,March,10231,10170,Puerto Rico,52458,62689,2000.0
46546,8777,50831,June,8781,13273,Puerto Rico,55323,64104,2000.0
48153,7864,45332,September,-2961,7724,Puerto Rico,56017,53056,2000.0
48095,8209,46601,December,2696,12399,Puerto Rico,56304,59000,2000.0
47311,12859,45345,March,-7410,7415,Puerto Rico,60170,52760,2001.0
49655,13116,42129,June,-14074,6568,Puerto Rico,62771,48697,2001.0
47047,11869,46608,September,-1629,10679,Puerto Rico,58916,57287,2001.0
48264,12663,41536,December,-13405,5986,Puerto Rico,60927,47522,2001.0
44212,10676,43875,March,-3873,7140,Puerto Rico,54888,51015,2002.0
44307,9052,41879,June,-5682,5798,Puerto Rico,53359,47677,2002.0
39079,11138,43555,September,-3045,3617,Puerto Rico,50217,47172,2002.0
37976,7814,41681,December,2766,6875,Puerto Rico,45790,48556,2002.0
42983,13283,41606,March,-9326,5334,Puerto Rico,56266,46940,2003.0
43191,9057,45312,June,-3546,3390,Puerto Rico,52248,48702,2003.0
39105,8279,41872,September,-2438,3074,Puerto Rico,47384,44946,2003.0
37297,5050,39531,December,55746,58562,Puerto Rico,42347,98093,2003.0
42494,9292,46519,March,2287,7554,Puerto Rico,51786,54073,2004.0
40753,6433,47023,June,12056,12219,Puerto Rico,47186,59242,2004.0
43729,6820,43427,September,2701,9823,Puerto Rico,50549,53250,2004.0
40545,10211,46697,December,3299,7358,Puerto Rico,50756,54055,2004.0
44667,10769,43118,March,1255,13573,Puerto Rico,55436,56691,2005.0
44083,11523,42938,June,-1179,11489,Puerto Rico,55606,54427,2005.0
42223,8319,42633,September,1416,9325,Puerto Rico,50542,51958,2005.0
38859,6066,42722,December,4975,7178,Puerto Rico,44925,49900,2005.0
43322,10075,44417,March,-1582,7398,Puerto Rico,53397,51815,2006.0
47321,8201,39445,June,-7290,8787,Puerto Rico,55522,48232,2006.0
44546,11778,42176,September,-6739,7409,Puerto Rico,56324,49585,2006.0
39470,10026,44701,December,4537,9332,Puerto Rico,49496,54033,2006.0
45825,9759,39479,March,-7265,8840,Puerto Rico,55584,48319,2007.0
40640,10026,39189,June,352,11829,Puerto Rico,50666,51018,2007.0
42476,8865,41183,September,-339,9819,Puerto Rico,51341,51002,2007.0
40585,8726,40114,December,-2124,7073,Puerto Rico,49311,47187,2007.0
44051,10296,34250,March,-9399,10698,Puerto Rico,54347,44948,2008.0
41803,9562,35660,June,-4841,10864,Puerto Rico,51365,46524,2008.0
40607,9287,36067,September,-6908,6919,Puerto Rico,49894,42986,2008.0
42860,10003,35731,December,-8775,8357,Puerto Rico,52863,44088,2008.0
45582,10610,30567,March,-16765,8860,Puerto Rico,56192,39427,2009.0
42401,8014,30971,June,-11303,8141,Puerto Rico,50415,39112,2009.0
37783,7205,31323,September,-5092,8573,Puerto Rico,44988,39896,2009.0
33272,8163,35507,December,3570,9498,Puerto Rico,41435,45005,2009.0
37265,6937,32455,March,-4536,7211,Puerto Rico,44202,39666,2010.0
35422,7541,31215,June,-5549,6199,Puerto Rico,42963,37414,2010.0
33945,7439,33164,September,-985,7235,Puerto Rico,41384,40399,2010.0
30511,7526,37353,December,6899,7583,Puerto Rico,38037,44936,2010.0
34635,5988,32476,March,-2285,5862,Puerto Rico,40623,38338,2011.0
34332,8047,32217,June,-3924,6238,Puerto Rico,42379,38455,2011.0
31041,6865,37680,September,6547,6773,Puerto Rico,37906,44453,2011.0
31279,7667,36335,December,5592,8203,Puerto Rico,38946,44538,2011.0
34028,6169,34552,March,1707,7352,Puerto Rico,40197,41904,2012.0
32105,6200,38917,June,8060,7448,Puerto Rico,38305,46365,2012.0
36551,7144,34591,September,-1240,7864,Puerto Rico,43695,42455,2012.0
34683,7258,39400,December,4217,6758,Puerto Rico,41941,46158,2012.0
36954,6357,32823,March,-3893,6595,Puerto Rico,43311,39418,2013.0
35504,6455,34791,June,-212,6956,Puerto Rico,41959,41747,2013.0
38800,6603,33021,September,-3340,9042,Puerto Rico,45403,42063,2013.0
30406,6429,37567,December,7985,7253,Puerto Rico,36835,44820,2013.0
37783,6828,30535,March,-8160,5916,Puerto Rico,44611,36451,2014.0
35840,6570,30666,June,-4664,7080,Puerto Rico,42410,37746,2014.0
34684,6069,31005,September,-2687,7061,Puerto Rico,40753,38066,2014.0
26983,6712,36782,December,9802,6715,Puerto Rico,33695,43497,2014.0
36553,6843,30444,March,-7055,5897,Puerto Rico,43396,36341,2015.0
34472,7335,32188,June,-3157,6462,Puerto Rico,41807,38650,2015.0
36087,6944,34032,September,-2630,6369,Puerto Rico,43031,40401,2015.0
32963,5603,33914,December,3471,8123,Puerto Rico,38566,42037,2015.0
35008,5213,32391,March,-1844,5986,Puerto Rico,40221,38377,2016.0
31703,5571,32051,June,481,5704,Puerto Rico,37274,37755,2016.0
32752,5857,32473,September,479,6615,Puerto Rico,38609,39088,2016.0
30241,6026,33194,December,2685,5758,Puerto Rico,36267,38952,2016.0
33047,5254,27190,March,-3952,7159,Puerto Rico,38301,34349,2017.0
31145,3898,28926,June,-223,5894,Puerto Rico,35043,34820,2017.0
33602,8186,22514,September,-14609,4665,Puerto Rico,41788,27179,2017.0
64007,12395,35864,December,-30415,10123,Puerto Rico,76402,45987,2017.0
37780,12710,47880,September,4990,7600,Puerto Rico,50490,55480,1992.0
54787,9141,33548,December,-20615,9765,Puerto Rico,63928,43313,1992.0
34067,7053,47575,March,16467,10012,Puerto Rico,41120,57587,1993.0
37422,6255,47891,June,14113,9899,Puerto Rico,43677,57790,1993.0
38562,7560,49234,September,11001,7889,Puerto Rico,46122,57123,1993.0
51198,14670,36122,December,-22562,7184,Puerto Rico,65868,43306,1993.0
34828,12421,46839,March,12476,12886,Puerto Rico,47249,59725,1994.0
37908,9419,48043,June,10192,9476,Puerto Rico,47327,57519,1994.0
40144,9249,48119,September,7136,8410,Puerto Rico,49393,56529,1994.0
47327,12344,37534,December,-9036,13101,Puerto Rico,59671,50635,1994.0
36807,8029,48971,March,12893,8758,Puerto Rico,44836,57729,1995.0
41604,10277,50034,June,8002,9849,Puerto Rico,51881,59883,1995.0
44139,7605,48438,September,7637,10943,Puerto Rico,51744,59381,1995.0
47244,9731,42862,December,-2023,12090,Puerto Rico,56975,54952,1995.0
40527,9190,50899,March,18016,16834,Puerto Rico,49717,67733,1996.0
42573,9324,49426,June,6330,8801,Puerto Rico,51897,58227,1996.0
46943,8925,46436,September,463,9895,Puerto Rico,55868,56331,1996.0
46623,9484,45704,December,3141,13544,Puerto Rico,56107,59248,1996.0
41598,9971,52929,March,13743,12383,Puerto Rico,51569,65312,1997.0
43547,15703,49243,June,1941,11948,Puerto Rico,59250,61191,1997.0
46496,17574,46755,September,-4907,12408,Puerto Rico,64070,59163,1997.0
56832,10684,41646,December,-8160,17710,Puerto Rico,67516,59356,1997.0
41915,7114,52614,March,14815,11230,Puerto Rico,49029,63844,1998.0
40109,10020,50901,June,6889,6117,Puerto Rico,50129,57018,1998.0
45689,7288,51516,September,9594,11055,Puerto Rico,52977,62571,1998.0
58066,10476,40526,December,-18275,9741,Puerto Rico,68542,50267,1998.0
38820,6528,57095,March,21624,9877,Puerto Rico,45348,66972,1999.0
44898,10455,56577,June,24284,23060,Puerto Rico,55353,79637,1999.0
44244,12657,50920,September,7381,13362,Puerto Rico,56901,64282,1999.0
50510,8826,39913,December,-10381,9042,Puerto Rico,59336,48955,1999.0
43753,8705,52519,March,10231,10170,Puerto Rico,52458,62689,2000.0
46546,8777,50831,June,8781,13273,Puerto Rico,55323,64104,2000.0
48153,7864,45332,September,-2961,7724,Puerto Rico,56017,53056,2000.0
48095,8209,46601,December,2696,12399,Puerto Rico,56304,59000,2000.0
47311,12859,45345,March,-7410,7415,Puerto Rico,60170,52760,2001.0
49655,13116,42129,June,-14074,6568,Puerto Rico,62771,48697,2001.0
47047,11869,46608,September,-1629,10679,Puerto Rico,58916,57287,2001.0
48264,12663,41536,December,-13405,5986,Puerto Rico,60927,47522,2001.0
44212,10676,43875,March,-3873,7140,Puerto Rico,54888,51015,2002.0
44307,9052,41879,June,-5682,5798,Puerto Rico,53359,47677,2002.0
39079,11138,43555,September,-3045,3617,Puerto Rico,50217,47172,2002.0
37976,7814,41681,December,2766,6875,Puerto Rico,45790,48556,2002.0
42983,13283,41606,March,-9326,5334,Puerto Rico,56266,46940,2003.0
43191,9057,45312,June,-3546,3390,Puerto Rico,52248,48702,2003.0
39105,8279,41872,September,-2438,3074,Puerto Rico,47384,44946,2003.0
37297,5050,39531,December,55746,58562,Puerto Rico,42347,98093,2003.0
42494,9292,46519,March,2287,7554,Puerto Rico,51786,54073,2004.0
40753,6433,47023,June,12056,12219,Puerto Rico,47186,59242,2004.0
43729,6820,43427,September,2701,9823,Puerto Rico,50549,53250,2004.0
40545,10211,46697,December,3299,7358,Puerto Rico,50756,54055,2004.0
44667,10769,43118,March,1255,13573,Puerto Rico,55436,56691,2005.0
44083,11523,42938,June,-1179,11489,Puerto Rico,55606,54427,2005.0
42223,8319,42633,September,1416,9325,Puerto Rico,50542,51958,2005.0
38859,6066,42722,December,4975,7178,Puerto Rico,44925,49900,2005.0
43322,10075,44417,March,-1582,7398,Puerto Rico,53397,51815,2006.0
47321,8201,39445,June,-7290,8787,Puerto Rico,55522,48232,2006.0
44546,11778,42176,September,-6739,7409,Puerto Rico,56324,49585,2006.0
39470,10026,44701,December,4537,9332,Puerto Rico,49496,54033,2006.0
45825,9759,39479,March,-7265,8840,Puerto Rico,55584,48319,2007.0
40640,10026,39189,June,352,11829,Puerto Rico,50666,51018,2007.0
42476,8865,41183,September,-339,9819,Puerto Rico,51341,51002,2007.0
40585,8726,40114,December,-2124,7073,Puerto Rico,49311,47187,2007.0
44051,10296,34250,March,-9399,10698,Puerto Rico,54347,44948,2008.0
41803,9562,35660,June,-4841,10864,Puerto Rico,51365,46524,2008.0
40607,9287,36067,September,-6908,6919,Puerto Rico,49894,42986,2008.0
42860,10003,35731,December,-8775,8357,Puerto Rico,52863,44088,2008.0
45582,10610,30567,March,-16765,8860,Puerto Rico,56192,39427,2009.0
42401,8014,30971,June,-11303,8141,Puerto Rico,50415,39112,2009.0
37783,7205,31323,September,-5092,8573,Puerto Rico,44988,39896,2009.0
33272,8163,35507,December,3570,9498,Puerto Rico,41435,45005,2009.0
37265,6937,32455,March,-4536,7211,Puerto Rico,44202,39666,2010.0
35422,7541,31215,June,-5549,6199,Puerto Rico,42963,37414,2010.0
33945,7439,33164,September,-985,7235,Puerto Rico,41384,40399,2010.0
30511,7526,37353,December,6899,7583,Puerto Rico,38037,44936,2010.0
34635,5988,32476,March,-2285,5862,Puerto Rico,40623,38338,2011.0
34332,8047,32217,June,-3924,6238,Puerto Rico,42379,38455,2011.0
31041,6865,37680,September,6547,6773,Puerto Rico,37906,44453,2011.0
31279,7667,36335,December,5592,8203,Puerto Rico,38946,44538,2011.0
34028,6169,34552,March,1707,7352,Puerto Rico,40197,41904,2012.0
32105,6200,38917,June,8060,7448,Puerto Rico,38305,46365,2012.0
36551,7144,34591,September,-1240,7864,Puerto Rico,43695,42455,2012.0
34683,7258,39400,December,4217,6758,Puerto Rico,41941,46158,2012.0
36954,6357,32823,March,-3893,6595,Puerto Rico,43311,39418,2013.0
35504,6455,34791,June,-212,6956,Puerto Rico,41959,41747,2013.0
38800,6603,33021,September,-3340,9042,Puerto Rico,45403,42063,2013.0
30406,6429,37567,December,7985,7253,Puerto Rico,36835,44820,2013.0
37783,6828,30535,March,-8160,5916,Puerto Rico,44611,36451,2014.0
35840,6570,30666,June,-4664,7080,Puerto Rico,42410,37746,2014.0
34684,6069,31005,September,-2687,7061,Puerto Rico,40753,38066,2014.0
26983,6712,36782,December,9802,6715,Puerto Rico,33695,43497,2014.0
36553,6843,30444,March,-7055,5897,Puerto Rico,43396,36341,2015.0
34472,7335,32188,June,-3157,6462,Puerto Rico,41807,38650,2015.0
36087,6944,34032,September,-2630,6369,Puerto Rico,43031,40401,2015.0
32963,5603,33914,December,3471,8123,Puerto Rico,38566,42037,2015.0
35008,5213,32391,March,-1844,5986,Puerto Rico,40221,38377,2016.0
31703,5571,32051,June,481,5704,Puerto Rico,37274,37755,2016.0
32752,5857,32473,September,479,6615,Puerto Rico,38609,39088,2016.0
30241,6026,33194,December,2685,5758,Puerto Rico,36267,38952,2016.0
33047,5254,27190,March,-3952,7159,Puerto Rico,38301,34349,2017.0
31145,3898,28926,June,-223,5894,Puerto Rico,35043,34820,2017.0
33602,8186,22514,September,-14609,4665,Puerto Rico,41788,27179,2017.0
64007,12395,35864,December,-30415,10123,Puerto Rico,76402,45987,2017.0
20654,8307,25244,September,3700,7417,Rhode Island,28961,32661,1992.0
22871,5416,23750,December,2900,7437,Rhode Island,28287,31187,1992.0
24370,7181,21528,March,-415,9608,Rhode Island,31551,31136,1993.0
19531,6771,20171,June,624,6755,Rhode Island,26302,26926,1993.0
20006,5142,24348,September,5977,6777,Rhode Island,25148,31125,1993.0
23153,5483,21591,December,-631,6414,Rhode Island,28636,28005,1993.0
22616,5853,21070,March,-2196,5203,Rhode Island,28469,26273,1994.0
21302,6501,21929,June,-135,5739,Rhode Island,27803,27668,1994.0
18779,10183,25178,September,2097,5881,Rhode Island,28962,31059,1994.0
21420,7508,22469,December,3175,9634,Rhode Island,28928,32103,1994.0
22009,4739,21613,March,4762,9897,Rhode Island,26748,31510,1995.0
23549,5805,19713,June,-3125,6516,Rhode Island,29354,26229,1995.0
21267,6140,24805,September,4693,7295,Rhode Island,27407,32100,1995.0
23630,5481,20712,December,-2425,5974,Rhode Island,29111,26686,1995.0
21316,6430,23893,March,2545,6398,Rhode Island,27746,30291,1996.0
20758,6507,21609,June,634,6290,Rhode Island,27265,27899,1996.0
22607,7113,22249,September,-142,7329,Rhode Island,29720,29578,1996.0
21657,6289,22403,December,906,6449,Rhode Island,27946,28852,1996.0
20880,6778,24083,March,4283,7858,Rhode Island,27658,31941,1997.0
20924,7487,21931,June,-645,5835,Rhode Island,28411,27766,1997.0
20688,6008,24738,September,4685,6643,Rhode Island,26696,31381,1997.0
21968,5244,21891,December,131,5452,Rhode Island,27212,27343,1997.0
21139,7704,25503,March,1988,5328,Rhode Island,28843,30831,1998.0
22825,5425,22216,June,2151,8185,Rhode Island,28250,30401,1998.0
21901,6545,23228,September,1595,6813,Rhode Island,28446,30041,1998.0
21517,6334,22870,December,2341,7322,Rhode Island,27851,30192,1998.0
22159,7900,24839,March,2868,8088,Rhode Island,30059,32927,1999.0
22077,4854,21885,June,1867,6913,Rhode Island,26931,28798,1999.0
22234,5785,23850,September,3308,7477,Rhode Island,28019,31327,1999.0
22060,5357,24802,December,5373,7988,Rhode Island,27417,32790,1999.0
23502,6747,27896,March,5256,7609,Rhode Island,30249,35505,2000.0
25317,10633,26292,June,-2967,6691,Rhode Island,35950,32983,2000.0
22991,6385,24398,September,1599,6577,Rhode Island,29376,30975,2000.0
22066,5924,26805,December,4339,5524,Rhode Island,27990,32329,2000.0
27101,5826,27299,March,1520,7148,Rhode Island,32927,34447,2001.0
25655,9486,22934,June,-6393,5814,Rhode Island,35141,28748,2001.0
24054,5340,21190,September,-1571,6633,Rhode Island,29394,27823,2001.0
22603,6312,22772,December,-1419,4724,Rhode Island,28915,27496,2001.0
23317,5194,25075,March,4371,7807,Rhode Island,28511,32882,2002.0
23827,6879,22219,June,-2609,5878,Rhode Island,30706,28097,2002.0
21401,5933,21230,September,497,6601,Rhode Island,27334,27831,2002.0
19726,5938,21841,December,1297,5120,Rhode Island,25664,26961,2002.0
22935,5143,21903,March,436,6611,Rhode Island,28078,28514,2003.0
20843,5341,22194,June,2086,6076,Rhode Island,26184,28270,2003.0
20113,4386,21305,September,2142,5336,Rhode Island,24499,26641,2003.0
20502,5354,22497,December,2452,5811,Rhode Island,25856,28308,2003.0
21757,6135,22140,March,-257,5495,Rhode Island,27892,27635,2004.0
20432,6926,21170,June,329,6517,Rhode Island,27358,27687,2004.0
22033,7031,23218,September,1264,7110,Rhode Island,29064,30328,2004.0
21617,5372,22741,December,2642,6890,Rhode Island,26989,29631,2004.0
21742,6303,22274,March,-153,5618,Rhode Island,28045,27892,2005.0
21642,5391,21760,June,642,5915,Rhode Island,27033,27675,2005.0
21646,5042,22034,September,1345,5999,Rhode Island,26688,28033,2005.0
23015,5876,21966,December,-1462,5463,Rhode Island,28891,27429,2005.0
19738,6647,21202,March,328,5511,Rhode Island,26385,26713,2006.0
22080,4756,21427,June,1808,7217,Rhode Island,26836,28644,2006.0
21744,6155,22009,September,2085,7975,Rhode Island,27899,29984,2006.0
22252,5585,22526,December,1067,6378,Rhode Island,27837,28904,2006.0
21935,5654,20783,March,-671,6135,Rhode Island,27589,26918,2007.0
21374,6164,20768,June,37,6807,Rhode Island,27538,27575,2007.0
23609,5638,18942,September,-5159,5146,Rhode Island,29247,24088,2007.0
22374,5760,20694,December,-1876,5564,Rhode Island,28134,26258,2007.0
21996,4995,18898,March,-2407,5686,Rhode Island,26991,24584,2008.0
22798,6319,20289,June,-3482,5346,Rhode Island,29117,25635,2008.0
22795,5443,19748,September,-2754,5736,Rhode Island,28238,25484,2008.0
24421,6068,17047,December,-8046,5396,Rhode Island,30489,22443,2008.0
24443,5860,17166,March,-8088,5049,Rhode Island,30303,22215,2009.0
21178,6350,17984,June,-3596,5948,Rhode Island,27528,23932,2009.0
20169,6089,18206,September,-3120,4932,Rhode Island,26258,23138,2009.0
19484,4931,17943,December,-938,5534,Rhode Island,24415,23477,2009.0
17629,4962,18223,March,777,5145,Rhode Island,22591,23368,2010.0
20082,5886,19469,June,-833,5666,Rhode Island,25968,25135,2010.0
19056,4408,19557,September,1836,5743,Rhode Island,23464,25300,2010.0
18694,5573,18460,December,-286,5521,Rhode Island,24267,23981,2010.0
18625,4574,18016,March,-418,4765,Rhode Island,23199,22781,2011.0
19820,4456,20500,June,1641,5417,Rhode Island,24276,25917,2011.0
18716,4521,18519,September,436,5154,Rhode Island,23237,23673,2011.0
20060,4995,18647,December,-1079,5329,Rhode Island,25055,23976,2011.0
19666,4312,20502,March,1590,5066,Rhode Island,23978,25568,2012.0
18228,5137,19802,June,1559,5122,Rhode Island,23365,24924,2012.0
19921,4839,18800,September,-866,5094,Rhode Island,24760,23894,2012.0
18682,5070,19169,December,791,5374,Rhode Island,23752,24543,2012.0
18522,4730,19037,March,1021,5236,Rhode Island,23252,24273,2013.0
18056,4555,20557,June,3069,5123,Rhode Island,22611,25680,2013.0
19846,4324,19772,September,923,5321,Rhode Island,24170,25093,2013.0
18057,4965,19747,December,1367,4642,Rhode Island,23022,24389,2013.0
18460,4195,18346,March,294,4603,Rhode Island,22655,22949,2014.0
18203,4064,20879,June,3814,5202,Rhode Island,22267,26081,2014.0
18989,4325,19667,September,917,4564,Rhode Island,23314,24231,2014.0
17913,5059,21302,December,3366,5036,Rhode Island,22972,26338,2014.0
19903,4382,17510,March,-2363,4412,Rhode Island,24285,21922,2015.0
19222,4907,22019,June,3276,5386,Rhode Island,24129,27405,2015.0
19017,4765,18680,September,286,5388,Rhode Island,23782,24068,2015.0
19022,4483,21757,December,3752,5500,Rhode Island,23505,27257,2015.0
19622,4927,19430,March,-578,4541,Rhode Island,24549,23971,2016.0
21045,4684,20131,June,-351,5247,Rhode Island,25729,25378,2016.0
20018,4372,18666,September,-1132,4592,Rhode Island,24390,23258,2016.0
19342,4562,19670,December,85,4319,Rhode Island,23904,23989,2016.0
19592,5193,21073,March,1432,5144,Rhode Island,24785,26217,2017.0
19719,5056,22188,June,2602,5189,Rhode Island,24775,27377,2017.0
21888,4675,19288,September,-1671,5604,Rhode Island,26563,24892,2017.0
19437,5935,21682,December,2108,5798,Rhode Island,25372,27480,2017.0
20654,8307,25244,September,3700,7417,Rhode Island,28961,32661,1992.0
22871,5416,23750,December,2900,7437,Rhode Island,28287,31187,1992.0
24370,7181,21528,March,-415,9608,Rhode Island,31551,31136,1993.0
19531,6771,20171,June,624,6755,Rhode Island,26302,26926,1993.0
20006,5142,24348,September,5977,6777,Rhode Island,25148,31125,1993.0
23153,5483,21591,December,-631,6414,Rhode Island,28636,28005,1993.0
22616,5853,21070,March,-2196,5203,Rhode Island,28469,26273,1994.0
21302,6501,21929,June,-135,5739,Rhode Island,27803,27668,1994.0
18779,10183,25178,September,2097,5881,Rhode Island,28962,31059,1994.0
21420,7508,22469,December,3175,9634,Rhode Island,28928,32103,1994.0
22009,4739,21613,March,4762,9897,Rhode Island,26748,31510,1995.0
23549,5805,19713,June,-3125,6516,Rhode Island,29354,26229,1995.0
21267,6140,24805,September,4693,7295,Rhode Island,27407,32100,1995.0
23630,5481,20712,December,-2425,5974,Rhode Island,29111,26686,1995.0
21316,6430,23893,March,2545,6398,Rhode Island,27746,30291,1996.0
20758,6507,21609,June,634,6290,Rhode Island,27265,27899,1996.0
22607,7113,22249,September,-142,7329,Rhode Island,29720,29578,1996.0
21657,6289,22403,December,906,6449,Rhode Island,27946,28852,1996.0
20880,6778,24083,March,4283,7858,Rhode Island,27658,31941,1997.0
20924,7487,21931,June,-645,5835,Rhode Island,28411,27766,1997.0
20688,6008,24738,September,4685,6643,Rhode Island,26696,31381,1997.0
21968,5244,21891,December,131,5452,Rhode Island,27212,27343,1997.0
21139,7704,25503,March,1988,5328,Rhode Island,28843,30831,1998.0
22825,5425,22216,June,2151,8185,Rhode Island,28250,30401,1998.0
21901,6545,23228,September,1595,6813,Rhode Island,28446,30041,1998.0
21517,6334,22870,December,2341,7322,Rhode Island,27851,30192,1998.0
22159,7900,24839,March,2868,8088,Rhode Island,30059,32927,1999.0
22077,4854,21885,June,1867,6913,Rhode Island,26931,28798,1999.0
22234,5785,23850,September,3308,7477,Rhode Island,28019,31327,1999.0
22060,5357,24802,December,5373,7988,Rhode Island,27417,32790,1999.0
23502,6747,27896,March,5256,7609,Rhode Island,30249,35505,2000.0
25317,10633,26292,June,-2967,6691,Rhode Island,35950,32983,2000.0
22991,6385,24398,September,1599,6577,Rhode Island,29376,30975,2000.0
22066,5924,26805,December,4339,5524,Rhode Island,27990,32329,2000.0
27101,5826,27299,March,1520,7148,Rhode Island,32927,34447,2001.0
25655,9486,22934,June,-6393,5814,Rhode Island,35141,28748,2001.0
24054,5340,21190,September,-1571,6633,Rhode Island,29394,27823,2001.0
22603,6312,22772,December,-1419,4724,Rhode Island,28915,27496,2001.0
23317,5194,25075,March,4371,7807,Rhode Island,28511,32882,2002.0
23827,6879,22219,June,-2609,5878,Rhode Island,30706,28097,2002.0
21401,5933,21230,September,497,6601,Rhode Island,27334,27831,2002.0
19726,5938,21841,December,1297,5120,Rhode Island,25664,26961,2002.0
22935,5143,21903,March,436,6611,Rhode Island,28078,28514,2003.0
20843,5341,22194,June,2086,6076,Rhode Island,26184,28270,2003.0
20113,4386,21305,September,2142,5336,Rhode Island,24499,26641,2003.0
20502,5354,22497,December,2452,5811,Rhode Island,25856,28308,2003.0
21757,6135,22140,March,-257,5495,Rhode Island,27892,27635,2004.0
20432,6926,21170,June,329,6517,Rhode Island,27358,27687,2004.0
22033,7031,23218,September,1264,7110,Rhode Island,29064,30328,2004.0
21617,5372,22741,December,2642,6890,Rhode Island,26989,29631,2004.0
21742,6303,22274,March,-153,5618,Rhode Island,28045,27892,2005.0
21642,5391,21760,June,642,5915,Rhode Island,27033,27675,2005.0
21646,5042,22034,September,1345,5999,Rhode Island,26688,28033,2005.0
23015,5876,21966,December,-1462,5463,Rhode Island,28891,27429,2005.0
19738,6647,21202,March,328,5511,Rhode Island,26385,26713,2006.0
22080,4756,21427,June,1808,7217,Rhode Island,26836,28644,2006.0
21744,6155,22009,September,2085,7975,Rhode Island,27899,29984,2006.0
22252,5585,22526,December,1067,6378,Rhode Island,27837,28904,2006.0
21935,5654,20783,March,-671,6135,Rhode Island,27589,26918,2007.0
21374,6164,20768,June,37,6807,Rhode Island,27538,27575,2007.0
23609,5638,18942,September,-5159,5146,Rhode Island,29247,24088,2007.0
22374,5760,20694,December,-1876,5564,Rhode Island,28134,26258,2007.0
21996,4995,18898,March,-2407,5686,Rhode Island,26991,24584,2008.0
22798,6319,20289,June,-3482,5346,Rhode Island,29117,25635,2008.0
22795,5443,19748,September,-2754,5736,Rhode Island,28238,25484,2008.0
24421,6068,17047,December,-8046,5396,Rhode Island,30489,22443,2008.0
24443,5860,17166,March,-8088,5049,Rhode Island,30303,22215,2009.0
21178,6350,17984,June,-3596,5948,Rhode Island,27528,23932,2009.0
20169,6089,18206,September,-3120,4932,Rhode Island,26258,23138,2009.0
19484,4931,17943,December,-938,5534,Rhode Island,24415,23477,2009.0
17629,4962,18223,March,777,5145,Rhode Island,22591,23368,2010.0
20082,5886,19469,June,-833,5666,Rhode Island,25968,25135,2010.0
19056,4408,19557,September,1836,5743,Rhode Island,23464,25300,2010.0
18694,5573,18460,December,-286,5521,Rhode Island,24267,23981,2010.0
18625,4574,18016,March,-418,4765,Rhode Island,23199,22781,2011.0
19820,4456,20500,June,1641,5417,Rhode Island,24276,25917,2011.0
18716,4521,18519,September,436,5154,Rhode Island,23237,23673,2011.0
20060,4995,18647,December,-1079,5329,Rhode Island,25055,23976,2011.0
19666,4312,20502,March,1590,5066,Rhode Island,23978,25568,2012.0
18228,5137,19802,June,1559,5122,Rhode Island,23365,24924,2012.0
19921,4839,18800,September,-866,5094,Rhode Island,24760,23894,2012.0
18682,5070,19169,December,791,5374,Rhode Island,23752,24543,2012.0
18522,4730,19037,March,1021,5236,Rhode Island,23252,24273,2013.0
18056,4555,20557,June,3069,5123,Rhode Island,22611,25680,2013.0
19846,4324,19772,September,923,5321,Rhode Island,24170,25093,2013.0
18057,4965,19747,December,1367,4642,Rhode Island,23022,24389,2013.0
18460,4195,18346,March,294,4603,Rhode Island,22655,22949,2014.0
18203,4064,20879,June,3814,5202,Rhode Island,22267,26081,2014.0
18989,4325,19667,September,917,4564,Rhode Island,23314,24231,2014.0
17913,5059,21302,December,3366,5036,Rhode Island,22972,26338,2014.0
19903,4382,17510,March,-2363,4412,Rhode Island,24285,21922,2015.0
19222,4907,22019,June,3276,5386,Rhode Island,24129,27405,2015.0
19017,4765,18680,September,286,5388,Rhode Island,23782,24068,2015.0
19022,4483,21757,December,3752,5500,Rhode Island,23505,27257,2015.0
19622,4927,19430,March,-578,4541,Rhode Island,24549,23971,2016.0
21045,4684,20131,June,-351,5247,Rhode Island,25729,25378,2016.0
20018,4372,18666,September,-1132,4592,Rhode Island,24390,23258,2016.0
19342,4562,19670,December,85,4319,Rhode Island,23904,23989,2016.0
19592,5193,21073,March,1432,5144,Rhode Island,24785,26217,2017.0
19719,5056,22188,June,2602,5189,Rhode Island,24775,27377,2017.0
21888,4675,19288,September,-1671,5604,Rhode Island,26563,24892,2017.0
19437,5935,21682,December,2108,5798,Rhode Island,25372,27480,2017.0
65122,14941,73782,September,10771,17052,South Carolina,80063,90834,1992.0
68432,15404,66863,December,-221,16752,South Carolina,83836,83615,1992.0
68533,16194,70050,March,4494,19171,South Carolina,84727,89221,1993.0
61952,13975,78001,June,21840,19766,South Carolina,75927,97767,1993.0
67770,15102,76636,September,12614,18850,South Carolina,82872,95486,1993.0
72956,17698,73200,December,3311,20765,South Carolina,90654,93965,1993.0
70109,13751,72790,March,8792,19862,South Carolina,83860,92652,1994.0
68233,16238,80271,June,15737,19937,South Carolina,84471,100208,1994.0
68697,14248,81175,September,17421,19191,South Carolina,82945,100366,1994.0
76726,15550,79624,December,7341,19993,South Carolina,92276,99617,1994.0
76325,15172,81445,March,11396,21448,South Carolina,91497,102893,1995.0
78517,16642,80486,June,8751,23424,South Carolina,95159,103910,1995.0
78255,17741,83683,September,11031,23344,South Carolina,95996,107027,1995.0
80597,16670,79288,December,5359,23338,South Carolina,97267,102626,1995.0
83479,19073,84080,March,3970,22442,South Carolina,102552,106522,1996.0
76478,21301,89144,June,15186,23821,South Carolina,97779,112965,1996.0
79656,16029,89485,September,14241,20441,South Carolina,95685,109926,1996.0
81503,18316,88626,December,7992,19185,South Carolina,99819,107811,1996.0
80913,17786,88386,March,15765,26078,South Carolina,98699,114464,1997.0
81466,21687,84534,June,3970,22589,South Carolina,103153,107123,1997.0
80810,27876,97153,September,10732,22265,South Carolina,108686,119418,1997.0
82481,21743,92248,December,14740,26716,South Carolina,104224,118964,1997.0
83974,26034,92022,March,6047,24033,South Carolina,110008,116055,1998.0
94875,27168,89577,June,6905,39371,South Carolina,122043,128948,1998.0
84363,25582,99613,September,16936,27268,South Carolina,109945,126881,1998.0
89783,25496,93965,December,11129,32443,South Carolina,115279,126408,1998.0
93226,28557,97304,March,9331,33810,South Carolina,121783,131114,1999.0
87347,24931,91182,June,5296,26392,South Carolina,112278,117574,1999.0
94127,22322,94997,September,1550,23002,South Carolina,116449,117999,1999.0
86771,19372,103312,December,20472,23303,South Carolina,106143,126615,1999.0
87429,20519,93388,March,6726,21286,South Carolina,107948,114674,2000.0
88362,22891,94591,June,8274,24936,South Carolina,111253,119527,2000.0
94861,42594,89438,September,-27691,20326,South Carolina,137455,109764,2000.0
90266,20446,88004,December,14018,36726,South Carolina,110712,124730,2000.0
95500,29716,86649,March,-12700,25867,South Carolina,125216,112516,2001.0
89175,14796,70471,June,-19481,14019,South Carolina,103971,84490,2001.0
100542,21852,91927,September,668,31135,South Carolina,122394,123062,2001.0
96541,23741,78142,December,-23040,19100,South Carolina,120282,97242,2001.0
87169,26304,87696,March,1793,27570,South Carolina,113473,115266,2002.0
88374,22195,86621,June,5582,29530,South Carolina,110569,116151,2002.0
85844,19604,81541,September,-2357,21550,South Carolina,105448,103091,2002.0
87733,17059,82707,December,235,22320,South Carolina,104792,105027,2002.0
88802,16482,85040,March,2751,22995,South Carolina,105284,108035,2003.0
87262,14191,80720,June,-3674,17059,South Carolina,101453,97779,2003.0
82906,16884,82865,September,1216,18141,South Carolina,99790,101006,2003.0
81671,17016,83100,December,5550,21137,South Carolina,98687,104237,2003.0
78073,21445,87565,March,5717,17670,South Carolina,99518,105235,2004.0
81785,17330,86560,June,10412,22967,South Carolina,99115,109527,2004.0
80854,20262,86239,September,3979,18856,South Carolina,101116,105095,2004.0
82330,18465,87140,December,7412,21067,South Carolina,100795,108207,2004.0
84963,18745,87029,March,2432,19111,South Carolina,103708,106140,2005.0
84436,22520,86567,June,-224,20165,South Carolina,106956,106732,2005.0
78107,20118,89403,September,13220,22042,South Carolina,98225,111445,2005.0
84814,27826,89450,December,-53,23137,South Carolina,112640,112587,2005.0
75807,22063,88981,March,15427,24316,South Carolina,97870,113297,2006.0
84952,25555,84282,June,2810,29035,South Carolina,110507,113317,2006.0
81051,22096,84027,September,20322,39442,South Carolina,103147,123469,2006.0
82719,14094,89282,December,13237,20768,South Carolina,96813,110050,2006.0
85012,16663,93864,March,15051,22862,South Carolina,101675,116726,2007.0
86758,19203,88059,June,-2193,15709,South Carolina,105961,103768,2007.0
85183,15394,80769,September,-1264,18544,South Carolina,100577,99313,2007.0
88359,17643,84557,December,-2918,18527,South Carolina,106002,103084,2007.0
84625,17431,83174,March,-1065,17817,South Carolina,102056,100991,2008.0
92618,16096,75131,June,-16205,17378,South Carolina,108714,92509,2008.0
90802,17984,72232,September,-20419,16135,South Carolina,108786,88367,2008.0
103721,21130,69806,December,-38223,16822,South Carolina,124851,86628,2008.0
103039,20098,63502,March,-43259,16376,South Carolina,123137,79878,2009.0
92473,16997,68284,June,-24547,16639,South Carolina,109470,84923,2009.0
79042,16170,68216,September,-11284,15712,South Carolina,95212,83928,2009.0
77007,16053,70735,December,-6461,15864,South Carolina,93060,86599,2009.0
70771,16373,73135,March,2561,16570,South Carolina,87144,89705,2010.0
71416,14722,79946,June,9832,16024,South Carolina,86138,95970,2010.0
70829,14183,74621,September,5552,15943,South Carolina,85012,90564,2010.0
68800,15097,74119,December,5639,15417,South Carolina,83897,89536,2010.0
66290,14019,72522,March,7478,15265,South Carolina,80309,87787,2011.0
71424,13903,76194,June,7239,16372,South Carolina,85327,92566,2011.0
73806,12970,73742,September,4489,17523,South Carolina,86776,91265,2011.0
70431,13309,73426,December,6191,16505,South Carolina,83740,89931,2011.0
67091,13484,79419,March,14273,15429,South Carolina,80575,94848,2012.0
73622,13213,74996,June,2290,14129,South Carolina,86835,89125,2012.0
72842,13798,70800,September,-675,15165,South Carolina,86640,85965,2012.0
67834,13038,79637,December,14323,15558,South Carolina,80872,95195,2012.0
70823,13635,74835,March,4384,14007,South Carolina,84458,88842,2013.0
68799,12117,78393,June,14851,17374,South Carolina,80916,95767,2013.0
72235,11698,79033,September,10045,14945,South Carolina,83933,93978,2013.0
68699,14903,85761,December,16489,14330,South Carolina,83602,100091,2013.0
76687,12253,79618,March,8582,17904,South Carolina,88940,97522,2014.0
74433,15654,83792,June,8926,15221,South Carolina,90087,99013,2014.0
74851,14886,78504,September,4746,15979,South Carolina,89737,94483,2014.0
66270,12698,90440,December,27628,16156,South Carolina,78968,106596,2014.0
76303,12402,76091,March,2320,14934,South Carolina,88705,91025,2015.0
74172,13160,87302,June,16390,16420,South Carolina,87332,103722,2015.0
79347,14669,80840,September,4710,17886,South Carolina,94016,98726,2015.0
71820,13841,93497,December,29473,21637,South Carolina,85661,115134,2015.0
83806,14477,80841,March,671,18113,South Carolina,98283,98954,2016.0
80078,14789,86202,June,8047,16712,South Carolina,94867,102914,2016.0
77641,15472,86159,September,11291,18245,South Carolina,93113,104404,2016.0
75416,14732,88928,December,18528,19748,South Carolina,90148,108676,2016.0
79937,12886,83601,March,8068,17290,South Carolina,92823,100891,2017.0
85345,14442,84964,June,2589,17412,South Carolina,99787,102376,2017.0
90272,16072,80205,September,-10304,15835,South Carolina,106344,96040,2017.0
70563,15399,95560,December,30061,20463,South Carolina,85962,116023,2017.0
65122,14941,73782,September,10771,17052,South Carolina,80063,90834,1992.0
68432,15404,66863,December,-221,16752,South Carolina,83836,83615,1992.0
68533,16194,70050,March,4494,19171,South Carolina,84727,89221,1993.0
61952,13975,78001,June,21840,19766,South Carolina,75927,97767,1993.0
67770,15102,76636,September,12614,18850,South Carolina,82872,95486,1993.0
72956,17698,73200,December,3311,20765,South Carolina,90654,93965,1993.0
70109,13751,72790,March,8792,19862,South Carolina,83860,92652,1994.0
68233,16238,80271,June,15737,19937,South Carolina,84471,100208,1994.0
68697,14248,81175,September,17421,19191,South Carolina,82945,100366,1994.0
76726,15550,79624,December,7341,19993,South Carolina,92276,99617,1994.0
76325,15172,81445,March,11396,21448,South Carolina,91497,102893,1995.0
78517,16642,80486,June,8751,23424,South Carolina,95159,103910,1995.0
78255,17741,83683,September,11031,23344,South Carolina,95996,107027,1995.0
80597,16670,79288,December,5359,23338,South Carolina,97267,102626,1995.0
83479,19073,84080,March,3970,22442,South Carolina,102552,106522,1996.0
76478,21301,89144,June,15186,23821,South Carolina,97779,112965,1996.0
79656,16029,89485,September,14241,20441,South Carolina,95685,109926,1996.0
81503,18316,88626,December,7992,19185,South Carolina,99819,107811,1996.0
80913,17786,88386,March,15765,26078,South Carolina,98699,114464,1997.0
81466,21687,84534,June,3970,22589,South Carolina,103153,107123,1997.0
80810,27876,97153,September,10732,22265,South Carolina,108686,119418,1997.0
82481,21743,92248,December,14740,26716,South Carolina,104224,118964,1997.0
83974,26034,92022,March,6047,24033,South Carolina,110008,116055,1998.0
94875,27168,89577,June,6905,39371,South Carolina,122043,128948,1998.0
84363,25582,99613,September,16936,27268,South Carolina,109945,126881,1998.0
89783,25496,93965,December,11129,32443,South Carolina,115279,126408,1998.0
93226,28557,97304,March,9331,33810,South Carolina,121783,131114,1999.0
87347,24931,91182,June,5296,26392,South Carolina,112278,117574,1999.0
94127,22322,94997,September,1550,23002,South Carolina,116449,117999,1999.0
86771,19372,103312,December,20472,23303,South Carolina,106143,126615,1999.0
87429,20519,93388,March,6726,21286,South Carolina,107948,114674,2000.0
88362,22891,94591,June,8274,24936,South Carolina,111253,119527,2000.0
94861,42594,89438,September,-27691,20326,South Carolina,137455,109764,2000.0
90266,20446,88004,December,14018,36726,South Carolina,110712,124730,2000.0
95500,29716,86649,March,-12700,25867,South Carolina,125216,112516,2001.0
89175,14796,70471,June,-19481,14019,South Carolina,103971,84490,2001.0
100542,21852,91927,September,668,31135,South Carolina,122394,123062,2001.0
96541,23741,78142,December,-23040,19100,South Carolina,120282,97242,2001.0
87169,26304,87696,March,1793,27570,South Carolina,113473,115266,2002.0
88374,22195,86621,June,5582,29530,South Carolina,110569,116151,2002.0
85844,19604,81541,September,-2357,21550,South Carolina,105448,103091,2002.0
87733,17059,82707,December,235,22320,South Carolina,104792,105027,2002.0
88802,16482,85040,March,2751,22995,South Carolina,105284,108035,2003.0
87262,14191,80720,June,-3674,17059,South Carolina,101453,97779,2003.0
82906,16884,82865,September,1216,18141,South Carolina,99790,101006,2003.0
81671,17016,83100,December,5550,21137,South Carolina,98687,104237,2003.0
78073,21445,87565,March,5717,17670,South Carolina,99518,105235,2004.0
81785,17330,86560,June,10412,22967,South Carolina,99115,109527,2004.0
80854,20262,86239,September,3979,18856,South Carolina,101116,105095,2004.0
82330,18465,87140,December,7412,21067,South Carolina,100795,108207,2004.0
84963,18745,87029,March,2432,19111,South Carolina,103708,106140,2005.0
84436,22520,86567,June,-224,20165,South Carolina,106956,106732,2005.0
78107,20118,89403,September,13220,22042,South Carolina,98225,111445,2005.0
84814,27826,89450,December,-53,23137,South Carolina,112640,112587,2005.0
75807,22063,88981,March,15427,24316,South Carolina,97870,113297,2006.0
84952,25555,84282,June,2810,29035,South Carolina,110507,113317,2006.0
81051,22096,84027,September,20322,39442,South Carolina,103147,123469,2006.0
82719,14094,89282,December,13237,20768,South Carolina,96813,110050,2006.0
85012,16663,93864,March,15051,22862,South Carolina,101675,116726,2007.0
86758,19203,88059,June,-2193,15709,South Carolina,105961,103768,2007.0
85183,15394,80769,September,-1264,18544,South Carolina,100577,99313,2007.0
88359,17643,84557,December,-2918,18527,South Carolina,106002,103084,2007.0
84625,17431,83174,March,-1065,17817,South Carolina,102056,100991,2008.0
92618,16096,75131,June,-16205,17378,South Carolina,108714,92509,2008.0
90802,17984,72232,September,-20419,16135,South Carolina,108786,88367,2008.0
103721,21130,69806,December,-38223,16822,South Carolina,124851,86628,2008.0
103039,20098,63502,March,-43259,16376,South Carolina,123137,79878,2009.0
92473,16997,68284,June,-24547,16639,South Carolina,109470,84923,2009.0
79042,16170,68216,September,-11284,15712,South Carolina,95212,83928,2009.0
77007,16053,70735,December,-6461,15864,South Carolina,93060,86599,2009.0
70771,16373,73135,March,2561,16570,South Carolina,87144,89705,2010.0
71416,14722,79946,June,9832,16024,South Carolina,86138,95970,2010.0
70829,14183,74621,September,5552,15943,South Carolina,85012,90564,2010.0
68800,15097,74119,December,5639,15417,South Carolina,83897,89536,2010.0
66290,14019,72522,March,7478,15265,South Carolina,80309,87787,2011.0
71424,13903,76194,June,7239,16372,South Carolina,85327,92566,2011.0
73806,12970,73742,September,4489,17523,South Carolina,86776,91265,2011.0
70431,13309,73426,December,6191,16505,South Carolina,83740,89931,2011.0
67091,13484,79419,March,14273,15429,South Carolina,80575,94848,2012.0
73622,13213,74996,June,2290,14129,South Carolina,86835,89125,2012.0
72842,13798,70800,September,-675,15165,South Carolina,86640,85965,2012.0
67834,13038,79637,December,14323,15558,South Carolina,80872,95195,2012.0
70823,13635,74835,March,4384,14007,South Carolina,84458,88842,2013.0
68799,12117,78393,June,14851,17374,South Carolina,80916,95767,2013.0
72235,11698,79033,September,10045,14945,South Carolina,83933,93978,2013.0
68699,14903,85761,December,16489,14330,South Carolina,83602,100091,2013.0
76687,12253,79618,March,8582,17904,South Carolina,88940,97522,2014.0
74433,15654,83792,June,8926,15221,South Carolina,90087,99013,2014.0
74851,14886,78504,September,4746,15979,South Carolina,89737,94483,2014.0
66270,12698,90440,December,27628,16156,South Carolina,78968,106596,2014.0
76303,12402,76091,March,2320,14934,South Carolina,88705,91025,2015.0
74172,13160,87302,June,16390,16420,South Carolina,87332,103722,2015.0
79347,14669,80840,September,4710,17886,South Carolina,94016,98726,2015.0
71820,13841,93497,December,29473,21637,South Carolina,85661,115134,2015.0
83806,14477,80841,March,671,18113,South Carolina,98283,98954,2016.0
80078,14789,86202,June,8047,16712,South Carolina,94867,102914,2016.0
77641,15472,86159,September,11291,18245,South Carolina,93113,104404,2016.0
75416,14732,88928,December,18528,19748,South Carolina,90148,108676,2016.0
79937,12886,83601,March,8068,17290,South Carolina,92823,100891,2017.0
85345,14442,84964,June,2589,17412,South Carolina,99787,102376,2017.0
90272,16072,80205,September,-10304,15835,South Carolina,106344,96040,2017.0
70563,15399,95560,December,30061,20463,South Carolina,85962,116023,2017.0
13907,3005,16262,September,3111,3761,South Dakota,16912,20023,1992.0
14494,3171,14566,December,0,3099,South Dakota,17665,17665,1992.0
14070,2948,15982,March,3410,4446,South Dakota,17018,20428,1993.0
14860,3267,15669,June,1216,3674,South Dakota,18127,19343,1993.0
13559,3058,16905,September,4493,4205,South Dakota,16617,21110,1993.0
14419,2649,16336,December,3201,3933,South Dakota,17068,20269,1993.0
13653,3535,17022,March,4215,4381,South Dakota,17188,21403,1994.0
13733,2966,16314,June,2816,3201,South Dakota,16699,19515,1994.0
14236,3397,17079,September,4396,4950,South Dakota,17633,22029,1994.0
15299,2850,16850,December,2942,4241,South Dakota,18149,21091,1994.0
14355,2401,18840,March,6495,4411,South Dakota,16756,23251,1995.0
16475,3687,16291,June,-169,3702,South Dakota,20162,19993,1995.0
15714,3648,18413,September,3413,4362,South Dakota,19362,22775,1995.0
16233,3433,16635,December,1006,4037,South Dakota,19666,20672,1995.0
15971,3240,16642,March,1571,4140,South Dakota,19211,20782,1996.0
16156,3045,16303,June,806,3704,South Dakota,19201,20007,1996.0
16194,3133,18627,September,2862,3562,South Dakota,19327,22189,1996.0
17053,3316,16034,December,-307,4028,South Dakota,20369,20062,1996.0
15820,2690,18267,March,3161,3404,South Dakota,18510,21671,1997.0
16549,2855,17686,June,2494,4212,South Dakota,19404,21898,1997.0
17155,4555,18733,September,1297,4274,South Dakota,21710,23007,1997.0
17213,3623,17536,December,961,4261,South Dakota,20836,21797,1997.0
17922,3648,17044,March,578,5104,South Dakota,21570,22148,1998.0
17744,4625,18135,June,1093,5327,South Dakota,22369,23462,1998.0
17790,3627,17909,September,1716,5224,South Dakota,21417,23133,1998.0
16483,3991,18772,December,2398,4100,South Dakota,20474,22872,1998.0
17184,3983,18718,March,2205,4654,South Dakota,21167,23372,1999.0
16230,3489,19062,June,3280,3937,South Dakota,19719,22999,1999.0
18311,3856,18496,September,1421,5092,South Dakota,22167,23588,1999.0
16175,3041,19116,December,4323,4423,South Dakota,19216,23539,1999.0
17481,3274,20044,March,4802,5513,South Dakota,20755,25557,2000.0
19483,3748,17834,June,-1668,3729,South Dakota,23231,21563,2000.0
18647,3901,17657,September,379,5270,South Dakota,22548,22927,2000.0
17995,5328,17181,December,-517,5625,South Dakota,23323,22806,2000.0
17897,10345,18951,March,-4015,5276,South Dakota,28242,24227,2001.0
19202,3958,16511,June,-2526,4123,South Dakota,23160,20634,2001.0
18836,3899,17478,September,-1252,4005,South Dakota,22735,21483,2001.0
17914,3554,16525,December,-993,3950,South Dakota,21468,20475,2001.0
18523,4468,17956,March,-878,4157,South Dakota,22991,22113,2002.0
17099,3478,17513,June,1252,4316,South Dakota,20577,21829,2002.0
16841,3738,17197,September,155,3537,South Dakota,20579,20734,2002.0
16787,3211,16495,December,532,4035,South Dakota,19998,20530,2002.0
17770,3717,16040,March,-1986,3461,South Dakota,21487,19501,2003.0
17460,4240,17264,June,-274,4162,South Dakota,21700,21426,2003.0
16364,3641,16909,September,340,3436,South Dakota,20005,20345,2003.0
16764,3235,17615,December,2230,4614,South Dakota,19999,22229,2003.0
17188,3501,17634,March,425,3480,South Dakota,20689,21114,2004.0
16116,3192,17991,June,2822,4139,South Dakota,19308,22130,2004.0
16505,3525,17158,September,1376,4248,South Dakota,20030,21406,2004.0
17667,3033,17418,December,867,4149,South Dakota,20700,21567,2004.0
16725,3386,18212,March,2278,4177,South Dakota,20111,22389,2005.0
16459,3439,17679,June,1559,3778,South Dakota,19898,21457,2005.0
16265,3183,17739,September,2048,3757,South Dakota,19448,21496,2005.0
16750,3216,18374,December,2444,4036,South Dakota,19966,22410,2005.0
16920,3334,18829,March,2349,3774,South Dakota,20254,22603,2006.0
17315,2774,17660,June,1428,3857,South Dakota,20089,21517,2006.0
17093,3183,17999,September,1498,3775,South Dakota,20276,21774,2006.0
16599,3147,18282,December,2774,4238,South Dakota,19746,22520,2006.0
16303,3082,18172,March,2391,3604,South Dakota,19385,21776,2007.0
17272,2937,17937,June,1442,3714,South Dakota,20209,21651,2007.0
16866,3511,17691,September,650,3336,South Dakota,20377,21027,2007.0
17213,3046,17843,December,1205,3621,South Dakota,20259,21464,2007.0
16306,3209,19209,March,2923,3229,South Dakota,19515,22438,2008.0
18594,3630,16812,June,-1340,4072,South Dakota,22224,20884,2008.0
17765,3143,17331,September,355,3932,South Dakota,20908,21263,2008.0
19133,3587,17779,December,-1254,3687,South Dakota,22720,21466,2008.0
21016,2940,14919,March,-5862,3175,South Dakota,23956,18094,2009.0
20216,4391,16335,June,-4385,3887,South Dakota,24607,20222,2009.0
17082,4284,16216,September,-1452,3698,South Dakota,21366,19914,2009.0
17173,3681,15672,December,-1180,4002,South Dakota,20854,19674,2009.0
17810,3570,15272,March,-1856,4252,South Dakota,21380,19524,2010.0
16390,3033,17540,June,2096,3979,South Dakota,19423,21519,2010.0
16011,3384,17343,September,1567,3619,South Dakota,19395,20962,2010.0
16403,3056,17759,December,1713,3413,South Dakota,19459,21172,2010.0
17007,3327,15606,March,-1222,3506,South Dakota,20334,19112,2011.0
15925,3225,17599,June,2262,3813,South Dakota,19150,21412,2011.0
15653,3246,17993,September,3435,4341,South Dakota,18899,22334,2011.0
16080,3267,17570,December,2063,3840,South Dakota,19347,21410,2011.0
16715,3170,17803,March,1892,3974,South Dakota,19885,21777,2012.0
17852,2961,18877,June,1479,3415,South Dakota,20813,22292,2012.0
17219,3402,17478,September,542,3685,South Dakota,20621,21163,2012.0
17076,3377,17179,December,374,3648,South Dakota,20453,20827,2012.0
17227,3300,17539,March,324,3312,South Dakota,20527,20851,2013.0
16358,2617,17693,June,2599,3881,South Dakota,18975,21574,2013.0
17123,3716,17349,September,-302,3188,South Dakota,20839,20537,2013.0
16474,3605,19236,December,2751,3594,South Dakota,20079,22830,2013.0
17098,3265,18160,March,1491,3694,South Dakota,20363,21854,2014.0
16848,3308,17958,June,1404,3602,South Dakota,20156,21560,2014.0
17234,2865,17262,September,729,3566,South Dakota,20099,20828,2014.0
16674,3162,17671,December,1452,3617,South Dakota,19836,21288,2014.0
16544,2926,18321,March,2278,3427,South Dakota,19470,21748,2015.0
17209,3079,17743,June,1079,3624,South Dakota,20288,21367,2015.0
18163,2856,16885,September,-597,3537,South Dakota,21019,20422,2015.0
17181,3187,19031,December,2628,3965,South Dakota,20368,22996,2015.0
18204,2976,17295,March,367,4252,South Dakota,21180,21547,2016.0
18537,3056,18246,June,328,3675,South Dakota,21593,21921,2016.0
18351,3047,18429,September,840,3809,South Dakota,21398,22238,2016.0
18009,3224,17166,December,-189,3878,South Dakota,21233,21044,2016.0
17267,3389,18118,March,1553,4091,South Dakota,20656,22209,2017.0
18791,3162,18333,June,-83,3537,South Dakota,21953,21870,2017.0
17595,3202,16528,September,-945,3324,South Dakota,20797,19852,2017.0
16837,3292,18163,December,2255,4221,South Dakota,20129,22384,2017.0
13907,3005,16262,September,3111,3761,South Dakota,16912,20023,1992.0
14494,3171,14566,December,0,3099,South Dakota,17665,17665,1992.0
14070,2948,15982,March,3410,4446,South Dakota,17018,20428,1993.0
14860,3267,15669,June,1216,3674,South Dakota,18127,19343,1993.0
13559,3058,16905,September,4493,4205,South Dakota,16617,21110,1993.0
14419,2649,16336,December,3201,3933,South Dakota,17068,20269,1993.0
13653,3535,17022,March,4215,4381,South Dakota,17188,21403,1994.0
13733,2966,16314,June,2816,3201,South Dakota,16699,19515,1994.0
14236,3397,17079,September,4396,4950,South Dakota,17633,22029,1994.0
15299,2850,16850,December,2942,4241,South Dakota,18149,21091,1994.0
14355,2401,18840,March,6495,4411,South Dakota,16756,23251,1995.0
16475,3687,16291,June,-169,3702,South Dakota,20162,19993,1995.0
15714,3648,18413,September,3413,4362,South Dakota,19362,22775,1995.0
16233,3433,16635,December,1006,4037,South Dakota,19666,20672,1995.0
15971,3240,16642,March,1571,4140,South Dakota,19211,20782,1996.0
16156,3045,16303,June,806,3704,South Dakota,19201,20007,1996.0
16194,3133,18627,September,2862,3562,South Dakota,19327,22189,1996.0
17053,3316,16034,December,-307,4028,South Dakota,20369,20062,1996.0
15820,2690,18267,March,3161,3404,South Dakota,18510,21671,1997.0
16549,2855,17686,June,2494,4212,South Dakota,19404,21898,1997.0
17155,4555,18733,September,1297,4274,South Dakota,21710,23007,1997.0
17213,3623,17536,December,961,4261,South Dakota,20836,21797,1997.0
17922,3648,17044,March,578,5104,South Dakota,21570,22148,1998.0
17744,4625,18135,June,1093,5327,South Dakota,22369,23462,1998.0
17790,3627,17909,September,1716,5224,South Dakota,21417,23133,1998.0
16483,3991,18772,December,2398,4100,South Dakota,20474,22872,1998.0
17184,3983,18718,March,2205,4654,South Dakota,21167,23372,1999.0
16230,3489,19062,June,3280,3937,South Dakota,19719,22999,1999.0
18311,3856,18496,September,1421,5092,South Dakota,22167,23588,1999.0
16175,3041,19116,December,4323,4423,South Dakota,19216,23539,1999.0
17481,3274,20044,March,4802,5513,South Dakota,20755,25557,2000.0
19483,3748,17834,June,-1668,3729,South Dakota,23231,21563,2000.0
18647,3901,17657,September,379,5270,South Dakota,22548,22927,2000.0
17995,5328,17181,December,-517,5625,South Dakota,23323,22806,2000.0
17897,10345,18951,March,-4015,5276,South Dakota,28242,24227,2001.0
19202,3958,16511,June,-2526,4123,South Dakota,23160,20634,2001.0
18836,3899,17478,September,-1252,4005,South Dakota,22735,21483,2001.0
17914,3554,16525,December,-993,3950,South Dakota,21468,20475,2001.0
18523,4468,17956,March,-878,4157,South Dakota,22991,22113,2002.0
17099,3478,17513,June,1252,4316,South Dakota,20577,21829,2002.0
16841,3738,17197,September,155,3537,South Dakota,20579,20734,2002.0
16787,3211,16495,December,532,4035,South Dakota,19998,20530,2002.0
17770,3717,16040,March,-1986,3461,South Dakota,21487,19501,2003.0
17460,4240,17264,June,-274,4162,South Dakota,21700,21426,2003.0
16364,3641,16909,September,340,3436,South Dakota,20005,20345,2003.0
16764,3235,17615,December,2230,4614,South Dakota,19999,22229,2003.0
17188,3501,17634,March,425,3480,South Dakota,20689,21114,2004.0
16116,3192,17991,June,2822,4139,South Dakota,19308,22130,2004.0
16505,3525,17158,September,1376,4248,South Dakota,20030,21406,2004.0
17667,3033,17418,December,867,4149,South Dakota,20700,21567,2004.0
16725,3386,18212,March,2278,4177,South Dakota,20111,22389,2005.0
16459,3439,17679,June,1559,3778,South Dakota,19898,21457,2005.0
16265,3183,17739,September,2048,3757,South Dakota,19448,21496,2005.0
16750,3216,18374,December,2444,4036,South Dakota,19966,22410,2005.0
16920,3334,18829,March,2349,3774,South Dakota,20254,22603,2006.0
17315,2774,17660,June,1428,3857,South Dakota,20089,21517,2006.0
17093,3183,17999,September,1498,3775,South Dakota,20276,21774,2006.0
16599,3147,18282,December,2774,4238,South Dakota,19746,22520,2006.0
16303,3082,18172,March,2391,3604,South Dakota,19385,21776,2007.0
17272,2937,17937,June,1442,3714,South Dakota,20209,21651,2007.0
16866,3511,17691,September,650,3336,South Dakota,20377,21027,2007.0
17213,3046,17843,December,1205,3621,South Dakota,20259,21464,2007.0
16306,3209,19209,March,2923,3229,South Dakota,19515,22438,2008.0
18594,3630,16812,June,-1340,4072,South Dakota,22224,20884,2008.0
17765,3143,17331,September,355,3932,South Dakota,20908,21263,2008.0
19133,3587,17779,December,-1254,3687,South Dakota,22720,21466,2008.0
21016,2940,14919,March,-5862,3175,South Dakota,23956,18094,2009.0
20216,4391,16335,June,-4385,3887,South Dakota,24607,20222,2009.0
17082,4284,16216,September,-1452,3698,South Dakota,21366,19914,2009.0
17173,3681,15672,December,-1180,4002,South Dakota,20854,19674,2009.0
17810,3570,15272,March,-1856,4252,South Dakota,21380,19524,2010.0
16390,3033,17540,June,2096,3979,South Dakota,19423,21519,2010.0
16011,3384,17343,September,1567,3619,South Dakota,19395,20962,2010.0
16403,3056,17759,December,1713,3413,South Dakota,19459,21172,2010.0
17007,3327,15606,March,-1222,3506,South Dakota,20334,19112,2011.0
15925,3225,17599,June,2262,3813,South Dakota,19150,21412,2011.0
15653,3246,17993,September,3435,4341,South Dakota,18899,22334,2011.0
16080,3267,17570,December,2063,3840,South Dakota,19347,21410,2011.0
16715,3170,17803,March,1892,3974,South Dakota,19885,21777,2012.0
17852,2961,18877,June,1479,3415,South Dakota,20813,22292,2012.0
17219,3402,17478,September,542,3685,South Dakota,20621,21163,2012.0
17076,3377,17179,December,374,3648,South Dakota,20453,20827,2012.0
17227,3300,17539,March,324,3312,South Dakota,20527,20851,2013.0
16358,2617,17693,June,2599,3881,South Dakota,18975,21574,2013.0
17123,3716,17349,September,-302,3188,South Dakota,20839,20537,2013.0
16474,3605,19236,December,2751,3594,South Dakota,20079,22830,2013.0
17098,3265,18160,March,1491,3694,South Dakota,20363,21854,2014.0
16848,3308,17958,June,1404,3602,South Dakota,20156,21560,2014.0
17234,2865,17262,September,729,3566,South Dakota,20099,20828,2014.0
16674,3162,17671,December,1452,3617,South Dakota,19836,21288,2014.0
16544,2926,18321,March,2278,3427,South Dakota,19470,21748,2015.0
17209,3079,17743,June,1079,3624,South Dakota,20288,21367,2015.0
18163,2856,16885,September,-597,3537,South Dakota,21019,20422,2015.0
17181,3187,19031,December,2628,3965,South Dakota,20368,22996,2015.0
18204,2976,17295,March,367,4252,South Dakota,21180,21547,2016.0
18537,3056,18246,June,328,3675,South Dakota,21593,21921,2016.0
18351,3047,18429,September,840,3809,South Dakota,21398,22238,2016.0
18009,3224,17166,December,-189,3878,South Dakota,21233,21044,2016.0
17267,3389,18118,March,1553,4091,South Dakota,20656,22209,2017.0
18791,3162,18333,June,-83,3537,South Dakota,21953,21870,2017.0
17595,3202,16528,September,-945,3324,South Dakota,20797,19852,2017.0
16837,3292,18163,December,2255,4221,South Dakota,20129,22384,2017.0
103040,25952,114649,September,14067,28410,Tennessee,128992,143059,1992.0
104457,17354,110997,December,17996,28810,Tennessee,121811,139807,1992.0
103766,26084,111039,March,11527,30338,Tennessee,129850,141377,1993.0
92643,16284,123680,June,33725,18972,Tennessee,108927,142652,1993.0
102513,18714,119476,September,20718,22469,Tennessee,121227,141945,1993.0
104150,18551,113861,December,15685,24525,Tennessee,122701,138386,1993.0
103841,24541,132406,March,25803,21779,Tennessee,128382,154185,1994.0
100784,16886,131876,June,34504,20298,Tennessee,117670,152174,1994.0
112675,17239,129334,September,24564,25144,Tennessee,129914,154478,1994.0
116762,16579,125072,December,12591,20860,Tennessee,133341,145932,1994.0
113936,20742,133551,March,21110,22237,Tennessee,134678,155788,1995.0
119958,20950,125748,June,13018,28178,Tennessee,140908,153926,1995.0
125128,20563,133426,September,13487,25752,Tennessee,145691,159178,1995.0
127483,21292,128066,December,14246,34955,Tennessee,148775,163021,1995.0
136093,23006,122678,March,-5563,30858,Tennessee,159099,153536,1996.0
124450,31766,124520,June,-5931,25765,Tennessee,156216,150285,1996.0
118626,20848,135262,September,30238,34450,Tennessee,139474,169712,1996.0
125456,27807,127585,December,-1029,24649,Tennessee,153263,152234,1996.0
125988,20867,131599,March,13279,28535,Tennessee,146855,160134,1997.0
121956,20726,130126,June,16537,29093,Tennessee,142682,159219,1997.0
124609,22593,141519,September,24772,30455,Tennessee,147202,171974,1997.0
131236,30711,136575,December,3257,28629,Tennessee,161947,165204,1997.0
130492,28772,138218,March,5049,26095,Tennessee,159264,164313,1998.0
130348,24028,143384,June,23615,34607,Tennessee,154376,177991,1998.0
130282,30497,137662,September,8852,31969,Tennessee,160779,169631,1998.0
127360,21802,134147,December,15260,30275,Tennessee,149162,164422,1998.0
137599,36759,144522,March,3561,33397,Tennessee,174358,177919,1999.0
127400,21949,133237,June,15196,31308,Tennessee,149349,164545,1999.0
125906,25111,149511,September,25591,27097,Tennessee,151017,176608,1999.0
129651,33398,141560,December,7850,29339,Tennessee,163049,170899,1999.0
134841,30646,146899,March,12564,31152,Tennessee,165487,178051,2000.0
128285,28809,138484,June,4005,22615,Tennessee,157094,161099,2000.0
135082,20953,134495,September,2743,24283,Tennessee,156035,158778,2000.0
140255,24403,121240,December,-20673,22745,Tennessee,164658,143985,2000.0
139712,24682,139103,March,-1268,24023,Tennessee,164394,163126,2001.0
142297,23955,120767,June,-21406,24079,Tennessee,166252,144846,2001.0
136742,25317,116210,September,-24184,21665,Tennessee,162059,137875,2001.0
138531,25392,112378,December,-27092,24453,Tennessee,163923,136831,2001.0
125289,28053,132764,March,4169,24747,Tennessee,153342,157511,2002.0
124179,27784,126557,June,193,25599,Tennessee,151963,152156,2002.0
118056,22937,130129,September,10652,21516,Tennessee,140993,151645,2002.0
130416,22488,118237,December,-7990,26677,Tennessee,152904,144914,2002.0
127371,24504,115439,March,-7106,29330,Tennessee,151875,144769,2003.0
117473,20375,115158,June,-1399,21291,Tennessee,137848,136449,2003.0
112611,20199,115843,September,6347,23314,Tennessee,132810,139157,2003.0
109814,25364,118411,December,6647,23414,Tennessee,135178,141825,2003.0
109085,20828,128750,March,23164,24327,Tennessee,129913,153077,2004.0
117705,18122,122108,June,6918,20637,Tennessee,135827,142745,2004.0
115408,21756,124357,September,8717,21524,Tennessee,137164,145881,2004.0
117222,19469,123829,December,10228,23090,Tennessee,136691,146919,2004.0
117169,21434,129921,March,15746,24428,Tennessee,138603,154349,2005.0
115713,20954,121471,June,6270,21466,Tennessee,136667,142937,2005.0
112864,22792,128419,September,17753,24990,Tennessee,135656,153409,2005.0
119783,18714,120691,December,5064,22870,Tennessee,138497,143561,2005.0
109124,19044,129201,March,24609,23576,Tennessee,128168,152777,2006.0
127131,24956,123148,June,-5734,23205,Tennessee,152087,146353,2006.0
121688,18835,123960,September,4373,20936,Tennessee,140523,144896,2006.0
126030,33141,129953,December,-6368,22850,Tennessee,159171,152803,2006.0
131626,15881,129933,March,9158,26732,Tennessee,147507,156665,2007.0
126310,17960,120268,June,-2782,21220,Tennessee,144270,141488,2007.0
119722,19237,119865,September,4674,23768,Tennessee,138959,143633,2007.0
118867,18709,118623,December,3099,22052,Tennessee,137576,140675,2007.0
131336,18141,124747,March,-3502,21228,Tennessee,149477,145975,2008.0
129931,23041,110872,June,-22471,19629,Tennessee,152972,130501,2008.0
139004,20559,106626,September,-33220,19717,Tennessee,159563,126343,2008.0
148266,19873,98531,December,-52105,17503,Tennessee,168139,116034,2008.0
147983,18554,88079,March,-62152,16306,Tennessee,166537,104385,2009.0
135846,19916,97548,June,-40469,17745,Tennessee,155762,115293,2009.0
115291,19074,100361,September,-17423,16581,Tennessee,134365,116942,2009.0
103787,16481,102081,December,-388,17799,Tennessee,120268,119880,2009.0
101977,14643,99389,March,-2640,14591,Tennessee,116620,113980,2010.0
101705,17518,112367,June,13561,20417,Tennessee,119223,132784,2010.0
108549,17591,107913,September,-2555,15672,Tennessee,126140,123585,2010.0
98991,15421,110477,December,13223,17158,Tennessee,114412,127635,2010.0
95820,13803,108176,March,14280,15727,Tennessee,109623,123903,2011.0
98253,13304,111443,June,16689,16803,Tennessee,111557,128246,2011.0
101492,14595,112095,September,14443,18435,Tennessee,116087,130530,2011.0
102586,15667,116437,December,14212,16028,Tennessee,118253,132465,2011.0
97205,15625,118966,March,22898,16762,Tennessee,112830,135728,2012.0
109922,15506,114928,June,8655,19155,Tennessee,125428,134083,2012.0
108023,15521,107975,September,1506,17075,Tennessee,123544,125050,2012.0
100272,15611,118226,December,20074,17731,Tennessee,115883,135957,2012.0
101980,14159,108259,March,10552,18432,Tennessee,116139,126691,2013.0
103583,18431,109927,June,5479,17566,Tennessee,122014,127493,2013.0
104087,14855,107897,September,6202,17247,Tennessee,118942,125144,2013.0
95655,14853,124504,December,31925,17929,Tennessee,110508,142433,2013.0
108788,13376,112090,March,5650,15724,Tennessee,122164,127814,2014.0
102883,15053,113016,June,13145,18065,Tennessee,117936,131081,2014.0
103841,15035,114344,September,14358,18890,Tennessee,118876,133234,2014.0
97628,16920,129128,December,32169,17589,Tennessee,114548,146717,2014.0
111919,14203,102520,March,-1938,21664,Tennessee,126122,124184,2015.0
99994,14703,126236,June,29022,17483,Tennessee,114697,143719,2015.0
109262,15301,120233,September,15039,19369,Tennessee,124563,139602,2015.0
102079,14072,134138,December,36813,18826,Tennessee,116151,152964,2015.0
114189,14427,115477,March,3658,16797,Tennessee,128616,132274,2016.0
117467,15344,122669,June,9099,19241,Tennessee,132811,141910,2016.0
114061,16022,126490,September,17397,20990,Tennessee,130083,147480,2016.0
111256,14894,123713,December,18525,20962,Tennessee,126150,144675,2016.0
112439,10838,113022,March,5204,15459,Tennessee,123277,128481,2017.0
113952,15585,117662,June,6741,18616,Tennessee,129537,136278,2017.0
114739,13964,115323,September,5769,19149,Tennessee,128703,134472,2017.0
109224,14558,126434,December,23634,20982,Tennessee,123782,147416,2017.0
103040,25952,114649,September,14067,28410,Tennessee,128992,143059,1992.0
104457,17354,110997,December,17996,28810,Tennessee,121811,139807,1992.0
103766,26084,111039,March,11527,30338,Tennessee,129850,141377,1993.0
92643,16284,123680,June,33725,18972,Tennessee,108927,142652,1993.0
102513,18714,119476,September,20718,22469,Tennessee,121227,141945,1993.0
104150,18551,113861,December,15685,24525,Tennessee,122701,138386,1993.0
103841,24541,132406,March,25803,21779,Tennessee,128382,154185,1994.0
100784,16886,131876,June,34504,20298,Tennessee,117670,152174,1994.0
112675,17239,129334,September,24564,25144,Tennessee,129914,154478,1994.0
116762,16579,125072,December,12591,20860,Tennessee,133341,145932,1994.0
113936,20742,133551,March,21110,22237,Tennessee,134678,155788,1995.0
119958,20950,125748,June,13018,28178,Tennessee,140908,153926,1995.0
125128,20563,133426,September,13487,25752,Tennessee,145691,159178,1995.0
127483,21292,128066,December,14246,34955,Tennessee,148775,163021,1995.0
136093,23006,122678,March,-5563,30858,Tennessee,159099,153536,1996.0
124450,31766,124520,June,-5931,25765,Tennessee,156216,150285,1996.0
118626,20848,135262,September,30238,34450,Tennessee,139474,169712,1996.0
125456,27807,127585,December,-1029,24649,Tennessee,153263,152234,1996.0
125988,20867,131599,March,13279,28535,Tennessee,146855,160134,1997.0
121956,20726,130126,June,16537,29093,Tennessee,142682,159219,1997.0
124609,22593,141519,September,24772,30455,Tennessee,147202,171974,1997.0
131236,30711,136575,December,3257,28629,Tennessee,161947,165204,1997.0
130492,28772,138218,March,5049,26095,Tennessee,159264,164313,1998.0
130348,24028,143384,June,23615,34607,Tennessee,154376,177991,1998.0
130282,30497,137662,September,8852,31969,Tennessee,160779,169631,1998.0
127360,21802,134147,December,15260,30275,Tennessee,149162,164422,1998.0
137599,36759,144522,March,3561,33397,Tennessee,174358,177919,1999.0
127400,21949,133237,June,15196,31308,Tennessee,149349,164545,1999.0
125906,25111,149511,September,25591,27097,Tennessee,151017,176608,1999.0
129651,33398,141560,December,7850,29339,Tennessee,163049,170899,1999.0
134841,30646,146899,March,12564,31152,Tennessee,165487,178051,2000.0
128285,28809,138484,June,4005,22615,Tennessee,157094,161099,2000.0
135082,20953,134495,September,2743,24283,Tennessee,156035,158778,2000.0
140255,24403,121240,December,-20673,22745,Tennessee,164658,143985,2000.0
139712,24682,139103,March,-1268,24023,Tennessee,164394,163126,2001.0
142297,23955,120767,June,-21406,24079,Tennessee,166252,144846,2001.0
136742,25317,116210,September,-24184,21665,Tennessee,162059,137875,2001.0
138531,25392,112378,December,-27092,24453,Tennessee,163923,136831,2001.0
125289,28053,132764,March,4169,24747,Tennessee,153342,157511,2002.0
124179,27784,126557,June,193,25599,Tennessee,151963,152156,2002.0
118056,22937,130129,September,10652,21516,Tennessee,140993,151645,2002.0
130416,22488,118237,December,-7990,26677,Tennessee,152904,144914,2002.0
127371,24504,115439,March,-7106,29330,Tennessee,151875,144769,2003.0
117473,20375,115158,June,-1399,21291,Tennessee,137848,136449,2003.0
112611,20199,115843,September,6347,23314,Tennessee,132810,139157,2003.0
109814,25364,118411,December,6647,23414,Tennessee,135178,141825,2003.0
109085,20828,128750,March,23164,24327,Tennessee,129913,153077,2004.0
117705,18122,122108,June,6918,20637,Tennessee,135827,142745,2004.0
115408,21756,124357,September,8717,21524,Tennessee,137164,145881,2004.0
117222,19469,123829,December,10228,23090,Tennessee,136691,146919,2004.0
117169,21434,129921,March,15746,24428,Tennessee,138603,154349,2005.0
115713,20954,121471,June,6270,21466,Tennessee,136667,142937,2005.0
112864,22792,128419,September,17753,24990,Tennessee,135656,153409,2005.0
119783,18714,120691,December,5064,22870,Tennessee,138497,143561,2005.0
109124,19044,129201,March,24609,23576,Tennessee,128168,152777,2006.0
127131,24956,123148,June,-5734,23205,Tennessee,152087,146353,2006.0
121688,18835,123960,September,4373,20936,Tennessee,140523,144896,2006.0
126030,33141,129953,December,-6368,22850,Tennessee,159171,152803,2006.0
131626,15881,129933,March,9158,26732,Tennessee,147507,156665,2007.0
126310,17960,120268,June,-2782,21220,Tennessee,144270,141488,2007.0
119722,19237,119865,September,4674,23768,Tennessee,138959,143633,2007.0
118867,18709,118623,December,3099,22052,Tennessee,137576,140675,2007.0
131336,18141,124747,March,-3502,21228,Tennessee,149477,145975,2008.0
129931,23041,110872,June,-22471,19629,Tennessee,152972,130501,2008.0
139004,20559,106626,September,-33220,19717,Tennessee,159563,126343,2008.0
148266,19873,98531,December,-52105,17503,Tennessee,168139,116034,2008.0
147983,18554,88079,March,-62152,16306,Tennessee,166537,104385,2009.0
135846,19916,97548,June,-40469,17745,Tennessee,155762,115293,2009.0
115291,19074,100361,September,-17423,16581,Tennessee,134365,116942,2009.0
103787,16481,102081,December,-388,17799,Tennessee,120268,119880,2009.0
101977,14643,99389,March,-2640,14591,Tennessee,116620,113980,2010.0
101705,17518,112367,June,13561,20417,Tennessee,119223,132784,2010.0
108549,17591,107913,September,-2555,15672,Tennessee,126140,123585,2010.0
98991,15421,110477,December,13223,17158,Tennessee,114412,127635,2010.0
95820,13803,108176,March,14280,15727,Tennessee,109623,123903,2011.0
98253,13304,111443,June,16689,16803,Tennessee,111557,128246,2011.0
101492,14595,112095,September,14443,18435,Tennessee,116087,130530,2011.0
102586,15667,116437,December,14212,16028,Tennessee,118253,132465,2011.0
97205,15625,118966,March,22898,16762,Tennessee,112830,135728,2012.0
109922,15506,114928,June,8655,19155,Tennessee,125428,134083,2012.0
108023,15521,107975,September,1506,17075,Tennessee,123544,125050,2012.0
100272,15611,118226,December,20074,17731,Tennessee,115883,135957,2012.0
101980,14159,108259,March,10552,18432,Tennessee,116139,126691,2013.0
103583,18431,109927,June,5479,17566,Tennessee,122014,127493,2013.0
104087,14855,107897,September,6202,17247,Tennessee,118942,125144,2013.0
95655,14853,124504,December,31925,17929,Tennessee,110508,142433,2013.0
108788,13376,112090,March,5650,15724,Tennessee,122164,127814,2014.0
102883,15053,113016,June,13145,18065,Tennessee,117936,131081,2014.0
103841,15035,114344,September,14358,18890,Tennessee,118876,133234,2014.0
97628,16920,129128,December,32169,17589,Tennessee,114548,146717,2014.0
111919,14203,102520,March,-1938,21664,Tennessee,126122,124184,2015.0
99994,14703,126236,June,29022,17483,Tennessee,114697,143719,2015.0
109262,15301,120233,September,15039,19369,Tennessee,124563,139602,2015.0
102079,14072,134138,December,36813,18826,Tennessee,116151,152964,2015.0
114189,14427,115477,March,3658,16797,Tennessee,128616,132274,2016.0
117467,15344,122669,June,9099,19241,Tennessee,132811,141910,2016.0
114061,16022,126490,September,17397,20990,Tennessee,130083,147480,2016.0
111256,14894,123713,December,18525,20962,Tennessee,126150,144675,2016.0
112439,10838,113022,March,5204,15459,Tennessee,123277,128481,2017.0
113952,15585,117662,June,6741,18616,Tennessee,129537,136278,2017.0
114739,13964,115323,September,5769,19149,Tennessee,128703,134472,2017.0
109224,14558,126434,December,23634,20982,Tennessee,123782,147416,2017.0
336153,124940,356261,September,8388,113220,Texas,461093,469481,1992.0
338523,99806,342695,December,46680,142314,Texas,438329,485009,1992.0
338716,122629,356367,March,49577,154555,Texas,461345,510922,1993.0
329865,91577,370270,June,55313,106485,Texas,421442,476755,1993.0
337280,87275,383055,September,83149,124649,Texas,424555,507704,1993.0
343927,89048,362144,December,26061,96892,Texas,432975,459036,1993.0
354622,103337,372848,March,19178,104289,Texas,457959,477137,1994.0
335797,97080,398611,June,105009,139275,Texas,432877,537886,1994.0
360061,95458,393220,September,91279,153578,Texas,455519,546798,1994.0
362403,80310,372973,December,60632,130372,Texas,442713,503345,1994.0
368527,94370,402071,March,44793,105619,Texas,462897,507690,1995.0
371325,75902,395268,June,57796,109755,Texas,447227,505023,1995.0
358806,88492,395693,September,59367,110972,Texas,447298,506665,1995.0
368837,84146,402697,December,45349,95635,Texas,452983,498332,1995.0
363321,92717,387412,March,30059,98685,Texas,456038,486097,1996.0
353943,85298,394122,June,69489,114608,Texas,439241,508730,1996.0
374646,83811,395810,September,52503,115150,Texas,458457,510960,1996.0
371671,74221,397516,December,96518,144894,Texas,445892,542410,1996.0
377151,89082,422410,March,87059,130882,Texas,466233,553292,1997.0
374580,75796,435102,June,97616,112890,Texas,450376,547992,1997.0
386326,97117,458060,September,91851,117234,Texas,483443,575294,1997.0
397266,90434,446034,December,84690,126356,Texas,487700,572390,1997.0
407249,102510,469195,March,70765,111329,Texas,509759,580524,1998.0
392063,108812,453217,June,75750,123408,Texas,500875,576625,1998.0
397502,98104,458104,September,82018,119520,Texas,495606,577624,1998.0
415108,92911,462625,December,48104,93498,Texas,508019,556123,1998.0
426818,99159,459214,March,36746,103509,Texas,525977,562723,1999.0
466502,102253,462758,June,4994,110991,Texas,568755,573749,1999.0
398252,95400,446907,September,52054,98799,Texas,493652,545706,1999.0
412443,95032,461088,December,60507,106894,Texas,507475,567982,1999.0
401609,92864,471490,March,89855,112838,Texas,494473,584328,2000.0
402070,96706,472178,June,75482,102080,Texas,498776,574258,2000.0
425476,94715,465356,September,53898,108733,Texas,520191,574089,2000.0
424556,97762,445684,December,13485,90119,Texas,522318,535803,2000.0
430433,99384,453120,March,29805,106502,Texas,529817,559622,2001.0
466318,101485,431263,June,-21798,114742,Texas,567803,546005,2001.0
472396,116019,405841,September,-72279,110295,Texas,588415,516136,2001.0
488346,111871,394135,December,-92343,113739,Texas,600217,507874,2001.0
433088,106548,430896,March,6647,115387,Texas,539636,546283,2002.0
425691,109745,413476,June,-7642,114318,Texas,535436,527794,2002.0
433688,100465,405123,September,-11139,117891,Texas,534153,523014,2002.0
442268,105487,379421,December,-58030,110304,Texas,547755,489725,2002.0
418094,101178,401505,March,-23422,94345,Texas,519272,495850,2003.0
407497,98876,386856,June,-15682,103835,Texas,506373,490691,2003.0
383743,85617,397285,September,24201,96276,Texas,469360,493561,2003.0
402788,99941,408497,December,8827,103059,Texas,502729,511556,2003.0
373767,94710,409393,March,40877,99961,Texas,468477,509354,2004.0
382455,95857,405872,June,25046,97486,Texas,478312,503358,2004.0
369607,94893,413258,September,49662,100904,Texas,464500,514162,2004.0
369966,88464,418230,December,53413,93613,Texas,458430,511843,2004.0
378881,90645,431032,March,66884,105378,Texas,469526,536410,2005.0
380297,97020,424937,June,55013,107393,Texas,477317,532330,2005.0
368949,91080,457745,September,104435,106719,Texas,460029,564464,2005.0
383050,86111,451064,December,82265,100362,Texas,469161,551426,2005.0
370538,84387,463647,March,103638,94916,Texas,454925,558563,2006.0
418171,90558,452397,June,49179,105511,Texas,508729,557908,2006.0
396434,82571,449581,September,68539,97963,Texas,479005,547544,2006.0
392692,83093,455239,December,86140,106686,Texas,475785,561925,2006.0
402658,79792,466745,March,81406,97111,Texas,482450,563856,2007.0
402933,83755,461270,June,68953,94371,Texas,486688,555641,2007.0
417130,86043,445276,September,35876,93773,Texas,503173,539049,2007.0
399292,86232,467776,December,81895,99643,Texas,485524,567419,2007.0
407493,90451,445135,March,45484,98293,Texas,497944,543428,2008.0
432756,84005,430812,June,14095,100044,Texas,516761,530856,2008.0
448010,89340,416556,September,-32638,88156,Texas,537350,504712,2008.0
469455,92447,445070,December,-24045,92787,Texas,561902,537857,2008.0
536440,83718,351824,March,-180353,87981,Texas,620158,439805,2009.0
506687,79972,353244,June,-150138,83277,Texas,586659,436521,2009.0
433630,77168,362342,September,-72441,76015,Texas,510798,438357,2009.0
407644,75905,394194,December,-2008,87347,Texas,483549,481541,2009.0
380312,67370,390050,March,25318,82950,Texas,447682,473000,2010.0
371916,75274,417247,June,47334,77277,Texas,447190,494524,2010.0
371229,78217,416213,September,45936,79169,Texas,449446,495382,2010.0
362167,73866,433460,December,84584,87157,Texas,436033,520617,2010.0
363757,69371,415296,March,66934,84766,Texas,433128,500062,2011.0
371501,71148,430606,June,71727,83770,Texas,442649,514376,2011.0
374253,72095,459709,September,98911,85550,Texas,446348,545259,2011.0
385533,73493,431695,December,61313,88644,Texas,459026,520339,2011.0
378722,66159,451450,March,92707,86138,Texas,444881,537588,2012.0
389558,70829,465138,June,90878,86127,Texas,460387,551265,2012.0
397665,76074,446453,September,58128,85414,Texas,473739,531867,2012.0
379755,72368,461623,December,100287,90787,Texas,452123,552410,2012.0
403825,67172,454947,March,71887,87937,Texas,470997,542884,2013.0
393750,76300,450281,June,65946,85715,Texas,470050,535996,2013.0
410892,73967,461992,September,66298,89165,Texas,484859,551157,2013.0
408199,79851,472937,December,76346,91459,Texas,488050,564396,2013.0
406516,75141,467598,March,77923,91982,Texas,481657,559580,2014.0
391208,80682,484837,June,101116,88169,Texas,471890,573006,2014.0
416556,75525,485468,September,84985,91598,Texas,492081,577066,2014.0
399103,83008,522071,December,137952,97992,Texas,482111,620063,2014.0
477173,79082,459542,March,7417,104130,Texas,556255,563672,2015.0
466628,80749,487139,June,34230,94468,Texas,547377,581607,2015.0
466548,83315,493496,September,36488,92855,Texas,549863,586351,2015.0
454742,89346,506645,December,57217,94660,Texas,544088,601305,2015.0
481551,90249,436152,March,-36296,99352,Texas,571800,535504,2016.0
459312,86236,461580,June,24101,108069,Texas,545548,569649,2016.0
453606,87646,505110,September,76205,112347,Texas,541252,617457,2016.0
451103,87623,486154,December,50076,102648,Texas,538726,588802,2016.0
438476,80900,483576,March,61040,96840,Texas,519376,580416,2017.0
453039,86149,488811,June,48882,99259,Texas,539188,588070,2017.0
480360,99271,493496,September,15984,102119,Texas,579631,595615,2017.0
434454,103002,533139,December,103721,108038,Texas,537456,641177,2017.0
336153,124940,356261,September,8388,113220,Texas,461093,469481,1992.0
338523,99806,342695,December,46680,142314,Texas,438329,485009,1992.0
338716,122629,356367,March,49577,154555,Texas,461345,510922,1993.0
329865,91577,370270,June,55313,106485,Texas,421442,476755,1993.0
337280,87275,383055,September,83149,124649,Texas,424555,507704,1993.0
343927,89048,362144,December,26061,96892,Texas,432975,459036,1993.0
354622,103337,372848,March,19178,104289,Texas,457959,477137,1994.0
335797,97080,398611,June,105009,139275,Texas,432877,537886,1994.0
360061,95458,393220,September,91279,153578,Texas,455519,546798,1994.0
362403,80310,372973,December,60632,130372,Texas,442713,503345,1994.0
368527,94370,402071,March,44793,105619,Texas,462897,507690,1995.0
371325,75902,395268,June,57796,109755,Texas,447227,505023,1995.0
358806,88492,395693,September,59367,110972,Texas,447298,506665,1995.0
368837,84146,402697,December,45349,95635,Texas,452983,498332,1995.0
363321,92717,387412,March,30059,98685,Texas,456038,486097,1996.0
353943,85298,394122,June,69489,114608,Texas,439241,508730,1996.0
374646,83811,395810,September,52503,115150,Texas,458457,510960,1996.0
371671,74221,397516,December,96518,144894,Texas,445892,542410,1996.0
377151,89082,422410,March,87059,130882,Texas,466233,553292,1997.0
374580,75796,435102,June,97616,112890,Texas,450376,547992,1997.0
386326,97117,458060,September,91851,117234,Texas,483443,575294,1997.0
397266,90434,446034,December,84690,126356,Texas,487700,572390,1997.0
407249,102510,469195,March,70765,111329,Texas,509759,580524,1998.0
392063,108812,453217,June,75750,123408,Texas,500875,576625,1998.0
397502,98104,458104,September,82018,119520,Texas,495606,577624,1998.0
415108,92911,462625,December,48104,93498,Texas,508019,556123,1998.0
426818,99159,459214,March,36746,103509,Texas,525977,562723,1999.0
466502,102253,462758,June,4994,110991,Texas,568755,573749,1999.0
398252,95400,446907,September,52054,98799,Texas,493652,545706,1999.0
412443,95032,461088,December,60507,106894,Texas,507475,567982,1999.0
401609,92864,471490,March,89855,112838,Texas,494473,584328,2000.0
402070,96706,472178,June,75482,102080,Texas,498776,574258,2000.0
425476,94715,465356,September,53898,108733,Texas,520191,574089,2000.0
424556,97762,445684,December,13485,90119,Texas,522318,535803,2000.0
430433,99384,453120,March,29805,106502,Texas,529817,559622,2001.0
466318,101485,431263,June,-21798,114742,Texas,567803,546005,2001.0
472396,116019,405841,September,-72279,110295,Texas,588415,516136,2001.0
488346,111871,394135,December,-92343,113739,Texas,600217,507874,2001.0
433088,106548,430896,March,6647,115387,Texas,539636,546283,2002.0
425691,109745,413476,June,-7642,114318,Texas,535436,527794,2002.0
433688,100465,405123,September,-11139,117891,Texas,534153,523014,2002.0
442268,105487,379421,December,-58030,110304,Texas,547755,489725,2002.0
418094,101178,401505,March,-23422,94345,Texas,519272,495850,2003.0
407497,98876,386856,June,-15682,103835,Texas,506373,490691,2003.0
383743,85617,397285,September,24201,96276,Texas,469360,493561,2003.0
402788,99941,408497,December,8827,103059,Texas,502729,511556,2003.0
373767,94710,409393,March,40877,99961,Texas,468477,509354,2004.0
382455,95857,405872,June,25046,97486,Texas,478312,503358,2004.0
369607,94893,413258,September,49662,100904,Texas,464500,514162,2004.0
369966,88464,418230,December,53413,93613,Texas,458430,511843,2004.0
378881,90645,431032,March,66884,105378,Texas,469526,536410,2005.0
380297,97020,424937,June,55013,107393,Texas,477317,532330,2005.0
368949,91080,457745,September,104435,106719,Texas,460029,564464,2005.0
383050,86111,451064,December,82265,100362,Texas,469161,551426,2005.0
370538,84387,463647,March,103638,94916,Texas,454925,558563,2006.0
418171,90558,452397,June,49179,105511,Texas,508729,557908,2006.0
396434,82571,449581,September,68539,97963,Texas,479005,547544,2006.0
392692,83093,455239,December,86140,106686,Texas,475785,561925,2006.0
402658,79792,466745,March,81406,97111,Texas,482450,563856,2007.0
402933,83755,461270,June,68953,94371,Texas,486688,555641,2007.0
417130,86043,445276,September,35876,93773,Texas,503173,539049,2007.0
399292,86232,467776,December,81895,99643,Texas,485524,567419,2007.0
407493,90451,445135,March,45484,98293,Texas,497944,543428,2008.0
432756,84005,430812,June,14095,100044,Texas,516761,530856,2008.0
448010,89340,416556,September,-32638,88156,Texas,537350,504712,2008.0
469455,92447,445070,December,-24045,92787,Texas,561902,537857,2008.0
536440,83718,351824,March,-180353,87981,Texas,620158,439805,2009.0
506687,79972,353244,June,-150138,83277,Texas,586659,436521,2009.0
433630,77168,362342,September,-72441,76015,Texas,510798,438357,2009.0
407644,75905,394194,December,-2008,87347,Texas,483549,481541,2009.0
380312,67370,390050,March,25318,82950,Texas,447682,473000,2010.0
371916,75274,417247,June,47334,77277,Texas,447190,494524,2010.0
371229,78217,416213,September,45936,79169,Texas,449446,495382,2010.0
362167,73866,433460,December,84584,87157,Texas,436033,520617,2010.0
363757,69371,415296,March,66934,84766,Texas,433128,500062,2011.0
371501,71148,430606,June,71727,83770,Texas,442649,514376,2011.0
374253,72095,459709,September,98911,85550,Texas,446348,545259,2011.0
385533,73493,431695,December,61313,88644,Texas,459026,520339,2011.0
378722,66159,451450,March,92707,86138,Texas,444881,537588,2012.0
389558,70829,465138,June,90878,86127,Texas,460387,551265,2012.0
397665,76074,446453,September,58128,85414,Texas,473739,531867,2012.0
379755,72368,461623,December,100287,90787,Texas,452123,552410,2012.0
403825,67172,454947,March,71887,87937,Texas,470997,542884,2013.0
393750,76300,450281,June,65946,85715,Texas,470050,535996,2013.0
410892,73967,461992,September,66298,89165,Texas,484859,551157,2013.0
408199,79851,472937,December,76346,91459,Texas,488050,564396,2013.0
406516,75141,467598,March,77923,91982,Texas,481657,559580,2014.0
391208,80682,484837,June,101116,88169,Texas,471890,573006,2014.0
416556,75525,485468,September,84985,91598,Texas,492081,577066,2014.0
399103,83008,522071,December,137952,97992,Texas,482111,620063,2014.0
477173,79082,459542,March,7417,104130,Texas,556255,563672,2015.0
466628,80749,487139,June,34230,94468,Texas,547377,581607,2015.0
466548,83315,493496,September,36488,92855,Texas,549863,586351,2015.0
454742,89346,506645,December,57217,94660,Texas,544088,601305,2015.0
481551,90249,436152,March,-36296,99352,Texas,571800,535504,2016.0
459312,86236,461580,June,24101,108069,Texas,545548,569649,2016.0
453606,87646,505110,September,76205,112347,Texas,541252,617457,2016.0
451103,87623,486154,December,50076,102648,Texas,538726,588802,2016.0
438476,80900,483576,March,61040,96840,Texas,519376,580416,2017.0
453039,86149,488811,June,48882,99259,Texas,539188,588070,2017.0
480360,99271,493496,September,15984,102119,Texas,579631,595615,2017.0
434454,103002,533139,December,103721,108038,Texas,537456,641177,2017.0
34750,7226,41435,September,9001,9542,Utah,41976,50977,1992.0
36184,8771,41154,December,6387,10188,Utah,44955,51342,1992.0
36576,8416,41178,March,8988,12802,Utah,44992,53980,1993.0
34444,8683,46355,June,14326,11098,Utah,43127,57453,1993.0
35287,10703,45974,September,12679,12695,Utah,45990,58669,1993.0
36485,8672,45157,December,10491,10491,Utah,45157,55648,1993.0
38832,8182,45234,March,10291,12071,Utah,47014,57305,1994.0
36486,9602,48031,June,14858,12915,Utah,46088,60946,1994.0
40062,11121,50839,September,13513,13857,Utah,51183,64696,1994.0
43245,9176,47824,December,7207,11804,Utah,52421,59628,1994.0
41904,10100,50503,March,13243,14744,Utah,52004,65247,1995.0
43252,10668,50174,June,9135,12881,Utah,53920,63055,1995.0
42143,9310,53681,September,18323,16095,Utah,51453,69776,1995.0
47138,10465,52833,December,8856,13626,Utah,57603,66459,1995.0
50690,8658,54965,March,10259,14642,Utah,59348,69607,1996.0
47516,11603,53261,June,10153,16011,Utah,59119,69272,1996.0
48868,11684,56666,September,12424,16310,Utah,60552,72976,1996.0
48808,11711,53516,December,8205,15208,Utah,60519,68724,1996.0
48237,12835,54563,March,11542,18051,Utah,61072,72614,1997.0
51103,11500,53381,June,5447,14669,Utah,62603,68050,1997.0
51514,11462,56099,September,8242,15119,Utah,62976,71218,1997.0
51606,11391,53880,December,5071,14188,Utah,62997,68068,1997.0
50782,13658,56261,March,7244,15423,Utah,64440,71684,1998.0
51622,12346,53441,June,6933,17460,Utah,63968,70901,1998.0
50879,13888,55059,September,7004,16712,Utah,64767,71771,1998.0
54980,12990,56683,December,4139,15426,Utah,67970,72109,1998.0
53377,14872,56656,March,7205,18798,Utah,68249,75454,1999.0
50642,11937,55290,June,7636,14925,Utah,62579,70215,1999.0
53882,13069,55152,September,5359,17158,Utah,66951,72310,1999.0
53411,14744,57912,December,5396,15639,Utah,68155,73551,1999.0
54161,14019,58369,March,6492,16303,Utah,68180,74672,2000.0
51859,13342,56824,June,6221,14598,Utah,65201,71422,2000.0
54671,13372,56407,September,5047,16683,Utah,68043,73090,2000.0
53789,12518,57858,December,5944,14393,Utah,66307,72251,2000.0
56085,14771,53450,March,237,17643,Utah,70856,71093,2001.0
58720,15583,53697,June,-4136,16470,Utah,74303,70167,2001.0
57947,15596,53724,September,-5522,14297,Utah,73543,68021,2001.0
61983,15614,52763,December,-10139,14695,Utah,77597,67458,2001.0
57984,13983,56623,March,-88,15256,Utah,71967,71879,2002.0
55874,14564,53092,June,-1507,15839,Utah,70438,68931,2002.0
52612,16159,51017,September,-1334,16420,Utah,68771,67437,2002.0
52127,12843,51313,December,2371,16028,Utah,64970,67341,2002.0
55903,14489,49392,March,-5562,15438,Utah,70392,64830,2003.0
49744,13435,51113,June,2835,14901,Utah,63179,66014,2003.0
49608,12350,51121,September,4593,15430,Utah,61958,66551,2003.0
47591,12754,55935,December,10296,14706,Utah,60345,70641,2003.0
51421,13364,55229,March,6572,16128,Utah,64785,71357,2004.0
48315,14984,57613,June,9851,15537,Utah,63299,73150,2004.0
53081,12213,54622,September,5573,16245,Utah,65294,70867,2004.0
49053,13361,57263,December,10546,15697,Utah,62414,72960,2004.0
50233,12947,58466,March,11460,16174,Utah,63180,74640,2005.0
50625,17171,57702,June,5197,15291,Utah,67796,72993,2005.0
49096,12157,62467,September,18016,16802,Utah,61253,79269,2005.0
54360,11115,59879,December,10043,15639,Utah,65475,75518,2005.0
52086,13325,65814,March,19487,19084,Utah,65411,84898,2006.0
51559,13283,61480,June,12737,16099,Utah,64842,77579,2006.0
55494,12925,62286,September,9647,15780,Utah,68419,78066,2006.0
52825,12151,64088,December,15546,16434,Utah,64976,80522,2006.0
52101,12344,66827,March,18463,16081,Utah,64445,82908,2007.0
57179,13715,61852,June,5945,14987,Utah,70894,76839,2007.0
60468,16130,60556,September,-2315,13727,Utah,76598,74283,2007.0
61898,14111,66231,December,6108,15886,Utah,76009,82117,2007.0
59774,14188,59611,March,-660,13691,Utah,73962,73302,2008.0
62898,15374,55909,June,-8185,14178,Utah,78272,70087,2008.0
61442,13162,53803,September,-5897,14904,Utah,74604,68707,2008.0
69543,15479,51003,December,-19705,14314,Utah,85022,65317,2008.0
70954,15653,45077,March,-29317,12213,Utah,86607,57290,2009.0
66811,15227,49109,June,-19520,13409,Utah,82038,62518,2009.0
57202,14334,49194,September,-8353,13989,Utah,71536,63183,2009.0
53990,14328,51841,December,-2433,14044,Utah,68318,65885,2009.0
52509,13664,52197,March,-1647,12329,Utah,66173,64526,2010.0
48835,12639,52348,June,4468,13594,Utah,61474,65942,2010.0
50957,13766,51981,September,1900,14642,Utah,64723,66623,2010.0
50414,13539,53651,December,5970,16272,Utah,63953,69923,2010.0
48573,13540,52036,March,2839,12916,Utah,62113,64952,2011.0
49998,11944,55248,June,7314,14008,Utah,61942,69256,2011.0
47941,11027,56920,September,11339,13387,Utah,58968,70307,2011.0
48891,12732,54426,December,6920,14117,Utah,61623,68543,2011.0
47040,12201,55268,March,9521,13494,Utah,59241,68762,2012.0
49059,10821,58212,June,12543,14211,Utah,59880,72423,2012.0
50849,11443,55212,September,6624,13704,Utah,62292,68916,2012.0
50751,11287,59331,December,12833,15540,Utah,62038,74871,2012.0
53736,11399,60903,March,7763,11995,Utah,65135,72898,2013.0
56891,10292,59397,June,5992,13778,Utah,67183,73175,2013.0
56007,10153,57916,September,5321,13565,Utah,66160,71481,2013.0
51576,12495,64085,December,13597,13583,Utah,64071,77668,2013.0
53361,10990,57561,March,5306,12096,Utah,64351,69657,2014.0
58698,12396,60702,June,4924,15316,Utah,71094,76018,2014.0
53038,11818,63654,September,11760,12962,Utah,64856,76616,2014.0
52588,11104,63088,December,14144,14748,Utah,63692,77836,2014.0
55628,10952,68366,March,15193,13407,Utah,66580,81773,2015.0
56975,12131,63459,June,8335,13982,Utah,69106,77441,2015.0
54677,13240,64484,September,10656,14089,Utah,67917,78573,2015.0
54825,13378,66301,December,13597,15499,Utah,68203,81800,2015.0
57265,11706,69730,March,15269,14510,Utah,68971,84240,2016.0
61493,12978,65715,June,4589,13345,Utah,74471,79060,2016.0
61802,15992,69215,September,8666,17245,Utah,77794,86460,2016.0
61349,14614,64232,December,3296,15027,Utah,75963,79259,2016.0
60207,12160,74614,March,19279,17032,Utah,72367,91646,2017.0
60693,13311,66671,June,7423,14756,Utah,74004,81427,2017.0
62718,13185,66526,September,6716,16093,Utah,75903,82619,2017.0
57559,12949,67523,December,14182,17167,Utah,70508,84690,2017.0
34750,7226,41435,September,9001,9542,Utah,41976,50977,1992.0
36184,8771,41154,December,6387,10188,Utah,44955,51342,1992.0
36576,8416,41178,March,8988,12802,Utah,44992,53980,1993.0
34444,8683,46355,June,14326,11098,Utah,43127,57453,1993.0
35287,10703,45974,September,12679,12695,Utah,45990,58669,1993.0
36485,8672,45157,December,10491,10491,Utah,45157,55648,1993.0
38832,8182,45234,March,10291,12071,Utah,47014,57305,1994.0
36486,9602,48031,June,14858,12915,Utah,46088,60946,1994.0
40062,11121,50839,September,13513,13857,Utah,51183,64696,1994.0
43245,9176,47824,December,7207,11804,Utah,52421,59628,1994.0
41904,10100,50503,March,13243,14744,Utah,52004,65247,1995.0
43252,10668,50174,June,9135,12881,Utah,53920,63055,1995.0
42143,9310,53681,September,18323,16095,Utah,51453,69776,1995.0
47138,10465,52833,December,8856,13626,Utah,57603,66459,1995.0
50690,8658,54965,March,10259,14642,Utah,59348,69607,1996.0
47516,11603,53261,June,10153,16011,Utah,59119,69272,1996.0
48868,11684,56666,September,12424,16310,Utah,60552,72976,1996.0
48808,11711,53516,December,8205,15208,Utah,60519,68724,1996.0
48237,12835,54563,March,11542,18051,Utah,61072,72614,1997.0
51103,11500,53381,June,5447,14669,Utah,62603,68050,1997.0
51514,11462,56099,September,8242,15119,Utah,62976,71218,1997.0
51606,11391,53880,December,5071,14188,Utah,62997,68068,1997.0
50782,13658,56261,March,7244,15423,Utah,64440,71684,1998.0
51622,12346,53441,June,6933,17460,Utah,63968,70901,1998.0
50879,13888,55059,September,7004,16712,Utah,64767,71771,1998.0
54980,12990,56683,December,4139,15426,Utah,67970,72109,1998.0
53377,14872,56656,March,7205,18798,Utah,68249,75454,1999.0
50642,11937,55290,June,7636,14925,Utah,62579,70215,1999.0
53882,13069,55152,September,5359,17158,Utah,66951,72310,1999.0
53411,14744,57912,December,5396,15639,Utah,68155,73551,1999.0
54161,14019,58369,March,6492,16303,Utah,68180,74672,2000.0
51859,13342,56824,June,6221,14598,Utah,65201,71422,2000.0
54671,13372,56407,September,5047,16683,Utah,68043,73090,2000.0
53789,12518,57858,December,5944,14393,Utah,66307,72251,2000.0
56085,14771,53450,March,237,17643,Utah,70856,71093,2001.0
58720,15583,53697,June,-4136,16470,Utah,74303,70167,2001.0
57947,15596,53724,September,-5522,14297,Utah,73543,68021,2001.0
61983,15614,52763,December,-10139,14695,Utah,77597,67458,2001.0
57984,13983,56623,March,-88,15256,Utah,71967,71879,2002.0
55874,14564,53092,June,-1507,15839,Utah,70438,68931,2002.0
52612,16159,51017,September,-1334,16420,Utah,68771,67437,2002.0
52127,12843,51313,December,2371,16028,Utah,64970,67341,2002.0
55903,14489,49392,March,-5562,15438,Utah,70392,64830,2003.0
49744,13435,51113,June,2835,14901,Utah,63179,66014,2003.0
49608,12350,51121,September,4593,15430,Utah,61958,66551,2003.0
47591,12754,55935,December,10296,14706,Utah,60345,70641,2003.0
51421,13364,55229,March,6572,16128,Utah,64785,71357,2004.0
48315,14984,57613,June,9851,15537,Utah,63299,73150,2004.0
53081,12213,54622,September,5573,16245,Utah,65294,70867,2004.0
49053,13361,57263,December,10546,15697,Utah,62414,72960,2004.0
50233,12947,58466,March,11460,16174,Utah,63180,74640,2005.0
50625,17171,57702,June,5197,15291,Utah,67796,72993,2005.0
49096,12157,62467,September,18016,16802,Utah,61253,79269,2005.0
54360,11115,59879,December,10043,15639,Utah,65475,75518,2005.0
52086,13325,65814,March,19487,19084,Utah,65411,84898,2006.0
51559,13283,61480,June,12737,16099,Utah,64842,77579,2006.0
55494,12925,62286,September,9647,15780,Utah,68419,78066,2006.0
52825,12151,64088,December,15546,16434,Utah,64976,80522,2006.0
52101,12344,66827,March,18463,16081,Utah,64445,82908,2007.0
57179,13715,61852,June,5945,14987,Utah,70894,76839,2007.0
60468,16130,60556,September,-2315,13727,Utah,76598,74283,2007.0
61898,14111,66231,December,6108,15886,Utah,76009,82117,2007.0
59774,14188,59611,March,-660,13691,Utah,73962,73302,2008.0
62898,15374,55909,June,-8185,14178,Utah,78272,70087,2008.0
61442,13162,53803,September,-5897,14904,Utah,74604,68707,2008.0
69543,15479,51003,December,-19705,14314,Utah,85022,65317,2008.0
70954,15653,45077,March,-29317,12213,Utah,86607,57290,2009.0
66811,15227,49109,June,-19520,13409,Utah,82038,62518,2009.0
57202,14334,49194,September,-8353,13989,Utah,71536,63183,2009.0
53990,14328,51841,December,-2433,14044,Utah,68318,65885,2009.0
52509,13664,52197,March,-1647,12329,Utah,66173,64526,2010.0
48835,12639,52348,June,4468,13594,Utah,61474,65942,2010.0
50957,13766,51981,September,1900,14642,Utah,64723,66623,2010.0
50414,13539,53651,December,5970,16272,Utah,63953,69923,2010.0
48573,13540,52036,March,2839,12916,Utah,62113,64952,2011.0
49998,11944,55248,June,7314,14008,Utah,61942,69256,2011.0
47941,11027,56920,September,11339,13387,Utah,58968,70307,2011.0
48891,12732,54426,December,6920,14117,Utah,61623,68543,2011.0
47040,12201,55268,March,9521,13494,Utah,59241,68762,2012.0
49059,10821,58212,June,12543,14211,Utah,59880,72423,2012.0
50849,11443,55212,September,6624,13704,Utah,62292,68916,2012.0
50751,11287,59331,December,12833,15540,Utah,62038,74871,2012.0
53736,11399,60903,March,7763,11995,Utah,65135,72898,2013.0
56891,10292,59397,June,5992,13778,Utah,67183,73175,2013.0
56007,10153,57916,September,5321,13565,Utah,66160,71481,2013.0
51576,12495,64085,December,13597,13583,Utah,64071,77668,2013.0
53361,10990,57561,March,5306,12096,Utah,64351,69657,2014.0
58698,12396,60702,June,4924,15316,Utah,71094,76018,2014.0
53038,11818,63654,September,11760,12962,Utah,64856,76616,2014.0
52588,11104,63088,December,14144,14748,Utah,63692,77836,2014.0
55628,10952,68366,March,15193,13407,Utah,66580,81773,2015.0
56975,12131,63459,June,8335,13982,Utah,69106,77441,2015.0
54677,13240,64484,September,10656,14089,Utah,67917,78573,2015.0
54825,13378,66301,December,13597,15499,Utah,68203,81800,2015.0
57265,11706,69730,March,15269,14510,Utah,68971,84240,2016.0
61493,12978,65715,June,4589,13345,Utah,74471,79060,2016.0
61802,15992,69215,September,8666,17245,Utah,77794,86460,2016.0
61349,14614,64232,December,3296,15027,Utah,75963,79259,2016.0
60207,12160,74614,March,19279,17032,Utah,72367,91646,2017.0
60693,13311,66671,June,7423,14756,Utah,74004,81427,2017.0
62718,13185,66526,September,6716,16093,Utah,75903,82619,2017.0
57559,12949,67523,December,14182,17167,Utah,70508,84690,2017.0
11767,3674,16443,September,5677,4675,Vermont,15441,21118,1992.0
14670,2931,12505,December,-1330,3766,Vermont,17601,16271,1992.0
13537,3327,15060,March,2525,4329,Vermont,16864,19389,1993.0
14648,2708,14468,June,936,3824,Vermont,17356,18292,1993.0
12356,3068,17264,September,5786,3946,Vermont,15424,21210,1993.0
15144,2991,13495,December,-1731,2909,Vermont,18135,16404,1993.0
13183,3208,16800,March,4370,3961,Vermont,16391,20761,1994.0
15126,3725,14740,June,-394,3717,Vermont,18851,18457,1994.0
13062,2873,17160,September,4717,3492,Vermont,15935,20652,1994.0
15158,3041,14251,December,-40,3908,Vermont,18199,18159,1994.0
14206,3148,18588,March,4695,3461,Vermont,17354,22049,1995.0
17163,3178,14991,June,-1635,3715,Vermont,20341,18706,1995.0
13755,3352,17502,September,4279,3884,Vermont,17107,21386,1995.0
16116,3077,13679,December,-1635,3879,Vermont,19193,17558,1995.0
14800,3174,16397,March,2128,3705,Vermont,17974,20102,1996.0
15080,2852,15321,June,997,3608,Vermont,17932,18929,1996.0
14898,3023,17543,September,2803,3181,Vermont,17921,20724,1996.0
16653,3057,14161,December,-1902,3647,Vermont,19710,17808,1996.0
15655,3258,15931,March,1120,4102,Vermont,18913,20033,1997.0
14632,3073,15713,June,1630,3622,Vermont,17705,19335,1997.0
15737,3148,17793,September,2529,3621,Vermont,18885,21414,1997.0
15740,2892,15309,December,-87,3236,Vermont,18632,18545,1997.0
14297,3550,16947,March,3204,4104,Vermont,17847,21051,1998.0
15104,3248,16082,June,1030,3300,Vermont,18352,19382,1998.0
14750,2950,17107,September,2145,2738,Vermont,17700,19845,1998.0
15644,3184,15095,December,-1126,2607,Vermont,18828,17702,1998.0
15336,2869,18634,March,5276,4847,Vermont,18205,23481,1999.0
16123,2667,15973,June,698,3515,Vermont,18790,19488,1999.0
16206,2429,16715,September,1020,2940,Vermont,18635,19655,1999.0
15362,2649,16419,December,2422,4014,Vermont,18011,20433,1999.0
17280,3113,20167,March,3654,3880,Vermont,20393,24047,2000.0
15860,2650,16904,June,1600,3206,Vermont,18510,20110,2000.0
17054,2502,16456,September,168,3268,Vermont,19556,19724,2000.0
15554,2765,17098,December,1939,3160,Vermont,18319,20258,2000.0
16218,3473,17129,March,110,2672,Vermont,19691,19801,2001.0
17204,3049,15511,June,-2191,2551,Vermont,20253,18062,2001.0
17521,3453,15134,September,-2218,3622,Vermont,20974,18756,2001.0
16528,2681,14079,December,-1060,4070,Vermont,19209,18149,2001.0
16183,3272,18398,March,3543,4600,Vermont,19455,22998,2002.0
16348,2609,15212,June,-358,3387,Vermont,18957,18599,2002.0
17378,3235,15432,September,-1925,3256,Vermont,20613,18688,2002.0
15993,3678,15299,December,-1165,3207,Vermont,19671,18506,2002.0
15453,2993,15129,March,-96,3221,Vermont,18446,18350,2003.0
15053,3910,15688,June,93,3368,Vermont,18963,19056,2003.0
15332,2477,14822,September,-138,2849,Vermont,17809,17671,2003.0
14752,3059,15481,December,1241,3571,Vermont,17811,19052,2003.0
15489,3190,16699,March,2106,4086,Vermont,18679,20785,2004.0
14320,3264,16630,June,2238,3192,Vermont,17584,19822,2004.0
16345,2651,14903,September,-692,3401,Vermont,18996,18304,2004.0
15680,5291,16311,December,-850,3810,Vermont,20971,20121,2004.0
15780,3010,16050,March,566,3306,Vermont,18790,19356,2005.0
15292,2851,15391,June,306,3058,Vermont,18143,18449,2005.0
16306,2909,15049,September,-1100,3066,Vermont,19215,18115,2005.0
14593,2725,16012,December,1946,3252,Vermont,17318,19264,2005.0
15552,2747,15003,March,214,3510,Vermont,18299,18513,2006.0
14878,3065,15961,June,1104,3086,Vermont,17943,19047,2006.0
16436,3105,13618,September,-3044,2879,Vermont,19541,16497,2006.0
14410,4084,15303,December,-199,2992,Vermont,18494,18295,2006.0
15641,2792,15330,March,394,3497,Vermont,18433,18827,2007.0
15546,3619,15784,June,-298,3083,Vermont,19165,18867,2007.0
16093,4333,14388,September,-1469,4569,Vermont,20426,18957,2007.0
15204,3359,15967,December,1087,3683,Vermont,18563,19650,2007.0
15999,3294,14906,March,-847,3540,Vermont,19293,18446,2008.0
15208,3185,14951,June,-268,3174,Vermont,18393,18125,2008.0
15583,3778,14359,September,-2201,2801,Vermont,19361,17160,2008.0
16807,3433,14744,December,-2642,2854,Vermont,20240,17598,2008.0
17972,3757,12744,March,-5687,3298,Vermont,21729,16042,2009.0
16481,3720,14158,June,-2656,3387,Vermont,20201,17545,2009.0
13598,3866,13760,September,-654,3050,Vermont,17464,16810,2009.0
14735,3285,15418,December,1097,3699,Vermont,18020,19117,2009.0
14444,3206,13270,March,-1068,3312,Vermont,17650,16582,2010.0
15981,2718,14624,June,-383,3692,Vermont,18699,18316,2010.0
13350,3224,15972,September,2239,2841,Vermont,16574,18813,2010.0
13595,3281,15539,December,1886,3223,Vermont,16876,18762,2010.0
14251,2838,13481,March,-831,2777,Vermont,17089,16258,2011.0
14232,3976,15309,June,241,3140,Vermont,18208,18449,2011.0
13767,4818,14988,September,374,3971,Vermont,18585,18959,2011.0
13487,3033,15573,December,3531,4478,Vermont,16520,20051,2011.0
14344,3009,15009,March,831,3175,Vermont,17353,18184,2012.0
14126,3398,14768,June,589,3345,Vermont,17524,18113,2012.0
14156,2995,13599,September,35,3587,Vermont,17151,17186,2012.0
14261,3387,15595,December,1023,3076,Vermont,17648,18671,2012.0
14114,2891,14388,March,616,3233,Vermont,17005,17621,2013.0
16078,3220,14763,June,-1067,3468,Vermont,19298,18231,2013.0
14824,3362,14059,September,-564,3563,Vermont,18186,17622,2013.0
13632,3067,15552,December,2149,3296,Vermont,16699,18848,2013.0
14285,2849,14010,March,63,3187,Vermont,17134,17197,2014.0
14177,3144,14995,June,1064,3390,Vermont,17321,18385,2014.0
15262,2966,14079,September,-890,3259,Vermont,18228,17338,2014.0
14128,2894,15864,December,1931,3089,Vermont,17022,18953,2014.0
13979,3150,14369,March,586,3346,Vermont,17129,17715,2015.0
14300,3270,15556,June,1034,3048,Vermont,17570,18604,2015.0
15379,3940,13836,September,-1674,3809,Vermont,19319,17645,2015.0
13317,3386,15200,December,1438,2941,Vermont,16703,18141,2015.0
14617,3125,13826,March,-683,3233,Vermont,17742,17059,2016.0
14723,3512,15474,June,544,3305,Vermont,18235,18779,2016.0
15491,3304,14164,September,-441,4190,Vermont,18795,18354,2016.0
14412,3224,14905,December,362,3093,Vermont,17636,17998,2016.0
14214,3044,13464,March,-431,3363,Vermont,17258,16827,2017.0
14106,3324,16603,June,2654,3481,Vermont,17430,20084,2017.0
16624,3456,14007,September,-3014,3059,Vermont,20080,17066,2017.0
13386,3159,15201,December,2106,3450,Vermont,16545,18651,2017.0
11767,3674,16443,September,5677,4675,Vermont,15441,21118,1992.0
14670,2931,12505,December,-1330,3766,Vermont,17601,16271,1992.0
13537,3327,15060,March,2525,4329,Vermont,16864,19389,1993.0
14648,2708,14468,June,936,3824,Vermont,17356,18292,1993.0
12356,3068,17264,September,5786,3946,Vermont,15424,21210,1993.0
15144,2991,13495,December,-1731,2909,Vermont,18135,16404,1993.0
13183,3208,16800,March,4370,3961,Vermont,16391,20761,1994.0
15126,3725,14740,June,-394,3717,Vermont,18851,18457,1994.0
13062,2873,17160,September,4717,3492,Vermont,15935,20652,1994.0
15158,3041,14251,December,-40,3908,Vermont,18199,18159,1994.0
14206,3148,18588,March,4695,3461,Vermont,17354,22049,1995.0
17163,3178,14991,June,-1635,3715,Vermont,20341,18706,1995.0
13755,3352,17502,September,4279,3884,Vermont,17107,21386,1995.0
16116,3077,13679,December,-1635,3879,Vermont,19193,17558,1995.0
14800,3174,16397,March,2128,3705,Vermont,17974,20102,1996.0
15080,2852,15321,June,997,3608,Vermont,17932,18929,1996.0
14898,3023,17543,September,2803,3181,Vermont,17921,20724,1996.0
16653,3057,14161,December,-1902,3647,Vermont,19710,17808,1996.0
15655,3258,15931,March,1120,4102,Vermont,18913,20033,1997.0
14632,3073,15713,June,1630,3622,Vermont,17705,19335,1997.0
15737,3148,17793,September,2529,3621,Vermont,18885,21414,1997.0
15740,2892,15309,December,-87,3236,Vermont,18632,18545,1997.0
14297,3550,16947,March,3204,4104,Vermont,17847,21051,1998.0
15104,3248,16082,June,1030,3300,Vermont,18352,19382,1998.0
14750,2950,17107,September,2145,2738,Vermont,17700,19845,1998.0
15644,3184,15095,December,-1126,2607,Vermont,18828,17702,1998.0
15336,2869,18634,March,5276,4847,Vermont,18205,23481,1999.0
16123,2667,15973,June,698,3515,Vermont,18790,19488,1999.0
16206,2429,16715,September,1020,2940,Vermont,18635,19655,1999.0
15362,2649,16419,December,2422,4014,Vermont,18011,20433,1999.0
17280,3113,20167,March,3654,3880,Vermont,20393,24047,2000.0
15860,2650,16904,June,1600,3206,Vermont,18510,20110,2000.0
17054,2502,16456,September,168,3268,Vermont,19556,19724,2000.0
15554,2765,17098,December,1939,3160,Vermont,18319,20258,2000.0
16218,3473,17129,March,110,2672,Vermont,19691,19801,2001.0
17204,3049,15511,June,-2191,2551,Vermont,20253,18062,2001.0
17521,3453,15134,September,-2218,3622,Vermont,20974,18756,2001.0
16528,2681,14079,December,-1060,4070,Vermont,19209,18149,2001.0
16183,3272,18398,March,3543,4600,Vermont,19455,22998,2002.0
16348,2609,15212,June,-358,3387,Vermont,18957,18599,2002.0
17378,3235,15432,September,-1925,3256,Vermont,20613,18688,2002.0
15993,3678,15299,December,-1165,3207,Vermont,19671,18506,2002.0
15453,2993,15129,March,-96,3221,Vermont,18446,18350,2003.0
15053,3910,15688,June,93,3368,Vermont,18963,19056,2003.0
15332,2477,14822,September,-138,2849,Vermont,17809,17671,2003.0
14752,3059,15481,December,1241,3571,Vermont,17811,19052,2003.0
15489,3190,16699,March,2106,4086,Vermont,18679,20785,2004.0
14320,3264,16630,June,2238,3192,Vermont,17584,19822,2004.0
16345,2651,14903,September,-692,3401,Vermont,18996,18304,2004.0
15680,5291,16311,December,-850,3810,Vermont,20971,20121,2004.0
15780,3010,16050,March,566,3306,Vermont,18790,19356,2005.0
15292,2851,15391,June,306,3058,Vermont,18143,18449,2005.0
16306,2909,15049,September,-1100,3066,Vermont,19215,18115,2005.0
14593,2725,16012,December,1946,3252,Vermont,17318,19264,2005.0
15552,2747,15003,March,214,3510,Vermont,18299,18513,2006.0
14878,3065,15961,June,1104,3086,Vermont,17943,19047,2006.0
16436,3105,13618,September,-3044,2879,Vermont,19541,16497,2006.0
14410,4084,15303,December,-199,2992,Vermont,18494,18295,2006.0
15641,2792,15330,March,394,3497,Vermont,18433,18827,2007.0
15546,3619,15784,June,-298,3083,Vermont,19165,18867,2007.0
16093,4333,14388,September,-1469,4569,Vermont,20426,18957,2007.0
15204,3359,15967,December,1087,3683,Vermont,18563,19650,2007.0
15999,3294,14906,March,-847,3540,Vermont,19293,18446,2008.0
15208,3185,14951,June,-268,3174,Vermont,18393,18125,2008.0
15583,3778,14359,September,-2201,2801,Vermont,19361,17160,2008.0
16807,3433,14744,December,-2642,2854,Vermont,20240,17598,2008.0
17972,3757,12744,March,-5687,3298,Vermont,21729,16042,2009.0
16481,3720,14158,June,-2656,3387,Vermont,20201,17545,2009.0
13598,3866,13760,September,-654,3050,Vermont,17464,16810,2009.0
14735,3285,15418,December,1097,3699,Vermont,18020,19117,2009.0
14444,3206,13270,March,-1068,3312,Vermont,17650,16582,2010.0
15981,2718,14624,June,-383,3692,Vermont,18699,18316,2010.0
13350,3224,15972,September,2239,2841,Vermont,16574,18813,2010.0
13595,3281,15539,December,1886,3223,Vermont,16876,18762,2010.0
14251,2838,13481,March,-831,2777,Vermont,17089,16258,2011.0
14232,3976,15309,June,241,3140,Vermont,18208,18449,2011.0
13767,4818,14988,September,374,3971,Vermont,18585,18959,2011.0
13487,3033,15573,December,3531,4478,Vermont,16520,20051,2011.0
14344,3009,15009,March,831,3175,Vermont,17353,18184,2012.0
14126,3398,14768,June,589,3345,Vermont,17524,18113,2012.0
14156,2995,13599,September,35,3587,Vermont,17151,17186,2012.0
14261,3387,15595,December,1023,3076,Vermont,17648,18671,2012.0
14114,2891,14388,March,616,3233,Vermont,17005,17621,2013.0
16078,3220,14763,June,-1067,3468,Vermont,19298,18231,2013.0
14824,3362,14059,September,-564,3563,Vermont,18186,17622,2013.0
13632,3067,15552,December,2149,3296,Vermont,16699,18848,2013.0
14285,2849,14010,March,63,3187,Vermont,17134,17197,2014.0
14177,3144,14995,June,1064,3390,Vermont,17321,18385,2014.0
15262,2966,14079,September,-890,3259,Vermont,18228,17338,2014.0
14128,2894,15864,December,1931,3089,Vermont,17022,18953,2014.0
13979,3150,14369,March,586,3346,Vermont,17129,17715,2015.0
14300,3270,15556,June,1034,3048,Vermont,17570,18604,2015.0
15379,3940,13836,September,-1674,3809,Vermont,19319,17645,2015.0
13317,3386,15200,December,1438,2941,Vermont,16703,18141,2015.0
14617,3125,13826,March,-683,3233,Vermont,17742,17059,2016.0
14723,3512,15474,June,544,3305,Vermont,18235,18779,2016.0
15491,3304,14164,September,-441,4190,Vermont,18795,18354,2016.0
14412,3224,14905,December,362,3093,Vermont,17636,17998,2016.0
14214,3044,13464,March,-431,3363,Vermont,17258,16827,2017.0
14106,3324,16603,June,2654,3481,Vermont,17430,20084,2017.0
16624,3456,14007,September,-3014,3059,Vermont,20080,17066,2017.0
13386,3159,15201,December,2106,3450,Vermont,16545,18651,2017.0
1696,776,2419,September,1434,1487,Virgin Islands,2472,3906,1992.0
1814,532,2565,December,1267,1048,Virgin Islands,2346,3613,1992.0
1657,511,3171,March,1735,732,Virgin Islands,2168,3903,1993.0
1859,1149,2280,June,1285,2013,Virgin Islands,3008,4293,1993.0
3789,519,3241,September,-292,775,Virgin Islands,4308,4016,1993.0
5375,2091,1636,December,-4365,1465,Virgin Islands,7466,3101,1993.0
2774,681,1873,March,-919,663,Virgin Islands,3455,2536,1994.0
2261,626,1980,June,-98,809,Virgin Islands,2887,2789,1994.0
1800,624,1939,September,42,527,Virgin Islands,2424,2466,1994.0
2031,476,1474,December,-417,616,Virgin Islands,2507,2090,1994.0
1981,712,1564,March,-593,536,Virgin Islands,2693,2100,1995.0
2166,1041,1663,June,-386,1158,Virgin Islands,3207,2821,1995.0
1847,1182,1448,September,-386,1195,Virgin Islands,3029,2643,1995.0
5289,1152,1750,December,-3507,1184,Virgin Islands,6441,2934,1995.0
2015,1183,2482,March,44,760,Virgin Islands,3198,3242,1996.0
1832,577,2417,June,837,829,Virgin Islands,2409,3246,1996.0
2339,534,2224,September,701,1350,Virgin Islands,2873,3574,1996.0
1992,971,2510,December,43,496,Virgin Islands,2963,3006,1996.0
2472,1238,1678,March,-744,1288,Virgin Islands,3710,2966,1997.0
1612,711,1698,June,635,1260,Virgin Islands,2323,2958,1997.0
1847,503,1702,September,175,823,Virgin Islands,2350,2525,1997.0
1781,1326,1960,December,-319,828,Virgin Islands,3107,2788,1997.0
1888,1025,1868,March,-248,797,Virgin Islands,2913,2665,1998.0
1637,649,1867,June,173,592,Virgin Islands,2286,2459,1998.0
1633,549,1558,September,-28,596,Virgin Islands,2182,2154,1998.0
1678,1036,1653,December,-589,472,Virgin Islands,2714,2125,1998.0
1550,489,1801,March,644,882,Virgin Islands,2039,2683,1999.0
1743,677,1583,June,-409,428,Virgin Islands,2420,2011,1999.0
1519,743,1536,September,-292,434,Virgin Islands,2262,1970,1999.0
1978,517,1961,December,-24,510,Virgin Islands,2495,2471,1999.0
1743,1260,1711,March,-903,389,Virgin Islands,3003,2100,2000.0
1409,572,2995,June,2835,1821,Virgin Islands,1981,4816,2000.0
1678,691,2299,September,745,815,Virgin Islands,2369,3114,2000.0
1927,485,2628,December,838,622,Virgin Islands,2412,3250,2000.0
2096,225,2200,March,907,1028,Virgin Islands,2321,3228,2001.0
1635,335,2448,June,915,437,Virgin Islands,1970,2885,2001.0
2906,429,1655,September,-1206,474,Virgin Islands,3335,2129,2001.0
2279,511,1545,December,-667,578,Virgin Islands,2790,2123,2001.0
2042,439,1742,March,2,741,Virgin Islands,2481,2483,2002.0
2552,570,2222,June,-528,372,Virgin Islands,3122,2594,2002.0
2710,542,1976,September,-877,399,Virgin Islands,3252,2375,2002.0
2241,627,2183,December,-118,567,Virgin Islands,2868,2750,2002.0
2320,594,1524,March,-844,546,Virgin Islands,2914,2070,2003.0
1659,341,1567,June,-26,407,Virgin Islands,2000,1974,2003.0
1339,577,1673,September,113,356,Virgin Islands,1916,2029,2003.0
1415,369,1542,December,430,672,Virgin Islands,1784,2214,2003.0
1809,414,1570,March,133,786,Virgin Islands,2223,2356,2004.0
1602,384,1638,June,266,614,Virgin Islands,1986,2252,2004.0
1363,451,1913,September,951,852,Virgin Islands,1814,2765,2004.0
1650,556,1859,December,-52,295,Virgin Islands,2206,2154,2004.0
1787,420,1932,March,360,635,Virgin Islands,2207,2567,2005.0
1767,535,1819,June,54,537,Virgin Islands,2302,2356,2005.0
1511,298,2223,September,959,545,Virgin Islands,1809,2768,2005.0
1939,264,1834,December,86,455,Virgin Islands,2203,2289,2005.0
1456,554,1913,March,613,710,Virgin Islands,2010,2623,2006.0
1817,428,1984,June,52,313,Virgin Islands,2245,2297,2006.0
1814,985,1922,September,-336,541,Virgin Islands,2799,2463,2006.0
1699,238,1560,December,441,818,Virgin Islands,1937,2378,2006.0
2012,407,1742,March,-115,562,Virgin Islands,2419,2304,2007.0
1957,421,3269,June,1407,516,Virgin Islands,2378,3785,2007.0
3043,408,1728,September,-1054,669,Virgin Islands,3451,2397,2007.0
1813,372,1605,December,-29,551,Virgin Islands,2185,2156,2007.0
1651,534,1866,March,120,439,Virgin Islands,2185,2305,2008.0
2027,448,1735,June,-200,540,Virgin Islands,2475,2275,2008.0
1869,386,1662,September,-117,476,Virgin Islands,2255,2138,2008.0
2012,393,1426,December,-456,523,Virgin Islands,2405,1949,2008.0
2242,571,1345,March,-1059,409,Virgin Islands,2813,1754,2009.0
2089,500,1312,June,-831,446,Virgin Islands,2589,1758,2009.0
1734,456,1423,September,-218,549,Virgin Islands,2190,1972,2009.0
1373,540,1884,December,417,446,Virgin Islands,1913,2330,2009.0
1548,375,2358,March,821,386,Virgin Islands,1923,2744,2010.0
2333,394,1712,June,-573,442,Virgin Islands,2727,2154,2010.0
1327,473,1947,September,672,525,Virgin Islands,1800,2472,2010.0
1529,303,1867,December,546,511,Virgin Islands,1832,2378,2010.0
1742,331,1802,March,139,410,Virgin Islands,2073,2212,2011.0
2073,455,1497,June,-644,387,Virgin Islands,2528,1884,2011.0
1886,319,1476,September,-355,374,Virgin Islands,2205,1850,2011.0
1545,390,1545,December,-56,334,Virgin Islands,1935,1879,2011.0
1676,413,1388,March,-406,295,Virgin Islands,2089,1683,2012.0
3560,492,1159,June,-2165,728,Virgin Islands,4052,1887,2012.0
1708,423,1103,September,-605,423,Virgin Islands,2131,1526,2012.0
1250,382,1619,December,347,360,Virgin Islands,1632,1979,2012.0
1500,342,1242,March,-181,419,Virgin Islands,1842,1661,2013.0
1496,370,1052,June,-509,305,Virgin Islands,1866,1357,2013.0
1460,336,1308,September,-215,273,Virgin Islands,1796,1581,2013.0
1313,375,1204,December,-204,280,Virgin Islands,1688,1484,2013.0
1317,344,1047,March,-279,335,Virgin Islands,1661,1382,2014.0
1266,448,1204,June,-58,452,Virgin Islands,1714,1656,2014.0
1213,282,1408,September,291,378,Virgin Islands,1495,1786,2014.0
1294,236,1297,December,175,408,Virgin Islands,1530,1705,2014.0
1282,308,1180,March,-14,396,Virgin Islands,1590,1576,2015.0
1289,556,1499,June,-75,271,Virgin Islands,1845,1770,2015.0
1539,441,1233,September,-337,410,Virgin Islands,1980,1643,2015.0
1143,302,1498,December,521,468,Virgin Islands,1445,1966,2015.0
1258,319,1367,March,74,284,Virgin Islands,1577,1651,2016.0
1303,283,1453,June,206,339,Virgin Islands,1586,1792,2016.0
1481,375,1356,September,-134,366,Virgin Islands,1856,1722,2016.0
1302,363,1289,December,-21,355,Virgin Islands,1665,1644,2016.0
1236,261,1241,March,-34,222,Virgin Islands,1497,1463,2017.0
1128,157,1435,June,422,272,Virgin Islands,1285,1707,2017.0
1360,906,974,September,-1134,158,Virgin Islands,2266,1132,2017.0
4667,1251,1369,December,-3863,686,Virgin Islands,5918,2055,2017.0
1696,776,2419,September,1434,1487,Virgin Islands,2472,3906,1992.0
1814,532,2565,December,1267,1048,Virgin Islands,2346,3613,1992.0
1657,511,3171,March,1735,732,Virgin Islands,2168,3903,1993.0
1859,1149,2280,June,1285,2013,Virgin Islands,3008,4293,1993.0
3789,519,3241,September,-292,775,Virgin Islands,4308,4016,1993.0
5375,2091,1636,December,-4365,1465,Virgin Islands,7466,3101,1993.0
2774,681,1873,March,-919,663,Virgin Islands,3455,2536,1994.0
2261,626,1980,June,-98,809,Virgin Islands,2887,2789,1994.0
1800,624,1939,September,42,527,Virgin Islands,2424,2466,1994.0
2031,476,1474,December,-417,616,Virgin Islands,2507,2090,1994.0
1981,712,1564,March,-593,536,Virgin Islands,2693,2100,1995.0
2166,1041,1663,June,-386,1158,Virgin Islands,3207,2821,1995.0
1847,1182,1448,September,-386,1195,Virgin Islands,3029,2643,1995.0
5289,1152,1750,December,-3507,1184,Virgin Islands,6441,2934,1995.0
2015,1183,2482,March,44,760,Virgin Islands,3198,3242,1996.0
1832,577,2417,June,837,829,Virgin Islands,2409,3246,1996.0
2339,534,2224,September,701,1350,Virgin Islands,2873,3574,1996.0
1992,971,2510,December,43,496,Virgin Islands,2963,3006,1996.0
2472,1238,1678,March,-744,1288,Virgin Islands,3710,2966,1997.0
1612,711,1698,June,635,1260,Virgin Islands,2323,2958,1997.0
1847,503,1702,September,175,823,Virgin Islands,2350,2525,1997.0
1781,1326,1960,December,-319,828,Virgin Islands,3107,2788,1997.0
1888,1025,1868,March,-248,797,Virgin Islands,2913,2665,1998.0
1637,649,1867,June,173,592,Virgin Islands,2286,2459,1998.0
1633,549,1558,September,-28,596,Virgin Islands,2182,2154,1998.0
1678,1036,1653,December,-589,472,Virgin Islands,2714,2125,1998.0
1550,489,1801,March,644,882,Virgin Islands,2039,2683,1999.0
1743,677,1583,June,-409,428,Virgin Islands,2420,2011,1999.0
1519,743,1536,September,-292,434,Virgin Islands,2262,1970,1999.0
1978,517,1961,December,-24,510,Virgin Islands,2495,2471,1999.0
1743,1260,1711,March,-903,389,Virgin Islands,3003,2100,2000.0
1409,572,2995,June,2835,1821,Virgin Islands,1981,4816,2000.0
1678,691,2299,September,745,815,Virgin Islands,2369,3114,2000.0
1927,485,2628,December,838,622,Virgin Islands,2412,3250,2000.0
2096,225,2200,March,907,1028,Virgin Islands,2321,3228,2001.0
1635,335,2448,June,915,437,Virgin Islands,1970,2885,2001.0
2906,429,1655,September,-1206,474,Virgin Islands,3335,2129,2001.0
2279,511,1545,December,-667,578,Virgin Islands,2790,2123,2001.0
2042,439,1742,March,2,741,Virgin Islands,2481,2483,2002.0
2552,570,2222,June,-528,372,Virgin Islands,3122,2594,2002.0
2710,542,1976,September,-877,399,Virgin Islands,3252,2375,2002.0
2241,627,2183,December,-118,567,Virgin Islands,2868,2750,2002.0
2320,594,1524,March,-844,546,Virgin Islands,2914,2070,2003.0
1659,341,1567,June,-26,407,Virgin Islands,2000,1974,2003.0
1339,577,1673,September,113,356,Virgin Islands,1916,2029,2003.0
1415,369,1542,December,430,672,Virgin Islands,1784,2214,2003.0
1809,414,1570,March,133,786,Virgin Islands,2223,2356,2004.0
1602,384,1638,June,266,614,Virgin Islands,1986,2252,2004.0
1363,451,1913,September,951,852,Virgin Islands,1814,2765,2004.0
1650,556,1859,December,-52,295,Virgin Islands,2206,2154,2004.0
1787,420,1932,March,360,635,Virgin Islands,2207,2567,2005.0
1767,535,1819,June,54,537,Virgin Islands,2302,2356,2005.0
1511,298,2223,September,959,545,Virgin Islands,1809,2768,2005.0
1939,264,1834,December,86,455,Virgin Islands,2203,2289,2005.0
1456,554,1913,March,613,710,Virgin Islands,2010,2623,2006.0
1817,428,1984,June,52,313,Virgin Islands,2245,2297,2006.0
1814,985,1922,September,-336,541,Virgin Islands,2799,2463,2006.0
1699,238,1560,December,441,818,Virgin Islands,1937,2378,2006.0
2012,407,1742,March,-115,562,Virgin Islands,2419,2304,2007.0
1957,421,3269,June,1407,516,Virgin Islands,2378,3785,2007.0
3043,408,1728,September,-1054,669,Virgin Islands,3451,2397,2007.0
1813,372,1605,December,-29,551,Virgin Islands,2185,2156,2007.0
1651,534,1866,March,120,439,Virgin Islands,2185,2305,2008.0
2027,448,1735,June,-200,540,Virgin Islands,2475,2275,2008.0
1869,386,1662,September,-117,476,Virgin Islands,2255,2138,2008.0
2012,393,1426,December,-456,523,Virgin Islands,2405,1949,2008.0
2242,571,1345,March,-1059,409,Virgin Islands,2813,1754,2009.0
2089,500,1312,June,-831,446,Virgin Islands,2589,1758,2009.0
1734,456,1423,September,-218,549,Virgin Islands,2190,1972,2009.0
1373,540,1884,December,417,446,Virgin Islands,1913,2330,2009.0
1548,375,2358,March,821,386,Virgin Islands,1923,2744,2010.0
2333,394,1712,June,-573,442,Virgin Islands,2727,2154,2010.0
1327,473,1947,September,672,525,Virgin Islands,1800,2472,2010.0
1529,303,1867,December,546,511,Virgin Islands,1832,2378,2010.0
1742,331,1802,March,139,410,Virgin Islands,2073,2212,2011.0
2073,455,1497,June,-644,387,Virgin Islands,2528,1884,2011.0
1886,319,1476,September,-355,374,Virgin Islands,2205,1850,2011.0
1545,390,1545,December,-56,334,Virgin Islands,1935,1879,2011.0
1676,413,1388,March,-406,295,Virgin Islands,2089,1683,2012.0
3560,492,1159,June,-2165,728,Virgin Islands,4052,1887,2012.0
1708,423,1103,September,-605,423,Virgin Islands,2131,1526,2012.0
1250,382,1619,December,347,360,Virgin Islands,1632,1979,2012.0
1500,342,1242,March,-181,419,Virgin Islands,1842,1661,2013.0
1496,370,1052,June,-509,305,Virgin Islands,1866,1357,2013.0
1460,336,1308,September,-215,273,Virgin Islands,1796,1581,2013.0
1313,375,1204,December,-204,280,Virgin Islands,1688,1484,2013.0
1317,344,1047,March,-279,335,Virgin Islands,1661,1382,2014.0
1266,448,1204,June,-58,452,Virgin Islands,1714,1656,2014.0
1213,282,1408,September,291,378,Virgin Islands,1495,1786,2014.0
1294,236,1297,December,175,408,Virgin Islands,1530,1705,2014.0
1282,308,1180,March,-14,396,Virgin Islands,1590,1576,2015.0
1289,556,1499,June,-75,271,Virgin Islands,1845,1770,2015.0
1539,441,1233,September,-337,410,Virgin Islands,1980,1643,2015.0
1143,302,1498,December,521,468,Virgin Islands,1445,1966,2015.0
1258,319,1367,March,74,284,Virgin Islands,1577,1651,2016.0
1303,283,1453,June,206,339,Virgin Islands,1586,1792,2016.0
1481,375,1356,September,-134,366,Virgin Islands,1856,1722,2016.0
1302,363,1289,December,-21,355,Virgin Islands,1665,1644,2016.0
1236,261,1241,March,-34,222,Virgin Islands,1497,1463,2017.0
1128,157,1435,June,422,272,Virgin Islands,1285,1707,2017.0
1360,906,974,September,-1134,158,Virgin Islands,2266,1132,2017.0
4667,1251,1369,December,-3863,686,Virgin Islands,5918,2055,2017.0
127286,24397,143580,September,23500,31603,Virginia,151683,175183,1992.0
135666,23917,135977,December,9260,32866,Virginia,159583,168843,1992.0
139085,25534,133769,March,2810,33660,Virginia,164619,167429,1993.0
124496,21154,144891,June,33811,34570,Virginia,145650,179461,1993.0
128534,28109,147526,September,22921,32038,Virginia,156643,179564,1993.0
142367,26809,146016,December,12351,35511,Virginia,169176,181527,1993.0
147170,27968,160355,March,17190,31973,Virginia,175138,192328,1994.0
143134,25172,152485,June,24766,40587,Virginia,168306,193072,1994.0
140405,25148,162339,September,32725,35939,Virginia,165553,198278,1994.0
148496,28917,150634,December,8618,35397,Virginia,177413,186031,1994.0
148219,28319,160781,March,22333,38090,Virginia,176538,198871,1995.0
145014,29812,153733,June,16106,37199,Virginia,174826,190932,1995.0
143849,35580,158535,September,17201,38095,Virginia,179429,196630,1995.0
158028,33568,158453,December,11650,44793,Virginia,191596,203246,1995.0
147157,31857,159464,March,19172,38722,Virginia,179014,198186,1996.0
160349,39135,167670,June,8913,40727,Virginia,199484,208397,1996.0
155781,36560,170679,September,25791,47453,Virginia,192341,218132,1996.0
150427,32554,165325,December,31683,49339,Virginia,182981,214664,1996.0
164745,26471,168259,March,22769,45726,Virginia,191216,213985,1997.0
157137,37966,157263,June,9374,47214,Virginia,195103,204477,1997.0
149253,31925,168484,September,35521,48215,Virginia,181178,216699,1997.0
155207,38649,168751,December,14397,39502,Virginia,193856,208253,1997.0
164208,44566,172276,March,7937,44435,Virginia,208774,216711,1998.0
161515,33081,170067,June,25705,50234,Virginia,194596,220301,1998.0
154437,33686,174511,September,27893,41505,Virginia,188123,216016,1998.0
158315,46410,170899,December,7462,41288,Virginia,204725,212187,1998.0
167025,44503,170362,March,12141,53307,Virginia,211528,223669,1999.0
163694,31444,169379,June,21885,47644,Virginia,195138,217023,1999.0
162050,34979,190596,September,30376,36809,Virginia,197029,227405,1999.0
156795,41345,184311,December,27087,40916,Virginia,198140,225227,1999.0
163508,38044,189637,March,35546,47461,Virginia,201552,237098,2000.0
169998,31529,174488,June,9521,36560,Virginia,201527,211048,2000.0
155897,36727,177241,September,21613,36996,Virginia,192624,214237,2000.0
164448,30951,177757,December,15029,32671,Virginia,195399,210428,2000.0
174363,35724,180943,March,6871,36015,Virginia,210087,216958,2001.0
179570,34258,154888,June,-20892,38048,Virginia,213828,192936,2001.0
169700,34275,152673,September,-18426,32876,Virginia,203975,185549,2001.0
176126,33539,151584,December,-27577,30504,Virginia,209665,182088,2001.0
161941,33734,161531,March,3264,37408,Virginia,195675,198939,2002.0
159973,35979,154417,June,-6453,35082,Virginia,195952,189499,2002.0
157496,31114,155436,September,-1479,31695,Virginia,188610,187131,2002.0
155179,29643,149237,December,-2165,33420,Virginia,184822,182657,2002.0
159206,36487,149442,March,-11035,35216,Virginia,195693,184658,2003.0
153350,30018,159373,June,7698,31693,Virginia,183368,191066,2003.0
150890,27705,157190,September,11459,32864,Virginia,178595,190054,2003.0
150724,28834,163134,December,18690,35114,Virginia,179558,198248,2003.0
144682,28107,170039,March,30332,33082,Virginia,172789,203121,2004.0
145146,32334,160465,June,18175,35190,Virginia,177480,195655,2004.0
148091,27180,156420,September,12171,31022,Virginia,175271,187442,2004.0
146093,25126,161413,December,23652,33458,Virginia,171219,194871,2004.0
146584,30207,162259,March,18798,33330,Virginia,176791,195589,2005.0
152299,28334,161742,June,12513,31404,Virginia,180633,193146,2005.0
151773,25071,167176,September,28420,38088,Virginia,176844,205264,2005.0
156259,29978,154577,December,4247,35907,Virginia,186237,190484,2005.0
144099,26196,170825,March,30490,29960,Virginia,170295,200785,2006.0
164851,30644,160168,June,-1435,33892,Virginia,195495,194060,2006.0
162479,30162,149684,September,-12432,30525,Virginia,192641,180209,2006.0
154316,28233,157068,December,7342,32823,Virginia,182549,189891,2006.0
148284,30711,164979,March,23678,37694,Virginia,178995,202673,2007.0
157205,31043,155193,June,2106,35161,Virginia,188248,190354,2007.0
156937,30222,143700,September,-9526,33933,Virginia,187159,177633,2007.0
156396,30440,155293,December,-4964,26579,Virginia,186836,181872,2007.0
153919,32402,144322,March,6227,48226,Virginia,186321,192548,2008.0
161650,32123,151554,June,-5918,36301,Virginia,193773,187855,2008.0
161024,35850,141599,September,-18368,36907,Virginia,196874,178506,2008.0
178850,34356,134888,December,-43077,35241,Virginia,213206,170129,2008.0
171548,34862,122834,March,-55824,27752,Virginia,206410,150586,2009.0
161268,35965,134999,June,-29851,32383,Virginia,197233,167382,2009.0
149301,30353,127134,September,-20235,32285,Virginia,179654,159419,2009.0
137824,29356,134489,December,-1251,31440,Virginia,167180,165929,2009.0
135639,32125,126525,March,-12419,28820,Virginia,167764,155345,2010.0
133917,31488,149662,June,21324,37067,Virginia,165405,186729,2010.0
141623,32619,142220,September,1958,33980,Virginia,174242,176200,2010.0
134486,31101,140587,December,10360,35360,Virginia,165587,175947,2010.0
127750,29664,137068,March,9124,29470,Virginia,157414,166538,2011.0
135006,30687,139567,June,7430,33556,Virginia,165693,173123,2011.0
134309,24762,140241,September,14377,33207,Virginia,159071,173448,2011.0
139764,34037,141370,December,2255,34686,Virginia,173801,176056,2011.0
131440,28755,146029,March,16465,30631,Virginia,160195,176660,2012.0
141021,27716,140447,June,225,28515,Virginia,168737,168962,2012.0
142837,34831,146836,September,8722,39554,Virginia,177668,186390,2012.0
133585,31930,140545,December,11593,36563,Virginia,165515,177108,2012.0
132875,27899,139268,March,7494,29000,Virginia,160774,168268,2013.0
135582,29369,140400,June,-200,24351,Virginia,164951,164751,2013.0
140663,31908,143995,September,1193,29769,Virginia,172571,173764,2013.0
135490,30535,139441,December,3401,29985,Virginia,166025,169426,2013.0
136181,27134,130202,March,-3328,29785,Virginia,163315,159987,2014.0
134907,31364,151347,June,18394,33318,Virginia,166271,184665,2014.0
142880,30813,139913,September,-5966,27814,Virginia,173693,167727,2014.0
133331,29878,148317,December,7530,22422,Virginia,163209,170739,2014.0
138735,30067,135374,March,12777,46205,Virginia,168802,181579,2015.0
132503,30014,158727,June,32760,36550,Virginia,162517,195277,2015.0
146861,31323,150517,September,35294,62961,Virginia,178184,213478,2015.0
140896,31427,158541,December,23477,37259,Virginia,172323,195800,2015.0
147502,37456,148298,March,-1781,34879,Virginia,184958,183177,2016.0
150198,38057,155822,June,9391,41824,Virginia,188255,197646,2016.0
148269,41276,158207,September,2527,33865,Virginia,189545,192072,2016.0
144525,35924,155756,December,13876,38569,Virginia,180449,194325,2016.0
138974,33753,151347,March,14269,35649,Virginia,172727,186996,2017.0
148643,35232,157026,June,12153,39002,Virginia,183875,196028,2017.0
154402,39203,147369,September,-11164,35072,Virginia,193605,182441,2017.0
136681,34159,156883,December,25350,39307,Virginia,170840,196190,2017.0
127286,24397,143580,September,23500,31603,Virginia,151683,175183,1992.0
135666,23917,135977,December,9260,32866,Virginia,159583,168843,1992.0
139085,25534,133769,March,2810,33660,Virginia,164619,167429,1993.0
124496,21154,144891,June,33811,34570,Virginia,145650,179461,1993.0
128534,28109,147526,September,22921,32038,Virginia,156643,179564,1993.0
142367,26809,146016,December,12351,35511,Virginia,169176,181527,1993.0
147170,27968,160355,March,17190,31973,Virginia,175138,192328,1994.0
143134,25172,152485,June,24766,40587,Virginia,168306,193072,1994.0
140405,25148,162339,September,32725,35939,Virginia,165553,198278,1994.0
148496,28917,150634,December,8618,35397,Virginia,177413,186031,1994.0
148219,28319,160781,March,22333,38090,Virginia,176538,198871,1995.0
145014,29812,153733,June,16106,37199,Virginia,174826,190932,1995.0
143849,35580,158535,September,17201,38095,Virginia,179429,196630,1995.0
158028,33568,158453,December,11650,44793,Virginia,191596,203246,1995.0
147157,31857,159464,March,19172,38722,Virginia,179014,198186,1996.0
160349,39135,167670,June,8913,40727,Virginia,199484,208397,1996.0
155781,36560,170679,September,25791,47453,Virginia,192341,218132,1996.0
150427,32554,165325,December,31683,49339,Virginia,182981,214664,1996.0
164745,26471,168259,March,22769,45726,Virginia,191216,213985,1997.0
157137,37966,157263,June,9374,47214,Virginia,195103,204477,1997.0
149253,31925,168484,September,35521,48215,Virginia,181178,216699,1997.0
155207,38649,168751,December,14397,39502,Virginia,193856,208253,1997.0
164208,44566,172276,March,7937,44435,Virginia,208774,216711,1998.0
161515,33081,170067,June,25705,50234,Virginia,194596,220301,1998.0
154437,33686,174511,September,27893,41505,Virginia,188123,216016,1998.0
158315,46410,170899,December,7462,41288,Virginia,204725,212187,1998.0
167025,44503,170362,March,12141,53307,Virginia,211528,223669,1999.0
163694,31444,169379,June,21885,47644,Virginia,195138,217023,1999.0
162050,34979,190596,September,30376,36809,Virginia,197029,227405,1999.0
156795,41345,184311,December,27087,40916,Virginia,198140,225227,1999.0
163508,38044,189637,March,35546,47461,Virginia,201552,237098,2000.0
169998,31529,174488,June,9521,36560,Virginia,201527,211048,2000.0
155897,36727,177241,September,21613,36996,Virginia,192624,214237,2000.0
164448,30951,177757,December,15029,32671,Virginia,195399,210428,2000.0
174363,35724,180943,March,6871,36015,Virginia,210087,216958,2001.0
179570,34258,154888,June,-20892,38048,Virginia,213828,192936,2001.0
169700,34275,152673,September,-18426,32876,Virginia,203975,185549,2001.0
176126,33539,151584,December,-27577,30504,Virginia,209665,182088,2001.0
161941,33734,161531,March,3264,37408,Virginia,195675,198939,2002.0
159973,35979,154417,June,-6453,35082,Virginia,195952,189499,2002.0
157496,31114,155436,September,-1479,31695,Virginia,188610,187131,2002.0
155179,29643,149237,December,-2165,33420,Virginia,184822,182657,2002.0
159206,36487,149442,March,-11035,35216,Virginia,195693,184658,2003.0
153350,30018,159373,June,7698,31693,Virginia,183368,191066,2003.0
150890,27705,157190,September,11459,32864,Virginia,178595,190054,2003.0
150724,28834,163134,December,18690,35114,Virginia,179558,198248,2003.0
144682,28107,170039,March,30332,33082,Virginia,172789,203121,2004.0
145146,32334,160465,June,18175,35190,Virginia,177480,195655,2004.0
148091,27180,156420,September,12171,31022,Virginia,175271,187442,2004.0
146093,25126,161413,December,23652,33458,Virginia,171219,194871,2004.0
146584,30207,162259,March,18798,33330,Virginia,176791,195589,2005.0
152299,28334,161742,June,12513,31404,Virginia,180633,193146,2005.0
151773,25071,167176,September,28420,38088,Virginia,176844,205264,2005.0
156259,29978,154577,December,4247,35907,Virginia,186237,190484,2005.0
144099,26196,170825,March,30490,29960,Virginia,170295,200785,2006.0
164851,30644,160168,June,-1435,33892,Virginia,195495,194060,2006.0
162479,30162,149684,September,-12432,30525,Virginia,192641,180209,2006.0
154316,28233,157068,December,7342,32823,Virginia,182549,189891,2006.0
148284,30711,164979,March,23678,37694,Virginia,178995,202673,2007.0
157205,31043,155193,June,2106,35161,Virginia,188248,190354,2007.0
156937,30222,143700,September,-9526,33933,Virginia,187159,177633,2007.0
156396,30440,155293,December,-4964,26579,Virginia,186836,181872,2007.0
153919,32402,144322,March,6227,48226,Virginia,186321,192548,2008.0
161650,32123,151554,June,-5918,36301,Virginia,193773,187855,2008.0
161024,35850,141599,September,-18368,36907,Virginia,196874,178506,2008.0
178850,34356,134888,December,-43077,35241,Virginia,213206,170129,2008.0
171548,34862,122834,March,-55824,27752,Virginia,206410,150586,2009.0
161268,35965,134999,June,-29851,32383,Virginia,197233,167382,2009.0
149301,30353,127134,September,-20235,32285,Virginia,179654,159419,2009.0
137824,29356,134489,December,-1251,31440,Virginia,167180,165929,2009.0
135639,32125,126525,March,-12419,28820,Virginia,167764,155345,2010.0
133917,31488,149662,June,21324,37067,Virginia,165405,186729,2010.0
141623,32619,142220,September,1958,33980,Virginia,174242,176200,2010.0
134486,31101,140587,December,10360,35360,Virginia,165587,175947,2010.0
127750,29664,137068,March,9124,29470,Virginia,157414,166538,2011.0
135006,30687,139567,June,7430,33556,Virginia,165693,173123,2011.0
134309,24762,140241,September,14377,33207,Virginia,159071,173448,2011.0
139764,34037,141370,December,2255,34686,Virginia,173801,176056,2011.0
131440,28755,146029,March,16465,30631,Virginia,160195,176660,2012.0
141021,27716,140447,June,225,28515,Virginia,168737,168962,2012.0
142837,34831,146836,September,8722,39554,Virginia,177668,186390,2012.0
133585,31930,140545,December,11593,36563,Virginia,165515,177108,2012.0
132875,27899,139268,March,7494,29000,Virginia,160774,168268,2013.0
135582,29369,140400,June,-200,24351,Virginia,164951,164751,2013.0
140663,31908,143995,September,1193,29769,Virginia,172571,173764,2013.0
135490,30535,139441,December,3401,29985,Virginia,166025,169426,2013.0
136181,27134,130202,March,-3328,29785,Virginia,163315,159987,2014.0
134907,31364,151347,June,18394,33318,Virginia,166271,184665,2014.0
142880,30813,139913,September,-5966,27814,Virginia,173693,167727,2014.0
133331,29878,148317,December,7530,22422,Virginia,163209,170739,2014.0
138735,30067,135374,March,12777,46205,Virginia,168802,181579,2015.0
132503,30014,158727,June,32760,36550,Virginia,162517,195277,2015.0
146861,31323,150517,September,35294,62961,Virginia,178184,213478,2015.0
140896,31427,158541,December,23477,37259,Virginia,172323,195800,2015.0
147502,37456,148298,March,-1781,34879,Virginia,184958,183177,2016.0
150198,38057,155822,June,9391,41824,Virginia,188255,197646,2016.0
148269,41276,158207,September,2527,33865,Virginia,189545,192072,2016.0
144525,35924,155756,December,13876,38569,Virginia,180449,194325,2016.0
138974,33753,151347,March,14269,35649,Virginia,172727,186996,2017.0
148643,35232,157026,June,12153,39002,Virginia,183875,196028,2017.0
154402,39203,147369,September,-11164,35072,Virginia,193605,182441,2017.0
136681,34159,156883,December,25350,39307,Virginia,170840,196190,2017.0
145689,35922,143858,September,1924,39677,Washington,181611,183535,1992.0
137259,34693,131071,December,-7381,33500,Washington,171952,164571,1992.0
133694,35563,139278,March,9517,39496,Washington,169257,178774,1993.0
135182,29698,146310,June,16982,35552,Washington,164880,181862,1993.0
142109,29925,142756,September,5630,34908,Washington,172034,177664,1993.0
132345,33106,146130,December,17491,36812,Washington,165451,182942,1993.0
138534,33757,138874,March,2098,35515,Washington,172291,174389,1994.0
135108,29245,151378,June,28158,41133,Washington,164353,192511,1994.0
142456,36275,155656,September,17019,40094,Washington,178731,195750,1994.0
146197,39414,149126,December,357,36842,Washington,185611,185968,1994.0
144007,37510,153862,March,15498,43153,Washington,181517,197015,1995.0
160795,37789,146053,June,-4156,48375,Washington,198584,194428,1995.0
150689,32373,149614,September,14264,47712,Washington,183062,197326,1995.0
142453,41822,150511,December,2454,36218,Washington,184275,186729,1995.0
143881,36437,148080,March,4548,36786,Washington,180318,184866,1996.0
146167,35534,144613,June,9730,46818,Washington,181701,191431,1996.0
131889,35211,158451,September,33501,42150,Washington,167100,200601,1996.0
135414,38994,170205,December,39328,43531,Washington,174408,213736,1996.0
143082,43710,175829,March,29415,40378,Washington,186792,216207,1997.0
151315,37723,157155,June,21689,53572,Washington,189038,210727,1997.0
148348,40091,153968,September,8242,42713,Washington,188439,196681,1997.0
134345,37679,168478,December,43535,47081,Washington,172024,215559,1997.0
149403,46707,155731,March,6132,46511,Washington,196110,202242,1998.0
143064,40828,158998,June,21493,46387,Washington,183892,205385,1998.0
152879,42934,162375,September,8117,41555,Washington,195813,203930,1998.0
150005,46214,175031,December,24383,45571,Washington,196219,220602,1998.0
164002,55077,175803,March,5875,49151,Washington,219079,224954,1999.0
171581,52187,156125,June,-20873,46770,Washington,223768,202895,1999.0
155813,48729,175429,September,25029,54142,Washington,204542,229571,1999.0
150015,46371,178542,December,34122,51966,Washington,196386,230508,1999.0
156981,50601,172739,March,17472,52315,Washington,207582,225054,2000.0
164643,47077,162236,June,5954,55438,Washington,211720,217674,2000.0
156626,60231,169855,September,467,47469,Washington,216857,217324,2000.0
147593,52430,166043,December,12300,46280,Washington,200023,212323,2000.0
168652,59551,159908,March,-19762,48533,Washington,228203,208441,2001.0
178061,47651,143131,June,-34443,48138,Washington,225712,191269,2001.0
162551,48886,142515,September,-25275,43647,Washington,211437,186162,2001.0
164576,46995,135524,December,-30521,45526,Washington,211571,181050,2001.0
158307,47933,145283,March,-17559,43398,Washington,206240,188681,2002.0
156031,37401,142840,June,-4833,45759,Washington,193432,188599,2002.0
141598,37780,149616,September,11434,41196,Washington,179378,190812,2002.0
140315,42323,140548,December,-5147,36943,Washington,182638,177491,2002.0
150984,37720,142130,March,2475,49049,Washington,188704,191179,2003.0
144843,35799,137443,June,-1211,41988,Washington,180642,179431,2003.0
134440,36523,147240,September,12542,36265,Washington,170963,183505,2003.0
134750,38249,147088,December,7570,33481,Washington,172999,180569,2003.0
136149,37947,151744,March,12216,34568,Washington,174096,186312,2004.0
136284,36808,157448,June,17321,32965,Washington,173092,190413,2004.0
142909,32461,142909,September,-925,31536,Washington,175370,174445,2004.0
130542,29620,153509,December,25079,31732,Washington,160162,185241,2004.0
135151,35320,154122,March,14791,31140,Washington,170471,185262,2005.0
134409,30824,153126,June,20306,32413,Washington,165233,185539,2005.0
156002,32424,155970,September,-33,32423,Washington,188426,188393,2005.0
134276,30437,175936,December,43902,32679,Washington,164713,208615,2005.0
135480,29328,153013,March,18387,30182,Washington,164808,183195,2006.0
138358,29580,160370,June,24848,32416,Washington,167938,192786,2006.0
143724,32888,149854,September,4863,31621,Washington,176612,181475,2006.0
140920,30137,150920,December,11311,31448,Washington,171057,182368,2006.0
130367,30308,166760,March,39056,32971,Washington,160675,199731,2007.0
142449,30836,158097,June,14155,29343,Washington,173285,187440,2007.0
149578,31869,144125,September,-8298,29024,Washington,181447,173149,2007.0
139557,29503,150962,December,15329,33427,Washington,169060,184389,2007.0
143398,30190,157717,March,20679,36550,Washington,173588,194267,2008.0
159818,38407,142254,June,-29619,26352,Washington,198225,168606,2008.0
144856,29219,147094,September,3325,30306,Washington,174075,177400,2008.0
175551,41009,133855,December,-54675,28030,Washington,216560,161885,2008.0
176324,32886,127502,March,-46654,35054,Washington,209210,162556,2009.0
159930,29171,130994,June,-27897,30210,Washington,189101,161204,2009.0
146782,29456,135486,September,-12473,28279,Washington,176238,163765,2009.0
147095,29481,123869,December,-23406,29301,Washington,176576,153170,2009.0
132545,28396,134731,March,1228,27438,Washington,160941,162169,2010.0
125210,25358,135700,June,9905,24773,Washington,150568,160473,2010.0
123892,28289,138931,September,14131,27381,Washington,152181,166312,2010.0
131303,28747,139453,December,9230,29827,Washington,160050,169280,2010.0
125230,25785,132768,March,7470,25717,Washington,151015,158485,2011.0
123321,30105,132330,June,5437,26533,Washington,153426,158863,2011.0
113594,24306,148989,September,39568,28479,Washington,137900,177468,2011.0
133987,32783,139589,December,151,27332,Washington,166770,166921,2011.0
130656,22084,136632,March,10007,26115,Washington,152740,162747,2012.0
120920,32435,148565,June,20868,25658,Washington,153355,174223,2012.0
128522,27376,142109,September,11145,24934,Washington,155898,167043,2012.0
130539,26975,141864,December,13037,28687,Washington,157514,170551,2012.0
127262,28768,142768,March,13434,26696,Washington,156030,169464,2013.0
123132,26498,149733,June,26994,26891,Washington,149630,176624,2013.0
130090,28677,143121,September,13792,29438,Washington,158767,172559,2013.0
133473,23215,142568,December,15786,29906,Washington,156688,172474,2013.0
131154,20510,140630,March,18582,29616,Washington,151664,170246,2014.0
123483,38863,158902,June,22327,25771,Washington,162346,184673,2014.0
135885,20818,147928,September,22874,31649,Washington,156703,179577,2014.0
137227,19289,152558,December,19522,23480,Washington,156516,176038,2014.0
131301,33983,155794,March,10260,19750,Washington,165284,175544,2015.0
133899,23397,164694,June,31498,24100,Washington,157296,188794,2015.0
151588,24184,151205,September,-1372,23195,Washington,175772,174400,2015.0
139842,20268,152692,December,17282,24700,Washington,160110,177392,2015.0
133199,26699,161096,March,27958,26760,Washington,159898,187856,2016.0
139978,18646,166719,June,33780,25685,Washington,158624,192404,2016.0
151042,24803,154848,September,1836,22833,Washington,175845,177681,2016.0
145123,34136,161109,December,12523,30673,Washington,179259,191782,2016.0
133415,19568,166175,March,32536,19344,Washington,152983,185519,2017.0
147589,19796,164007,June,25701,29079,Washington,167385,193086,2017.0
152707,18148,148975,September,1624,23504,Washington,170855,172479,2017.0
146999,13100,161603,December,28188,26684,Washington,160099,188287,2017.0
145689,35922,143858,September,1924,39677,Washington,181611,183535,1992.0
137259,34693,131071,December,-7381,33500,Washington,171952,164571,1992.0
133694,35563,139278,March,9517,39496,Washington,169257,178774,1993.0
135182,29698,146310,June,16982,35552,Washington,164880,181862,1993.0
142109,29925,142756,September,5630,34908,Washington,172034,177664,1993.0
132345,33106,146130,December,17491,36812,Washington,165451,182942,1993.0
138534,33757,138874,March,2098,35515,Washington,172291,174389,1994.0
135108,29245,151378,June,28158,41133,Washington,164353,192511,1994.0
142456,36275,155656,September,17019,40094,Washington,178731,195750,1994.0
146197,39414,149126,December,357,36842,Washington,185611,185968,1994.0
144007,37510,153862,March,15498,43153,Washington,181517,197015,1995.0
160795,37789,146053,June,-4156,48375,Washington,198584,194428,1995.0
150689,32373,149614,September,14264,47712,Washington,183062,197326,1995.0
142453,41822,150511,December,2454,36218,Washington,184275,186729,1995.0
143881,36437,148080,March,4548,36786,Washington,180318,184866,1996.0
146167,35534,144613,June,9730,46818,Washington,181701,191431,1996.0
131889,35211,158451,September,33501,42150,Washington,167100,200601,1996.0
135414,38994,170205,December,39328,43531,Washington,174408,213736,1996.0
143082,43710,175829,March,29415,40378,Washington,186792,216207,1997.0
151315,37723,157155,June,21689,53572,Washington,189038,210727,1997.0
148348,40091,153968,September,8242,42713,Washington,188439,196681,1997.0
134345,37679,168478,December,43535,47081,Washington,172024,215559,1997.0
149403,46707,155731,March,6132,46511,Washington,196110,202242,1998.0
143064,40828,158998,June,21493,46387,Washington,183892,205385,1998.0
152879,42934,162375,September,8117,41555,Washington,195813,203930,1998.0
150005,46214,175031,December,24383,45571,Washington,196219,220602,1998.0
164002,55077,175803,March,5875,49151,Washington,219079,224954,1999.0
171581,52187,156125,June,-20873,46770,Washington,223768,202895,1999.0
155813,48729,175429,September,25029,54142,Washington,204542,229571,1999.0
150015,46371,178542,December,34122,51966,Washington,196386,230508,1999.0
156981,50601,172739,March,17472,52315,Washington,207582,225054,2000.0
164643,47077,162236,June,5954,55438,Washington,211720,217674,2000.0
156626,60231,169855,September,467,47469,Washington,216857,217324,2000.0
147593,52430,166043,December,12300,46280,Washington,200023,212323,2000.0
168652,59551,159908,March,-19762,48533,Washington,228203,208441,2001.0
178061,47651,143131,June,-34443,48138,Washington,225712,191269,2001.0
162551,48886,142515,September,-25275,43647,Washington,211437,186162,2001.0
164576,46995,135524,December,-30521,45526,Washington,211571,181050,2001.0
158307,47933,145283,March,-17559,43398,Washington,206240,188681,2002.0
156031,37401,142840,June,-4833,45759,Washington,193432,188599,2002.0
141598,37780,149616,September,11434,41196,Washington,179378,190812,2002.0
140315,42323,140548,December,-5147,36943,Washington,182638,177491,2002.0
150984,37720,142130,March,2475,49049,Washington,188704,191179,2003.0
144843,35799,137443,June,-1211,41988,Washington,180642,179431,2003.0
134440,36523,147240,September,12542,36265,Washington,170963,183505,2003.0
134750,38249,147088,December,7570,33481,Washington,172999,180569,2003.0
136149,37947,151744,March,12216,34568,Washington,174096,186312,2004.0
136284,36808,157448,June,17321,32965,Washington,173092,190413,2004.0
142909,32461,142909,September,-925,31536,Washington,175370,174445,2004.0
130542,29620,153509,December,25079,31732,Washington,160162,185241,2004.0
135151,35320,154122,March,14791,31140,Washington,170471,185262,2005.0
134409,30824,153126,June,20306,32413,Washington,165233,185539,2005.0
156002,32424,155970,September,-33,32423,Washington,188426,188393,2005.0
134276,30437,175936,December,43902,32679,Washington,164713,208615,2005.0
135480,29328,153013,March,18387,30182,Washington,164808,183195,2006.0
138358,29580,160370,June,24848,32416,Washington,167938,192786,2006.0
143724,32888,149854,September,4863,31621,Washington,176612,181475,2006.0
140920,30137,150920,December,11311,31448,Washington,171057,182368,2006.0
130367,30308,166760,March,39056,32971,Washington,160675,199731,2007.0
142449,30836,158097,June,14155,29343,Washington,173285,187440,2007.0
149578,31869,144125,September,-8298,29024,Washington,181447,173149,2007.0
139557,29503,150962,December,15329,33427,Washington,169060,184389,2007.0
143398,30190,157717,March,20679,36550,Washington,173588,194267,2008.0
159818,38407,142254,June,-29619,26352,Washington,198225,168606,2008.0
144856,29219,147094,September,3325,30306,Washington,174075,177400,2008.0
175551,41009,133855,December,-54675,28030,Washington,216560,161885,2008.0
176324,32886,127502,March,-46654,35054,Washington,209210,162556,2009.0
159930,29171,130994,June,-27897,30210,Washington,189101,161204,2009.0
146782,29456,135486,September,-12473,28279,Washington,176238,163765,2009.0
147095,29481,123869,December,-23406,29301,Washington,176576,153170,2009.0
132545,28396,134731,March,1228,27438,Washington,160941,162169,2010.0
125210,25358,135700,June,9905,24773,Washington,150568,160473,2010.0
123892,28289,138931,September,14131,27381,Washington,152181,166312,2010.0
131303,28747,139453,December,9230,29827,Washington,160050,169280,2010.0
125230,25785,132768,March,7470,25717,Washington,151015,158485,2011.0
123321,30105,132330,June,5437,26533,Washington,153426,158863,2011.0
113594,24306,148989,September,39568,28479,Washington,137900,177468,2011.0
133987,32783,139589,December,151,27332,Washington,166770,166921,2011.0
130656,22084,136632,March,10007,26115,Washington,152740,162747,2012.0
120920,32435,148565,June,20868,25658,Washington,153355,174223,2012.0
128522,27376,142109,September,11145,24934,Washington,155898,167043,2012.0
130539,26975,141864,December,13037,28687,Washington,157514,170551,2012.0
127262,28768,142768,March,13434,26696,Washington,156030,169464,2013.0
123132,26498,149733,June,26994,26891,Washington,149630,176624,2013.0
130090,28677,143121,September,13792,29438,Washington,158767,172559,2013.0
133473,23215,142568,December,15786,29906,Washington,156688,172474,2013.0
131154,20510,140630,March,18582,29616,Washington,151664,170246,2014.0
123483,38863,158902,June,22327,25771,Washington,162346,184673,2014.0
135885,20818,147928,September,22874,31649,Washington,156703,179577,2014.0
137227,19289,152558,December,19522,23480,Washington,156516,176038,2014.0
131301,33983,155794,March,10260,19750,Washington,165284,175544,2015.0
133899,23397,164694,June,31498,24100,Washington,157296,188794,2015.0
151588,24184,151205,September,-1372,23195,Washington,175772,174400,2015.0
139842,20268,152692,December,17282,24700,Washington,160110,177392,2015.0
133199,26699,161096,March,27958,26760,Washington,159898,187856,2016.0
139978,18646,166719,June,33780,25685,Washington,158624,192404,2016.0
151042,24803,154848,September,1836,22833,Washington,175845,177681,2016.0
145123,34136,161109,December,12523,30673,Washington,179259,191782,2016.0
133415,19568,166175,March,32536,19344,Washington,152983,185519,2017.0
147589,19796,164007,June,25701,29079,Washington,167385,193086,2017.0
152707,18148,148975,September,1624,23504,Washington,170855,172479,2017.0
146999,13100,161603,December,28188,26684,Washington,160099,188287,2017.0
27011,7607,30070,September,4591,9139,West Virginia,34618,39209,1992.0
28774,6300,26911,December,845,9008,West Virginia,35074,35919,1992.0
28689,7672,28372,March,1693,9682,West Virginia,36361,38054,1993.0
31289,7672,33696,June,2782,8047,West Virginia,38961,41743,1993.0
30478,6558,33431,September,5654,9259,West Virginia,37036,42690,1993.0
30558,6571,35977,December,6568,7720,West Virginia,37129,43697,1993.0
29564,8018,30483,March,877,7976,West Virginia,37582,38459,1994.0
28178,5838,33192,June,7818,8642,West Virginia,34016,41834,1994.0
28572,8135,33882,September,6672,9497,West Virginia,36707,43379,1994.0
31729,7147,30168,December,-1842,6866,West Virginia,38876,37034,1994.0
32897,7583,31677,March,366,9169,West Virginia,40480,40846,1995.0
30401,6556,31565,June,4938,10330,West Virginia,36957,41895,1995.0
30192,6925,33942,September,5098,8273,West Virginia,37117,42215,1995.0
33303,7950,30416,December,-2212,8625,West Virginia,41253,39041,1995.0
32516,9034,32650,March,-1453,7447,West Virginia,41550,40097,1996.0
31046,6588,33933,June,6351,10052,West Virginia,37634,43985,1996.0
31024,7385,32622,September,3799,9586,West Virginia,38409,42208,1996.0
35761,7798,31207,December,-2621,9731,West Virginia,43559,40938,1996.0
31380,6807,31449,March,897,7635,West Virginia,38187,39084,1997.0
29176,7300,32273,June,3224,7427,West Virginia,36476,39700,1997.0
31990,6638,32082,September,3447,9993,West Virginia,38628,42075,1997.0
32577,7445,33184,December,2111,8949,West Virginia,40022,42133,1997.0
32291,8067,31962,March,-539,7857,West Virginia,40358,39819,1998.0
29797,6803,33775,June,6506,9331,West Virginia,36600,43106,1998.0
34663,7384,32814,September,-1253,7980,West Virginia,42047,40794,1998.0
34017,7701,34112,December,1675,9281,West Virginia,41718,43393,1998.0
34987,8293,32360,March,-3203,7717,West Virginia,43280,40077,1999.0
32076,7921,33341,June,2487,9143,West Virginia,39997,42484,1999.0
32721,9193,33928,September,-275,7711,West Virginia,41914,41639,1999.0
33407,7773,34799,December,1920,8301,West Virginia,41180,43100,1999.0
31768,7823,36147,March,5229,8673,West Virginia,39591,44820,2000.0
33846,7212,32686,June,-980,7392,West Virginia,41058,40078,2000.0
33869,8175,35084,September,-501,6459,West Virginia,42044,41543,2000.0
32982,6488,32974,December,613,7109,West Virginia,39470,40083,2000.0
32322,6579,34078,March,2203,7026,West Virginia,38901,41104,2001.0
33945,7217,33062,June,-1319,6781,West Virginia,41162,39843,2001.0
33808,8220,31567,September,-4200,6261,West Virginia,42028,37828,2001.0
31930,6919,31828,December,659,7680,West Virginia,38849,39508,2001.0
32033,7452,33365,March,1386,7506,West Virginia,39485,40871,2002.0
33881,6863,30913,June,-3657,6174,West Virginia,40744,37087,2002.0
32212,6029,32497,September,574,6318,West Virginia,38241,38815,2002.0
32737,7355,30674,December,-3175,6243,West Virginia,40092,36917,2002.0
31863,6312,29120,March,-2226,6829,West Virginia,38175,35949,2003.0
30716,6714,30613,June,829,7646,West Virginia,37430,38259,2003.0
31912,6664,30726,September,-952,6898,West Virginia,38576,37624,2003.0
30717,5810,31741,December,2583,7369,West Virginia,36527,39110,2003.0
29893,5975,33551,March,5008,7325,West Virginia,35868,40876,2004.0
31974,5912,31640,June,268,6514,West Virginia,37886,38154,2004.0
30211,6627,31705,September,1542,6675,West Virginia,36838,38380,2004.0
30050,6180,32842,December,3989,7377,West Virginia,36230,40219,2004.0
30894,6951,33318,March,2581,7108,West Virginia,37845,40426,2005.0
30604,6737,31759,June,1228,6810,West Virginia,37341,38569,2005.0
30872,5910,31975,September,2193,7000,West Virginia,36782,38975,2005.0
31131,5949,32903,December,3160,7337,West Virginia,37080,40240,2005.0
28732,7557,35787,March,7636,8138,West Virginia,36289,43925,2006.0
33534,5570,31727,June,-703,6674,West Virginia,39104,38401,2006.0
34237,6388,30657,September,-2585,7383,West Virginia,40625,38040,2006.0
30830,6353,33091,December,3152,7244,West Virginia,37183,40335,2006.0
32615,6273,33053,March,1209,7044,West Virginia,38888,40097,2007.0
31801,6050,31597,June,-189,6065,West Virginia,37851,37662,2007.0
32917,6210,29853,September,-2151,7123,West Virginia,39127,36976,2007.0
29680,6633,33907,December,3967,6373,West Virginia,36313,40280,2007.0
32492,5749,31022,March,-163,7056,West Virginia,38241,38078,2008.0
30981,6742,29753,June,-2231,5739,West Virginia,37723,35492,2008.0
30318,6418,32370,September,2060,6426,West Virginia,36736,38796,2008.0
34428,6288,33139,December,-1046,6531,West Virginia,40716,39670,2008.0
37398,6842,27534,March,-10174,6532,West Virginia,44240,34066,2009.0
37279,6699,27684,June,-10817,5477,West Virginia,43978,33161,2009.0
31965,5613,27694,September,-4060,5824,West Virginia,37578,33518,2009.0
28520,6341,32330,December,3200,5731,West Virginia,34861,38061,2009.0
30256,5393,27841,March,-1882,5926,West Virginia,35649,33767,2010.0
28694,7884,31641,June,759,5696,West Virginia,36578,37337,2010.0
28494,5305,30685,September,2729,5843,West Virginia,33799,36528,2010.0
28799,6223,29352,December,-218,5452,West Virginia,35022,34804,2010.0
27595,5193,29628,March,3112,6272,West Virginia,32788,35900,2011.0
27265,5794,29320,June,2700,6439,West Virginia,33059,35759,2011.0
27658,6275,30526,September,3833,7240,West Virginia,33933,37766,2011.0
27471,5637,30789,December,4858,7177,West Virginia,33108,37966,2011.0
29930,5060,34433,March,5786,6343,West Virginia,34990,40776,2012.0
33527,6591,29744,June,-4077,6297,West Virginia,40118,36041,2012.0
32466,6090,30576,September,-2024,5956,West Virginia,38556,36532,2012.0
31217,5643,29621,December,-1011,6228,West Virginia,36860,35849,2012.0
29400,5513,30375,March,1599,6137,West Virginia,34913,36512,2013.0
31312,6096,28764,June,-2680,5964,West Virginia,37408,34728,2013.0
29740,5900,28632,September,-1758,5250,West Virginia,35640,33882,2013.0
30306,5817,30575,December,54,5602,West Virginia,36123,36177,2013.0
31215,6370,29545,March,-1441,6599,West Virginia,37585,36144,2014.0
29747,6338,30479,June,1295,6901,West Virginia,36085,37380,2014.0
29387,7483,28825,September,-2120,5925,West Virginia,36870,34750,2014.0
29026,5242,30857,December,2869,6280,West Virginia,34268,37137,2014.0
32522,5818,27089,March,-4461,6790,West Virginia,38340,33879,2015.0
31769,5497,30228,June,-1595,5443,West Virginia,37266,35671,2015.0
31336,6272,27220,September,-5137,5251,West Virginia,37608,32471,2015.0
29046,6325,30238,December,914,6047,West Virginia,35371,36285,2015.0
32745,5340,26854,March,-5751,5480,West Virginia,38085,32334,2016.0
31150,6467,25761,June,-6044,5812,West Virginia,37617,31573,2016.0
28463,6423,28765,September,339,6460,West Virginia,34886,35225,2016.0
27917,5970,27487,December,890,7290,West Virginia,33887,34777,2016.0
28359,6331,28188,March,-625,5877,West Virginia,34690,34065,2017.0
28359,7032,27404,June,-256,7731,West Virginia,35391,35135,2017.0
28460,7338,30954,September,1945,6789,West Virginia,35798,37743,2017.0
27331,5820,27838,December,1096,6409,West Virginia,33151,34247,2017.0
27011,7607,30070,September,4591,9139,West Virginia,34618,39209,1992.0
28774,6300,26911,December,845,9008,West Virginia,35074,35919,1992.0
28689,7672,28372,March,1693,9682,West Virginia,36361,38054,1993.0
31289,7672,33696,June,2782,8047,West Virginia,38961,41743,1993.0
30478,6558,33431,September,5654,9259,West Virginia,37036,42690,1993.0
30558,6571,35977,December,6568,7720,West Virginia,37129,43697,1993.0
29564,8018,30483,March,877,7976,West Virginia,37582,38459,1994.0
28178,5838,33192,June,7818,8642,West Virginia,34016,41834,1994.0
28572,8135,33882,September,6672,9497,West Virginia,36707,43379,1994.0
31729,7147,30168,December,-1842,6866,West Virginia,38876,37034,1994.0
32897,7583,31677,March,366,9169,West Virginia,40480,40846,1995.0
30401,6556,31565,June,4938,10330,West Virginia,36957,41895,1995.0
30192,6925,33942,September,5098,8273,West Virginia,37117,42215,1995.0
33303,7950,30416,December,-2212,8625,West Virginia,41253,39041,1995.0
32516,9034,32650,March,-1453,7447,West Virginia,41550,40097,1996.0
31046,6588,33933,June,6351,10052,West Virginia,37634,43985,1996.0
31024,7385,32622,September,3799,9586,West Virginia,38409,42208,1996.0
35761,7798,31207,December,-2621,9731,West Virginia,43559,40938,1996.0
31380,6807,31449,March,897,7635,West Virginia,38187,39084,1997.0
29176,7300,32273,June,3224,7427,West Virginia,36476,39700,1997.0
31990,6638,32082,September,3447,9993,West Virginia,38628,42075,1997.0
32577,7445,33184,December,2111,8949,West Virginia,40022,42133,1997.0
32291,8067,31962,March,-539,7857,West Virginia,40358,39819,1998.0
29797,6803,33775,June,6506,9331,West Virginia,36600,43106,1998.0
34663,7384,32814,September,-1253,7980,West Virginia,42047,40794,1998.0
34017,7701,34112,December,1675,9281,West Virginia,41718,43393,1998.0
34987,8293,32360,March,-3203,7717,West Virginia,43280,40077,1999.0
32076,7921,33341,June,2487,9143,West Virginia,39997,42484,1999.0
32721,9193,33928,September,-275,7711,West Virginia,41914,41639,1999.0
33407,7773,34799,December,1920,8301,West Virginia,41180,43100,1999.0
31768,7823,36147,March,5229,8673,West Virginia,39591,44820,2000.0
33846,7212,32686,June,-980,7392,West Virginia,41058,40078,2000.0
33869,8175,35084,September,-501,6459,West Virginia,42044,41543,2000.0
32982,6488,32974,December,613,7109,West Virginia,39470,40083,2000.0
32322,6579,34078,March,2203,7026,West Virginia,38901,41104,2001.0
33945,7217,33062,June,-1319,6781,West Virginia,41162,39843,2001.0
33808,8220,31567,September,-4200,6261,West Virginia,42028,37828,2001.0
31930,6919,31828,December,659,7680,West Virginia,38849,39508,2001.0
32033,7452,33365,March,1386,7506,West Virginia,39485,40871,2002.0
33881,6863,30913,June,-3657,6174,West Virginia,40744,37087,2002.0
32212,6029,32497,September,574,6318,West Virginia,38241,38815,2002.0
32737,7355,30674,December,-3175,6243,West Virginia,40092,36917,2002.0
31863,6312,29120,March,-2226,6829,West Virginia,38175,35949,2003.0
30716,6714,30613,June,829,7646,West Virginia,37430,38259,2003.0
31912,6664,30726,September,-952,6898,West Virginia,38576,37624,2003.0
30717,5810,31741,December,2583,7369,West Virginia,36527,39110,2003.0
29893,5975,33551,March,5008,7325,West Virginia,35868,40876,2004.0
31974,5912,31640,June,268,6514,West Virginia,37886,38154,2004.0
30211,6627,31705,September,1542,6675,West Virginia,36838,38380,2004.0
30050,6180,32842,December,3989,7377,West Virginia,36230,40219,2004.0
30894,6951,33318,March,2581,7108,West Virginia,37845,40426,2005.0
30604,6737,31759,June,1228,6810,West Virginia,37341,38569,2005.0
30872,5910,31975,September,2193,7000,West Virginia,36782,38975,2005.0
31131,5949,32903,December,3160,7337,West Virginia,37080,40240,2005.0
28732,7557,35787,March,7636,8138,West Virginia,36289,43925,2006.0
33534,5570,31727,June,-703,6674,West Virginia,39104,38401,2006.0
34237,6388,30657,September,-2585,7383,West Virginia,40625,38040,2006.0
30830,6353,33091,December,3152,7244,West Virginia,37183,40335,2006.0
32615,6273,33053,March,1209,7044,West Virginia,38888,40097,2007.0
31801,6050,31597,June,-189,6065,West Virginia,37851,37662,2007.0
32917,6210,29853,September,-2151,7123,West Virginia,39127,36976,2007.0
29680,6633,33907,December,3967,6373,West Virginia,36313,40280,2007.0
32492,5749,31022,March,-163,7056,West Virginia,38241,38078,2008.0
30981,6742,29753,June,-2231,5739,West Virginia,37723,35492,2008.0
30318,6418,32370,September,2060,6426,West Virginia,36736,38796,2008.0
34428,6288,33139,December,-1046,6531,West Virginia,40716,39670,2008.0
37398,6842,27534,March,-10174,6532,West Virginia,44240,34066,2009.0
37279,6699,27684,June,-10817,5477,West Virginia,43978,33161,2009.0
31965,5613,27694,September,-4060,5824,West Virginia,37578,33518,2009.0
28520,6341,32330,December,3200,5731,West Virginia,34861,38061,2009.0
30256,5393,27841,March,-1882,5926,West Virginia,35649,33767,2010.0
28694,7884,31641,June,759,5696,West Virginia,36578,37337,2010.0
28494,5305,30685,September,2729,5843,West Virginia,33799,36528,2010.0
28799,6223,29352,December,-218,5452,West Virginia,35022,34804,2010.0
27595,5193,29628,March,3112,6272,West Virginia,32788,35900,2011.0
27265,5794,29320,June,2700,6439,West Virginia,33059,35759,2011.0
27658,6275,30526,September,3833,7240,West Virginia,33933,37766,2011.0
27471,5637,30789,December,4858,7177,West Virginia,33108,37966,2011.0
29930,5060,34433,March,5786,6343,West Virginia,34990,40776,2012.0
33527,6591,29744,June,-4077,6297,West Virginia,40118,36041,2012.0
32466,6090,30576,September,-2024,5956,West Virginia,38556,36532,2012.0
31217,5643,29621,December,-1011,6228,West Virginia,36860,35849,2012.0
29400,5513,30375,March,1599,6137,West Virginia,34913,36512,2013.0
31312,6096,28764,June,-2680,5964,West Virginia,37408,34728,2013.0
29740,5900,28632,September,-1758,5250,West Virginia,35640,33882,2013.0
30306,5817,30575,December,54,5602,West Virginia,36123,36177,2013.0
31215,6370,29545,March,-1441,6599,West Virginia,37585,36144,2014.0
29747,6338,30479,June,1295,6901,West Virginia,36085,37380,2014.0
29387,7483,28825,September,-2120,5925,West Virginia,36870,34750,2014.0
29026,5242,30857,December,2869,6280,West Virginia,34268,37137,2014.0
32522,5818,27089,March,-4461,6790,West Virginia,38340,33879,2015.0
31769,5497,30228,June,-1595,5443,West Virginia,37266,35671,2015.0
31336,6272,27220,September,-5137,5251,West Virginia,37608,32471,2015.0
29046,6325,30238,December,914,6047,West Virginia,35371,36285,2015.0
32745,5340,26854,March,-5751,5480,West Virginia,38085,32334,2016.0
31150,6467,25761,June,-6044,5812,West Virginia,37617,31573,2016.0
28463,6423,28765,September,339,6460,West Virginia,34886,35225,2016.0
27917,5970,27487,December,890,7290,West Virginia,33887,34777,2016.0
28359,6331,28188,March,-625,5877,West Virginia,34690,34065,2017.0
28359,7032,27404,June,-256,7731,West Virginia,35391,35135,2017.0
28460,7338,30954,September,1945,6789,West Virginia,35798,37743,2017.0
27331,5820,27838,December,1096,6409,West Virginia,33151,34247,2017.0
103638,26161,122822,September,17316,24293,Wisconsin,129799,147115,1992.0
107022,24600,112162,December,14543,34003,Wisconsin,131622,146165,1992.0
104671,25792,113534,March,15401,32330,Wisconsin,130463,145864,1993.0
106019,22639,108885,June,3740,23513,Wisconsin,128658,132398,1993.0
99921,23344,122859,September,26234,26640,Wisconsin,123265,149499,1993.0
107397,21495,118093,December,15727,26526,Wisconsin,128892,144619,1993.0
110432,23138,116295,March,20727,38002,Wisconsin,133570,154297,1994.0
109273,23679,116035,June,13740,30657,Wisconsin,132952,146692,1994.0
102429,23235,133323,September,37951,30292,Wisconsin,125664,163615,1994.0
111929,21429,121704,December,14537,26191,Wisconsin,133358,147895,1994.0
114992,24740,126001,March,22550,36281,Wisconsin,139732,162282,1995.0
124318,27808,116411,June,-3123,32592,Wisconsin,152126,149003,1995.0
112895,25187,130911,September,18393,25564,Wisconsin,138082,156475,1995.0
121132,23560,116646,December,-1118,26928,Wisconsin,144692,143574,1995.0
119462,27010,127528,March,18159,37103,Wisconsin,146472,164631,1996.0
123808,23656,115936,June,-409,31119,Wisconsin,147464,147055,1996.0
114524,23270,122899,September,17690,32585,Wisconsin,137794,155484,1996.0
118503,23174,126963,December,18592,33306,Wisconsin,141677,160269,1996.0
126486,25382,120087,March,122,31903,Wisconsin,151868,151990,1997.0
118193,23388,123438,June,16510,34653,Wisconsin,141581,158091,1997.0
121246,25075,129151,September,13312,30482,Wisconsin,146321,159633,1997.0
117092,26777,132032,December,29252,41089,Wisconsin,143869,173121,1997.0
121064,27711,125253,March,2388,25910,Wisconsin,148775,151163,1998.0
120370,24196,124361,June,10254,30459,Wisconsin,144566,154820,1998.0
124190,26037,126190,September,10201,34238,Wisconsin,150227,160428,1998.0
117621,22730,134309,December,25766,31808,Wisconsin,140351,166117,1998.0
130489,29689,135078,March,8882,33982,Wisconsin,160178,169060,1999.0
124105,22068,129222,June,17253,34204,Wisconsin,146173,163426,1999.0
125350,25384,132415,September,8191,26510,Wisconsin,150734,158925,1999.0
124086,22396,139904,December,19434,26012,Wisconsin,146482,165916,1999.0
124151,21748,142357,March,21750,25292,Wisconsin,145899,167649,2000.0
136613,25855,127543,June,-8548,26377,Wisconsin,162468,153920,2000.0
130395,24777,131294,September,426,24304,Wisconsin,155172,155598,2000.0
133960,23994,126682,December,-8839,22433,Wisconsin,157954,149115,2000.0
131557,32576,132649,March,-4550,26934,Wisconsin,164133,159583,2001.0
148269,28058,122134,June,-28580,25613,Wisconsin,176327,147747,2001.0
133044,25584,116131,September,-14990,27507,Wisconsin,158628,143638,2001.0
133954,24006,114048,December,-19504,24408,Wisconsin,157960,138456,2001.0
128872,24954,126568,March,3719,30977,Wisconsin,153826,157545,2002.0
125783,29491,125428,June,-3084,26762,Wisconsin,155274,152190,2002.0
123954,21131,118503,September,-522,26060,Wisconsin,145085,144563,2002.0
121370,23085,120761,December,523,24217,Wisconsin,144455,144978,2002.0
125811,23611,114956,March,-10672,23794,Wisconsin,149422,138750,2003.0
120097,20124,118888,June,3114,24447,Wisconsin,140221,143335,2003.0
116634,22272,120056,September,6742,25592,Wisconsin,138906,145648,2003.0
119133,19265,119002,December,5868,25264,Wisconsin,138398,144266,2003.0
115027,23182,116868,March,2087,23428,Wisconsin,138209,140296,2004.0
115031,23028,123513,June,11054,25600,Wisconsin,138059,149113,2004.0
112459,23806,122515,September,12077,25827,Wisconsin,136265,148342,2004.0
113758,20007,119609,December,13014,27170,Wisconsin,133765,146779,2004.0
112776,20369,113351,March,3253,23047,Wisconsin,133145,136398,2005.0
121466,25125,120136,June,-3562,22893,Wisconsin,146591,143029,2005.0
114033,21314,123545,September,15492,27294,Wisconsin,135347,150839,2005.0
120521,22850,118086,December,-254,25031,Wisconsin,143371,143117,2005.0
114552,21834,121698,March,10143,24831,Wisconsin,136386,146529,2006.0
118062,27132,124081,June,3661,24774,Wisconsin,145194,148855,2006.0
119788,24713,114145,September,-597,29759,Wisconsin,144501,143904,2006.0
119726,21731,120305,December,4498,25650,Wisconsin,141457,145955,2006.0
119542,24022,124765,March,5820,24619,Wisconsin,143564,149384,2007.0
114483,22328,122917,June,8657,22551,Wisconsin,136811,145468,2007.0
121525,21958,107582,September,-13111,22790,Wisconsin,143483,130372,2007.0
112299,21960,117042,December,5407,22624,Wisconsin,134259,139666,2007.0
115029,23410,111996,March,-3163,23280,Wisconsin,138439,135276,2008.0
125037,23164,114175,June,-9154,24872,Wisconsin,148201,139047,2008.0
126791,22249,107427,September,-17357,24256,Wisconsin,149040,131683,2008.0
136682,25230,108191,December,-31984,21737,Wisconsin,161912,129928,2008.0
156093,23173,91923,March,-66433,20910,Wisconsin,179266,112833,2009.0
138850,22492,101291,June,-38486,21565,Wisconsin,161342,122856,2009.0
114741,24589,101844,September,-16721,20765,Wisconsin,139330,122609,2009.0
114055,23442,105851,December,-7220,24426,Wisconsin,137497,130277,2009.0
110872,19701,108108,March,-1594,20871,Wisconsin,130573,128979,2010.0
100878,18963,112160,June,13980,21661,Wisconsin,119841,133821,2010.0
100540,21733,112332,September,11049,20990,Wisconsin,122273,133322,2010.0
105811,21994,115176,December,10753,23382,Wisconsin,127805,138558,2010.0
105237,19718,106696,March,3762,22021,Wisconsin,124955,128717,2011.0
102525,18775,111646,June,11827,21481,Wisconsin,121300,133127,2011.0
101276,19311,112744,September,14944,22787,Wisconsin,120587,135531,2011.0
107634,22416,105764,December,-3478,20808,Wisconsin,130050,126572,2011.0
101395,18106,111799,March,16695,24397,Wisconsin,119501,136196,2012.0
102006,18199,110641,June,12582,22146,Wisconsin,120205,132787,2012.0
107762,18553,104631,September,6,21690,Wisconsin,126315,126321,2012.0
102371,19722,110564,December,9921,21450,Wisconsin,122093,132014,2012.0
102773,19124,107025,March,5267,20139,Wisconsin,121897,127164,2013.0
103895,19240,112331,June,12026,22830,Wisconsin,123135,135161,2013.0
109403,16387,108185,September,4605,22210,Wisconsin,125790,130395,2013.0
103249,19111,114001,December,9434,17793,Wisconsin,122360,131794,2013.0
105075,17651,105343,March,1601,18984,Wisconsin,122726,124327,2014.0
101806,17406,117046,June,19469,21635,Wisconsin,119212,138681,2014.0
112483,19363,111970,September,-1739,18137,Wisconsin,131846,130107,2014.0
102333,20870,116203,December,13641,20641,Wisconsin,123203,136844,2014.0
107220,16394,111272,March,7952,20294,Wisconsin,123614,131566,2015.0
108381,17025,115753,June,11789,21442,Wisconsin,125406,137195,2015.0
115923,18614,112241,September,-749,21547,Wisconsin,134537,133788,2015.0
105540,20354,117570,December,19646,27970,Wisconsin,125894,145540,2015.0
110526,16983,117430,March,9993,20072,Wisconsin,127509,137502,2016.0
119877,19371,117041,June,-972,21235,Wisconsin,139248,138276,2016.0
116020,18820,111232,September,-854,22754,Wisconsin,134840,133986,2016.0
110880,20410,113086,December,2762,20966,Wisconsin,131290,134052,2016.0
102156,14677,122029,March,27098,21902,Wisconsin,116833,143931,2017.0
119659,16775,119234,June,3246,20446,Wisconsin,136434,139680,2017.0
122216,18091,105186,September,-17915,17206,Wisconsin,140307,122392,2017.0
102966,18603,117279,December,15013,19303,Wisconsin,121569,136582,2017.0
103638,26161,122822,September,17316,24293,Wisconsin,129799,147115,1992.0
107022,24600,112162,December,14543,34003,Wisconsin,131622,146165,1992.0
104671,25792,113534,March,15401,32330,Wisconsin,130463,145864,1993.0
106019,22639,108885,June,3740,23513,Wisconsin,128658,132398,1993.0
99921,23344,122859,September,26234,26640,Wisconsin,123265,149499,1993.0
107397,21495,118093,December,15727,26526,Wisconsin,128892,144619,1993.0
110432,23138,116295,March,20727,38002,Wisconsin,133570,154297,1994.0
109273,23679,116035,June,13740,30657,Wisconsin,132952,146692,1994.0
102429,23235,133323,September,37951,30292,Wisconsin,125664,163615,1994.0
111929,21429,121704,December,14537,26191,Wisconsin,133358,147895,1994.0
114992,24740,126001,March,22550,36281,Wisconsin,139732,162282,1995.0
124318,27808,116411,June,-3123,32592,Wisconsin,152126,149003,1995.0
112895,25187,130911,September,18393,25564,Wisconsin,138082,156475,1995.0
121132,23560,116646,December,-1118,26928,Wisconsin,144692,143574,1995.0
119462,27010,127528,March,18159,37103,Wisconsin,146472,164631,1996.0
123808,23656,115936,June,-409,31119,Wisconsin,147464,147055,1996.0
114524,23270,122899,September,17690,32585,Wisconsin,137794,155484,1996.0
118503,23174,126963,December,18592,33306,Wisconsin,141677,160269,1996.0
126486,25382,120087,March,122,31903,Wisconsin,151868,151990,1997.0
118193,23388,123438,June,16510,34653,Wisconsin,141581,158091,1997.0
121246,25075,129151,September,13312,30482,Wisconsin,146321,159633,1997.0
117092,26777,132032,December,29252,41089,Wisconsin,143869,173121,1997.0
121064,27711,125253,March,2388,25910,Wisconsin,148775,151163,1998.0
120370,24196,124361,June,10254,30459,Wisconsin,144566,154820,1998.0
124190,26037,126190,September,10201,34238,Wisconsin,150227,160428,1998.0
117621,22730,134309,December,25766,31808,Wisconsin,140351,166117,1998.0
130489,29689,135078,March,8882,33982,Wisconsin,160178,169060,1999.0
124105,22068,129222,June,17253,34204,Wisconsin,146173,163426,1999.0
125350,25384,132415,September,8191,26510,Wisconsin,150734,158925,1999.0
124086,22396,139904,December,19434,26012,Wisconsin,146482,165916,1999.0
124151,21748,142357,March,21750,25292,Wisconsin,145899,167649,2000.0
136613,25855,127543,June,-8548,26377,Wisconsin,162468,153920,2000.0
130395,24777,131294,September,426,24304,Wisconsin,155172,155598,2000.0
133960,23994,126682,December,-8839,22433,Wisconsin,157954,149115,2000.0
131557,32576,132649,March,-4550,26934,Wisconsin,164133,159583,2001.0
148269,28058,122134,June,-28580,25613,Wisconsin,176327,147747,2001.0
133044,25584,116131,September,-14990,27507,Wisconsin,158628,143638,2001.0
133954,24006,114048,December,-19504,24408,Wisconsin,157960,138456,2001.0
128872,24954,126568,March,3719,30977,Wisconsin,153826,157545,2002.0
125783,29491,125428,June,-3084,26762,Wisconsin,155274,152190,2002.0
123954,21131,118503,September,-522,26060,Wisconsin,145085,144563,2002.0
121370,23085,120761,December,523,24217,Wisconsin,144455,144978,2002.0
125811,23611,114956,March,-10672,23794,Wisconsin,149422,138750,2003.0
120097,20124,118888,June,3114,24447,Wisconsin,140221,143335,2003.0
116634,22272,120056,September,6742,25592,Wisconsin,138906,145648,2003.0
119133,19265,119002,December,5868,25264,Wisconsin,138398,144266,2003.0
115027,23182,116868,March,2087,23428,Wisconsin,138209,140296,2004.0
115031,23028,123513,June,11054,25600,Wisconsin,138059,149113,2004.0
112459,23806,122515,September,12077,25827,Wisconsin,136265,148342,2004.0
113758,20007,119609,December,13014,27170,Wisconsin,133765,146779,2004.0
112776,20369,113351,March,3253,23047,Wisconsin,133145,136398,2005.0
121466,25125,120136,June,-3562,22893,Wisconsin,146591,143029,2005.0
114033,21314,123545,September,15492,27294,Wisconsin,135347,150839,2005.0
120521,22850,118086,December,-254,25031,Wisconsin,143371,143117,2005.0
114552,21834,121698,March,10143,24831,Wisconsin,136386,146529,2006.0
118062,27132,124081,June,3661,24774,Wisconsin,145194,148855,2006.0
119788,24713,114145,September,-597,29759,Wisconsin,144501,143904,2006.0
119726,21731,120305,December,4498,25650,Wisconsin,141457,145955,2006.0
119542,24022,124765,March,5820,24619,Wisconsin,143564,149384,2007.0
114483,22328,122917,June,8657,22551,Wisconsin,136811,145468,2007.0
121525,21958,107582,September,-13111,22790,Wisconsin,143483,130372,2007.0
112299,21960,117042,December,5407,22624,Wisconsin,134259,139666,2007.0
115029,23410,111996,March,-3163,23280,Wisconsin,138439,135276,2008.0
125037,23164,114175,June,-9154,24872,Wisconsin,148201,139047,2008.0
126791,22249,107427,September,-17357,24256,Wisconsin,149040,131683,2008.0
136682,25230,108191,December,-31984,21737,Wisconsin,161912,129928,2008.0
156093,23173,91923,March,-66433,20910,Wisconsin,179266,112833,2009.0
138850,22492,101291,June,-38486,21565,Wisconsin,161342,122856,2009.0
114741,24589,101844,September,-16721,20765,Wisconsin,139330,122609,2009.0
114055,23442,105851,December,-7220,24426,Wisconsin,137497,130277,2009.0
110872,19701,108108,March,-1594,20871,Wisconsin,130573,128979,2010.0
100878,18963,112160,June,13980,21661,Wisconsin,119841,133821,2010.0
100540,21733,112332,September,11049,20990,Wisconsin,122273,133322,2010.0
105811,21994,115176,December,10753,23382,Wisconsin,127805,138558,2010.0
105237,19718,106696,March,3762,22021,Wisconsin,124955,128717,2011.0
102525,18775,111646,June,11827,21481,Wisconsin,121300,133127,2011.0
101276,19311,112744,September,14944,22787,Wisconsin,120587,135531,2011.0
107634,22416,105764,December,-3478,20808,Wisconsin,130050,126572,2011.0
101395,18106,111799,March,16695,24397,Wisconsin,119501,136196,2012.0
102006,18199,110641,June,12582,22146,Wisconsin,120205,132787,2012.0
107762,18553,104631,September,6,21690,Wisconsin,126315,126321,2012.0
102371,19722,110564,December,9921,21450,Wisconsin,122093,132014,2012.0
102773,19124,107025,March,5267,20139,Wisconsin,121897,127164,2013.0
103895,19240,112331,June,12026,22830,Wisconsin,123135,135161,2013.0
109403,16387,108185,September,4605,22210,Wisconsin,125790,130395,2013.0
103249,19111,114001,December,9434,17793,Wisconsin,122360,131794,2013.0
105075,17651,105343,March,1601,18984,Wisconsin,122726,124327,2014.0
101806,17406,117046,June,19469,21635,Wisconsin,119212,138681,2014.0
112483,19363,111970,September,-1739,18137,Wisconsin,131846,130107,2014.0
102333,20870,116203,December,13641,20641,Wisconsin,123203,136844,2014.0
107220,16394,111272,March,7952,20294,Wisconsin,123614,131566,2015.0
108381,17025,115753,June,11789,21442,Wisconsin,125406,137195,2015.0
115923,18614,112241,September,-749,21547,Wisconsin,134537,133788,2015.0
105540,20354,117570,December,19646,27970,Wisconsin,125894,145540,2015.0
110526,16983,117430,March,9993,20072,Wisconsin,127509,137502,2016.0
119877,19371,117041,June,-972,21235,Wisconsin,139248,138276,2016.0
116020,18820,111232,September,-854,22754,Wisconsin,134840,133986,2016.0
110880,20410,113086,December,2762,20966,Wisconsin,131290,134052,2016.0
102156,14677,122029,March,27098,21902,Wisconsin,116833,143931,2017.0
119659,16775,119234,June,3246,20446,Wisconsin,136434,139680,2017.0
122216,18091,105186,September,-17915,17206,Wisconsin,140307,122392,2017.0
102966,18603,117279,December,15013,19303,Wisconsin,121569,136582,2017.0
12987,3442,12987,September,1266,4708,Wyoming,16429,17695,1992.0
12847,4383,12018,December,-1070,4142,Wyoming,17230,16160,1992.0
13057,3015,11028,March,-863,4181,Wyoming,16072,15209,1993.0
10273,2383,14102,June,5645,4199,Wyoming,12656,18301,1993.0
13204,3253,14245,September,2169,4381,Wyoming,16457,18626,1993.0
13805,3022,12866,December,-820,3141,Wyoming,16827,16007,1993.0
13346,3026,12118,March,218,4472,Wyoming,16372,16590,1994.0
11659,3381,14205,June,3976,4811,Wyoming,15040,19016,1994.0
13645,2926,15182,September,1770,3159,Wyoming,16571,18341,1994.0
14223,3751,12659,December,-1681,3634,Wyoming,17974,16293,1994.0
14362,2580,13363,March,-266,3313,Wyoming,16942,16676,1995.0
12289,3206,14098,June,2844,4241,Wyoming,15495,18339,1995.0
13510,3169,14422,September,1205,3462,Wyoming,16679,17884,1995.0
14954,3434,12046,December,-2801,3541,Wyoming,18388,15587,1995.0
14594,2837,12389,March,-1457,3585,Wyoming,17431,15974,1996.0
12223,3206,13961,June,2709,4177,Wyoming,15429,18138,1996.0
14020,3098,14179,September,2032,4971,Wyoming,17118,19150,1996.0
14515,3527,13044,December,-1211,3787,Wyoming,18042,16831,1996.0
14129,2876,13661,March,169,3513,Wyoming,17005,17174,1997.0
12310,2837,14245,June,3063,3965,Wyoming,15147,18210,1997.0
13706,3318,14498,September,1279,3805,Wyoming,17024,18303,1997.0
14499,3410,13427,December,-165,4317,Wyoming,17909,17744,1997.0
14379,3907,13187,March,-607,4492,Wyoming,18286,17679,1998.0
12641,3568,15174,June,2928,3963,Wyoming,16209,19137,1998.0
14445,3053,13470,September,-792,3236,Wyoming,17498,16706,1998.0
13770,3157,13995,December,330,3262,Wyoming,16927,17257,1998.0
13713,3175,15219,March,2304,3973,Wyoming,16888,19192,1999.0
13366,3822,14790,June,1326,3724,Wyoming,17188,18514,1999.0
14297,3035,15127,September,1308,3513,Wyoming,17332,18640,1999.0
14439,2907,14959,December,1610,3997,Wyoming,17346,18956,1999.0
14017,3229,16780,March,2958,3424,Wyoming,17246,20204,2000.0
14441,3399,14634,June,224,3430,Wyoming,17840,18064,2000.0
15924,3037,15189,September,-364,3408,Wyoming,18961,18597,2000.0
14538,2989,15509,December,1680,3698,Wyoming,17527,19207,2000.0
13629,3718,17553,March,4482,4276,Wyoming,17347,21829,2001.0
14826,3237,15639,June,1296,3720,Wyoming,18063,19359,2001.0
15846,3395,14260,September,-1159,3822,Wyoming,19241,18082,2001.0
14447,3158,14864,December,1017,3758,Wyoming,17605,18622,2001.0
14709,4253,15536,March,275,3701,Wyoming,18962,19237,2002.0
15582,2952,14933,June,-215,3386,Wyoming,18534,18319,2002.0
15066,2765,13860,September,-345,3626,Wyoming,17831,17486,2002.0
15381,2810,14580,December,-558,3053,Wyoming,18191,17633,2002.0
14486,2636,14042,March,-517,2563,Wyoming,17122,16605,2003.0
13469,2984,15240,June,2151,3364,Wyoming,16453,18604,2003.0
14312,2516,15451,September,1849,3226,Wyoming,16828,18677,2003.0
14321,3659,15450,December,781,3311,Wyoming,17980,18761,2003.0
14032,2793,15142,March,1753,3436,Wyoming,16825,18578,2004.0
14488,3561,15305,June,419,3163,Wyoming,18049,18468,2004.0
15332,3059,13928,September,-996,3467,Wyoming,18391,17395,2004.0
14056,2569,15655,December,2930,3900,Wyoming,16625,19555,2004.0
13664,2984,16398,March,3478,3728,Wyoming,16648,20126,2005.0
14598,2684,15460,June,1480,3302,Wyoming,17282,18762,2005.0
14377,2657,14922,September,1475,3587,Wyoming,17034,18509,2005.0
14099,2750,17068,December,4272,4053,Wyoming,16849,21121,2005.0
13859,2691,18743,March,6216,4023,Wyoming,16550,22766,2006.0
15729,2774,16538,June,1599,3564,Wyoming,18503,20102,2006.0
16893,3099,16318,September,586,4260,Wyoming,19992,20578,2006.0
14224,2572,19319,December,6016,3493,Wyoming,16796,22812,2006.0
15527,2758,19256,March,4670,3699,Wyoming,18285,22955,2007.0
18481,3627,15894,June,-2509,3705,Wyoming,22108,19599,2007.0
17120,3330,17692,September,803,3561,Wyoming,20450,21253,2007.0
15256,2907,20313,December,5976,3826,Wyoming,18163,24139,2007.0
16433,3193,20067,March,4611,4170,Wyoming,19626,24237,2008.0
20624,3520,16640,June,-4128,3376,Wyoming,24144,20016,2008.0
16243,3071,16925,September,1761,4150,Wyoming,19314,21075,2008.0
16852,3631,16539,December,-842,3102,Wyoming,20483,19641,2008.0
21742,3613,14945,March,-6626,3784,Wyoming,25355,18729,2009.0
22252,3045,12940,June,-9388,2969,Wyoming,25297,15909,2009.0
14961,3344,14183,September,-1136,2986,Wyoming,18305,17169,2009.0
15956,2790,12943,December,-2575,3228,Wyoming,18746,16171,2009.0
15421,2949,13845,March,-545,3980,Wyoming,18370,17825,2010.0
15410,2892,14490,June,-641,3171,Wyoming,18302,17661,2010.0
13411,3112,16348,September,3908,4083,Wyoming,16523,20431,2010.0
15398,3095,15967,December,599,3125,Wyoming,18493,19092,2010.0
15036,2681,13801,March,-852,3064,Wyoming,17717,16865,2011.0
15424,2657,14786,June,-80,3215,Wyoming,18081,18001,2011.0
12730,2794,16505,September,4995,4014,Wyoming,15524,20519,2011.0
14926,2684,16401,December,2068,3277,Wyoming,17610,19678,2011.0
15407,3293,15410,March,-277,3013,Wyoming,18700,18423,2012.0
16087,2732,14336,June,-1273,3210,Wyoming,18819,17546,2012.0
15035,3364,15168,September,-96,3135,Wyoming,18399,18303,2012.0
14901,2910,16037,December,2222,3996,Wyoming,17811,20033,2012.0
15475,3253,15331,March,26,3423,Wyoming,18728,18754,2013.0
16460,2819,14884,June,-956,3439,Wyoming,19279,18323,2013.0
14361,3106,14670,September,317,3114,Wyoming,17467,17784,2013.0
14594,2697,16136,December,2663,3818,Wyoming,17291,19954,2013.0
15044,2524,15356,March,988,3200,Wyoming,17568,18556,2014.0
15223,2565,15829,June,1354,3313,Wyoming,17788,19142,2014.0
15692,2770,14910,September,-254,3298,Wyoming,18462,18208,2014.0
14999,2724,16423,December,2372,3672,Wyoming,17723,20095,2014.0
16265,3571,15680,March,197,4353,Wyoming,19836,20033,2015.0
20315,3284,13911,June,-6443,3245,Wyoming,23599,17156,2015.0
15338,4289,14627,September,-1701,3299,Wyoming,19627,17926,2015.0
16632,3137,15165,December,-943,3661,Wyoming,19769,18826,2015.0
16933,3051,13735,March,-2955,3294,Wyoming,19984,17029,2016.0
18493,3255,13039,June,-5788,2921,Wyoming,21748,15960,2016.0
15016,2926,13526,September,-795,3621,Wyoming,17942,17147,2016.0
14775,2917,14607,December,248,3333,Wyoming,17692,17940,2016.0
13784,2700,14676,March,1353,3161,Wyoming,16484,17837,2017.0
15908,2470,14275,June,-1034,3069,Wyoming,18378,17344,2017.0
13384,2644,14148,September,1488,3368,Wyoming,16028,17516,2017.0
14187,2962,15093,December,799,2855,Wyoming,17149,17948,2017.0
12987,3442,12987,September,1266,4708,Wyoming,16429,17695,1992.0
12847,4383,12018,December,-1070,4142,Wyoming,17230,16160,1992.0
13057,3015,11028,March,-863,4181,Wyoming,16072,15209,1993.0
10273,2383,14102,June,5645,4199,Wyoming,12656,18301,1993.0
13204,3253,14245,September,2169,4381,Wyoming,16457,18626,1993.0
13805,3022,12866,December,-820,3141,Wyoming,16827,16007,1993.0
13346,3026,12118,March,218,4472,Wyoming,16372,16590,1994.0
11659,3381,14205,June,3976,4811,Wyoming,15040,19016,1994.0
13645,2926,15182,September,1770,3159,Wyoming,16571,18341,1994.0
14223,3751,12659,December,-1681,3634,Wyoming,17974,16293,1994.0
14362,2580,13363,March,-266,3313,Wyoming,16942,16676,1995.0
12289,3206,14098,June,2844,4241,Wyoming,15495,18339,1995.0
13510,3169,14422,September,1205,3462,Wyoming,16679,17884,1995.0
14954,3434,12046,December,-2801,3541,Wyoming,18388,15587,1995.0
14594,2837,12389,March,-1457,3585,Wyoming,17431,15974,1996.0
12223,3206,13961,June,2709,4177,Wyoming,15429,18138,1996.0
14020,3098,14179,September,2032,4971,Wyoming,17118,19150,1996.0
14515,3527,13044,December,-1211,3787,Wyoming,18042,16831,1996.0
14129,2876,13661,March,169,3513,Wyoming,17005,17174,1997.0
12310,2837,14245,June,3063,3965,Wyoming,15147,18210,1997.0
13706,3318,14498,September,1279,3805,Wyoming,17024,18303,1997.0
14499,3410,13427,December,-165,4317,Wyoming,17909,17744,1997.0
14379,3907,13187,March,-607,4492,Wyoming,18286,17679,1998.0
12641,3568,15174,June,2928,3963,Wyoming,16209,19137,1998.0
14445,3053,13470,September,-792,3236,Wyoming,17498,16706,1998.0
13770,3157,13995,December,330,3262,Wyoming,16927,17257,1998.0
13713,3175,15219,March,2304,3973,Wyoming,16888,19192,1999.0
13366,3822,14790,June,1326,3724,Wyoming,17188,18514,1999.0
14297,3035,15127,September,1308,3513,Wyoming,17332,18640,1999.0
14439,2907,14959,December,1610,3997,Wyoming,17346,18956,1999.0
14017,3229,16780,March,2958,3424,Wyoming,17246,20204,2000.0
14441,3399,14634,June,224,3430,Wyoming,17840,18064,2000.0
15924,3037,15189,September,-364,3408,Wyoming,18961,18597,2000.0
14538,2989,15509,December,1680,3698,Wyoming,17527,19207,2000.0
13629,3718,17553,March,4482,4276,Wyoming,17347,21829,2001.0
14826,3237,15639,June,1296,3720,Wyoming,18063,19359,2001.0
15846,3395,14260,September,-1159,3822,Wyoming,19241,18082,2001.0
14447,3158,14864,December,1017,3758,Wyoming,17605,18622,2001.0
14709,4253,15536,March,275,3701,Wyoming,18962,19237,2002.0
15582,2952,14933,June,-215,3386,Wyoming,18534,18319,2002.0
15066,2765,13860,September,-345,3626,Wyoming,17831,17486,2002.0
15381,2810,14580,December,-558,3053,Wyoming,18191,17633,2002.0
14486,2636,14042,March,-517,2563,Wyoming,17122,16605,2003.0
13469,2984,15240,June,2151,3364,Wyoming,16453,18604,2003.0
14312,2516,15451,September,1849,3226,Wyoming,16828,18677,2003.0
14321,3659,15450,December,781,3311,Wyoming,17980,18761,2003.0
14032,2793,15142,March,1753,3436,Wyoming,16825,18578,2004.0
14488,3561,15305,June,419,3163,Wyoming,18049,18468,2004.0
15332,3059,13928,September,-996,3467,Wyoming,18391,17395,2004.0
14056,2569,15655,December,2930,3900,Wyoming,16625,19555,2004.0
13664,2984,16398,March,3478,3728,Wyoming,16648,20126,2005.0
14598,2684,15460,June,1480,3302,Wyoming,17282,18762,2005.0
14377,2657,14922,September,1475,3587,Wyoming,17034,18509,2005.0
14099,2750,17068,December,4272,4053,Wyoming,16849,21121,2005.0
13859,2691,18743,March,6216,4023,Wyoming,16550,22766,2006.0
15729,2774,16538,June,1599,3564,Wyoming,18503,20102,2006.0
16893,3099,16318,September,586,4260,Wyoming,19992,20578,2006.0
14224,2572,19319,December,6016,3493,Wyoming,16796,22812,2006.0
15527,2758,19256,March,4670,3699,Wyoming,18285,22955,2007.0
18481,3627,15894,June,-2509,3705,Wyoming,22108,19599,2007.0
17120,3330,17692,September,803,3561,Wyoming,20450,21253,2007.0
15256,2907,20313,December,5976,3826,Wyoming,18163,24139,2007.0
16433,3193,20067,March,4611,4170,Wyoming,19626,24237,2008.0
20624,3520,16640,June,-4128,3376,Wyoming,24144,20016,2008.0
16243,3071,16925,September,1761,4150,Wyoming,19314,21075,2008.0
16852,3631,16539,December,-842,3102,Wyoming,20483,19641,2008.0
21742,3613,14945,March,-6626,3784,Wyoming,25355,18729,2009.0
22252,3045,12940,June,-9388,2969,Wyoming,25297,15909,2009.0
14961,3344,14183,September,-1136,2986,Wyoming,18305,17169,2009.0
15956,2790,12943,December,-2575,3228,Wyoming,18746,16171,2009.0
15421,2949,13845,March,-545,3980,Wyoming,18370,17825,2010.0
15410,2892,14490,June,-641,3171,Wyoming,18302,17661,2010.0
13411,3112,16348,September,3908,4083,Wyoming,16523,20431,2010.0
15398,3095,15967,December,599,3125,Wyoming,18493,19092,2010.0
15036,2681,13801,March,-852,3064,Wyoming,17717,16865,2011.0
15424,2657,14786,June,-80,3215,Wyoming,18081,18001,2011.0
12730,2794,16505,September,4995,4014,Wyoming,15524,20519,2011.0
14926,2684,16401,December,2068,3277,Wyoming,17610,19678,2011.0
15407,3293,15410,March,-277,3013,Wyoming,18700,18423,2012.0
16087,2732,14336,June,-1273,3210,Wyoming,18819,17546,2012.0
15035,3364,15168,September,-96,3135,Wyoming,18399,18303,2012.0
14901,2910,16037,December,2222,3996,Wyoming,17811,20033,2012.0
15475,3253,15331,March,26,3423,Wyoming,18728,18754,2013.0
16460,2819,14884,June,-956,3439,Wyoming,19279,18323,2013.0
14361,3106,14670,September,317,3114,Wyoming,17467,17784,2013.0
14594,2697,16136,December,2663,3818,Wyoming,17291,19954,2013.0
15044,2524,15356,March,988,3200,Wyoming,17568,18556,2014.0
15223,2565,15829,June,1354,3313,Wyoming,17788,19142,2014.0
15692,2770,14910,September,-254,3298,Wyoming,18462,18208,2014.0
14999,2724,16423,December,2372,3672,Wyoming,17723,20095,2014.0
16265,3571,15680,March,197,4353,Wyoming,19836,20033,2015.0
20315,3284,13911,June,-6443,3245,Wyoming,23599,17156,2015.0
15338,4289,14627,September,-1701,3299,Wyoming,19627,17926,2015.0
16632,3137,15165,December,-943,3661,Wyoming,19769,18826,2015.0
16933,3051,13735,March,-2955,3294,Wyoming,19984,17029,2016.0
18493,3255,13039,June,-5788,2921,Wyoming,21748,15960,2016.0
15016,2926,13526,September,-795,3621,Wyoming,17942,17147,2016.0
14775,2917,14607,December,248,3333,Wyoming,17692,17940,2016.0
13784,2700,14676,March,1353,3161,Wyoming,16484,17837,2017.0
15908,2470,14275,June,-1034,3069,Wyoming,18378,17344,2017.0
13384,2644,14148,September,1488,3368,Wyoming,16028,17516,2017.0
14187,2962,15093,December,799,2855,Wyoming,17149,17948,2017.0
